Default schedule
Rate	100.00
Rate Tried	% Accepted	Rates - Dev	Rates - Tried	Rates - Accepted	Sample Ave Acceptance	Total Ave Acceptance	
1000	0.258000	1.323665	1000	0.258000	0.258000	0.235160	
1000	0.262000	1.323665	1000	0.262000	0.262000	0.237397	
1000	0.270000	1.323665	1000	0.270000	0.270000	0.239905	
1000	0.247000	1.323665	1000	0.247000	0.247000	0.240411	
1000	0.260000	1.323665	1000	0.260000	0.260000	0.241717	
1000	0.267000	1.323665	1000	0.267000	0.267000	0.243297	
1000	0.258000	1.323665	1000	0.258000	0.258000	0.244162	
1000	0.244000	1.323665	1000	0.244000	0.244000	0.244153	
1000	0.259000	1.323665	1000	0.259000	0.259000	0.244934	
1000	0.268000	1.323665	1000	0.268000	0.268000	0.246088	
1000	0.251000	1.323665	1000	0.251000	0.251000	0.246322	
1000	0.250000	1.323665	1000	0.250000	0.250000	0.246489	
1000	0.265000	1.323665	1000	0.265000	0.265000	0.247294	
1000	0.253000	1.323665	1000	0.253000	0.253000	0.247531	
1000	0.267000	1.323665	1000	0.267000	0.267000	0.248310	
1000	0.269000	1.323665	1000	0.269000	0.269000	0.249106	
1000	0.250000	1.323665	1000	0.250000	0.250000	0.249139	
1000	0.267000	1.323665	1000	0.267000	0.267000	0.249777	
1000	0.264000	1.323665	1000	0.264000	0.264000	0.250267	
1000	0.258000	1.323665	1000	0.258000	0.258000	0.250525	
1000	0.256000	1.323665	1000	0.256000	0.256000	0.250702	
1000	0.276000	1.323665	1000	0.276000	0.276000	0.251492	
1000	0.225000	1.323665	1000	0.225000	0.225000	0.250689	
1000	0.263000	1.323665	1000	0.263000	0.263000	0.251051	
1000	0.276000	1.323665	1000	0.276000	0.276000	0.251764	
1000	0.289000	1.323665	1000	0.289000	0.289000	0.252799	
1000	0.257000	1.323665	1000	0.257000	0.257000	0.252912	
1000	0.236000	1.323665	1000	0.236000	0.236000	0.252467	
1000	0.266000	1.323665	1000	0.266000	0.266000	0.252814	
1000	0.259000	1.323665	1000	0.259000	0.259000	0.252969	
1000	0.269000	1.323665	1000	0.269000	0.269000	0.253360	
1000	0.254000	1.323665	1000	0.254000	0.254000	0.253375	
1000	0.248000	1.323665	1000	0.248000	0.248000	0.253250	
1000	0.279000	1.323665	1000	0.279000	0.279000	0.253835	
1000	0.265000	1.323665	1000	0.265000	0.265000	0.254083	
1000	0.279000	1.323665	1000	0.279000	0.279000	0.254625	
1000	0.252000	1.323665	1000	0.252000	0.252000	0.254569	
1000	0.244000	1.323665	1000	0.244000	0.244000	0.254349	
1000	0.267000	1.323665	1000	0.267000	0.267000	0.254607	
1000	0.260000	1.323665	1000	0.260000	0.260000	0.254715	
1000	0.264000	1.323665	1000	0.264000	0.264000	0.254897	
1000	0.280000	1.323665	1000	0.280000	0.280000	0.255380	
1000	0.264000	1.323665	1000	0.264000	0.264000	0.255542	
1000	0.259000	1.323665	1000	0.259000	0.259000	0.255606	
1000	0.265000	1.323665	1000	0.265000	0.265000	0.255777	
1000	0.256000	1.323665	1000	0.256000	0.256000	0.255781	
1000	0.260000	1.323665	1000	0.260000	0.260000	0.255855	
1000	0.273000	1.323665	1000	0.273000	0.273000	0.256151	
1000	0.232000	1.323665	1000	0.232000	0.232000	0.255741	
1000	0.266000	1.323665	1000	0.266000	0.266000	0.255912	
1000	0.274000	1.323665	1000	0.274000	0.274000	0.256209	
1000	0.261000	1.323665	1000	0.261000	0.261000	0.256286	
1000	0.244000	1.323665	1000	0.244000	0.244000	0.256091	
1000	0.264000	1.323665	1000	0.264000	0.264000	0.256215	
1000	0.253000	1.323665	1000	0.253000	0.253000	0.256165	
1000	0.243000	1.323665	1000	0.243000	0.243000	0.255966	
1000	0.280000	1.323665	1000	0.280000	0.280000	0.256325	
1000	0.261000	1.323665	1000	0.261000	0.261000	0.256393	
1000	0.239000	1.323665	1000	0.239000	0.239000	0.256141	
1000	0.255000	1.323665	1000	0.255000	0.255000	0.256125	
1000	0.247000	1.323665	1000	0.247000	0.247000	0.255996	
1000	0.254000	1.323665	1000	0.254000	0.254000	0.255969	
1000	0.259000	1.323665	1000	0.259000	0.259000	0.256010	
1000	0.290000	1.323665	1000	0.290000	0.290000	0.256470	
1000	0.291000	1.323665	1000	0.291000	0.291000	0.256930	
1000	0.246000	1.323665	1000	0.246000	0.246000	0.256786	
1000	0.262000	1.323665	1000	0.262000	0.262000	0.256854	
1000	0.267000	1.323665	1000	0.267000	0.267000	0.256984	
1000	0.287000	1.323665	1000	0.287000	0.287000	0.257364	
1000	0.273000	1.323665	1000	0.273000	0.273000	0.257559	
1000	0.263000	1.323665	1000	0.263000	0.263000	0.257626	
1000	0.284000	1.323665	1000	0.284000	0.284000	0.257948	
1000	0.273000	1.323665	1000	0.273000	0.273000	0.258129	
1000	0.258000	1.323665	1000	0.258000	0.258000	0.258128	
1000	0.254000	1.323665	1000	0.254000	0.254000	0.258079	
1000	0.306000	1.323665	1000	0.306000	0.306000	0.258637	
1000	0.262000	1.323665	1000	0.262000	0.262000	0.258675	
1000	0.266000	1.323665	1000	0.266000	0.266000	0.258758	
1000	0.262000	1.323665	1000	0.262000	0.262000	0.258795	
1000	0.246000	1.323665	1000	0.246000	0.246000	0.258653	
1000	0.248000	1.323665	1000	0.248000	0.248000	0.258536	
1000	0.240000	1.323665	1000	0.240000	0.240000	0.258334	
1000	0.256000	1.323665	1000	0.256000	0.256000	0.258309	
1000	0.249000	1.323665	1000	0.249000	0.249000	0.258210	
1000	0.222000	1.323665	1000	0.222000	0.222000	0.257829	
1000	0.272000	1.323665	1000	0.272000	0.272000	0.257976	
1000	0.260000	1.323665	1000	0.260000	0.260000	0.257997	
1000	0.267000	1.323665	1000	0.267000	0.267000	0.258089	
1000	0.263000	1.323665	1000	0.263000	0.263000	0.258139	
1000	0.225000	1.323665	1000	0.225000	0.225000	0.257807	
1000	0.286000	1.323665	1000	0.286000	0.286000	0.258087	
1000	0.257000	1.323665	1000	0.257000	0.257000	0.258076	
1000	0.248000	1.323665	1000	0.248000	0.248000	0.257978	
1000	0.254000	1.323665	1000	0.254000	0.254000	0.257940	
1000	0.239000	1.323665	1000	0.239000	0.239000	0.257759	
1000	0.283000	1.323665	1000	0.283000	0.283000	0.257998	
1000	0.270000	1.323665	1000	0.270000	0.270000	0.258110	
1000	0.247000	1.323665	1000	0.247000	0.247000	0.258007	
1000	0.267000	1.323665	1000	0.267000	0.267000	0.258089	
1000	0.270000	1.323665	1000	0.270000	0.270000	0.258198	
1000	0.268000	1.323665	1000	0.268000	0.268000	0.258286	
1000	0.272000	1.323665	1000	0.272000	0.272000	0.258408	
1000	0.269000	1.323665	1000	0.269000	0.269000	0.258502	
1000	0.236000	1.323665	1000	0.236000	0.236000	0.258305	
1000	0.264000	1.323665	1000	0.264000	0.264000	0.258354	
1000	0.247000	1.323665	1000	0.247000	0.247000	0.258256	
1000	0.265000	1.323665	1000	0.265000	0.265000	0.258314	
1000	0.252000	1.323665	1000	0.252000	0.252000	0.258261	
1000	0.266000	1.323665	1000	0.266000	0.266000	0.258326	
1000	0.283000	1.323665	1000	0.283000	0.283000	0.258531	
1000	0.293000	1.323665	1000	0.293000	0.293000	0.258816	
1000	0.252000	1.323665	1000	0.252000	0.252000	0.258760	
1000	0.242000	1.323665	1000	0.242000	0.242000	0.258624	
1000	0.294000	1.323665	1000	0.294000	0.294000	0.258909	
1000	0.265000	1.323665	1000	0.265000	0.265000	0.258958	
1000	0.286000	1.323665	1000	0.286000	0.286000	0.259173	
1000	0.256000	1.323665	1000	0.256000	0.256000	0.259148	
1000	0.258000	1.323665	1000	0.258000	0.258000	0.259139	
1000	0.269000	1.323665	1000	0.269000	0.269000	0.259215	
1000	0.257000	1.323665	1000	0.257000	0.257000	0.259198	
1000	0.262000	1.323665	1000	0.262000	0.262000	0.259219	
1000	0.272000	1.323665	1000	0.272000	0.272000	0.259316	
1000	0.227000	1.323665	1000	0.227000	0.227000	0.259073	
1000	0.255000	1.323665	1000	0.255000	0.255000	0.259043	
1000	0.251000	1.323665	1000	0.251000	0.251000	0.258983	
1000	0.262000	1.323665	1000	0.262000	0.262000	0.259005	
1000	0.253000	1.323665	1000	0.253000	0.253000	0.258962	
1000	0.291000	1.323665	1000	0.291000	0.291000	0.259194	
1000	0.288000	1.323665	1000	0.288000	0.288000	0.259401	
1000	0.233000	1.323665	1000	0.233000	0.233000	0.259212	
1000	0.253000	1.323665	1000	0.253000	0.253000	0.259168	
1000	0.264000	1.323665	1000	0.264000	0.264000	0.259202	
1000	0.232000	1.323665	1000	0.232000	0.232000	0.259012	
1000	0.263000	1.323665	1000	0.263000	0.263000	0.259040	
1000	0.270000	1.323665	1000	0.270000	0.270000	0.259115	
1000	0.258000	1.323665	1000	0.258000	0.258000	0.259108	
1000	0.279000	1.323665	1000	0.279000	0.279000	0.259243	
1000	0.264000	1.323665	1000	0.264000	0.264000	0.259275	
1000	0.261000	1.323665	1000	0.261000	0.261000	0.259287	
1000	0.275000	1.323665	1000	0.275000	0.275000	0.259392	
1000	0.254000	1.323665	1000	0.254000	0.254000	0.259356	
1000	0.272000	1.323665	1000	0.272000	0.272000	0.259439	
1000	0.267000	1.323665	1000	0.267000	0.267000	0.259489	
1000	0.276000	1.323665	1000	0.276000	0.276000	0.259596	
1000	0.277000	1.323665	1000	0.277000	0.277000	0.259708	
1000	0.252000	1.323665	1000	0.252000	0.252000	0.259659	
1000	0.272000	1.323665	1000	0.272000	0.272000	0.259737	
1000	0.299000	1.323665	1000	0.299000	0.299000	0.259986	
1000	0.226000	1.323665	1000	0.226000	0.226000	0.259772	
1000	0.233000	1.323665	1000	0.233000	0.233000	0.259605	
1000	0.265000	1.323665	1000	0.265000	0.265000	0.259638	
1000	0.243000	1.323665	1000	0.243000	0.243000	0.259535	
1000	0.248000	1.323665	1000	0.248000	0.248000	0.259465	
1000	0.250000	1.323665	1000	0.250000	0.250000	0.259407	
1000	0.270000	1.323665	1000	0.270000	0.270000	0.259471	
1000	0.270000	1.323665	1000	0.270000	0.270000	0.259535	
1000	0.269000	1.323665	1000	0.269000	0.269000	0.259591	
1000	0.275000	1.323665	1000	0.275000	0.275000	0.259683	
1000	0.277000	1.323665	1000	0.277000	0.277000	0.259785	
1000	0.277000	1.323665	1000	0.277000	0.277000	0.259887	
1000	0.225000	1.323665	1000	0.225000	0.225000	0.259683	
1000	0.243000	1.323665	1000	0.243000	0.243000	0.259586	
1000	0.261000	1.323665	1000	0.261000	0.261000	0.259594	
1000	0.249000	1.323665	1000	0.249000	0.249000	0.259533	
1000	0.253000	1.323665	1000	0.253000	0.253000	0.259496	
1000	0.245000	1.323665	1000	0.245000	0.245000	0.259413	
1000	0.258000	1.323665	1000	0.258000	0.258000	0.259405	
1000	0.244000	1.323665	1000	0.244000	0.244000	0.259319	
1000	0.234000	1.323665	1000	0.234000	0.234000	0.259177	
1000	0.242000	1.323665	1000	0.242000	0.242000	0.259082	
1000	0.228000	1.323665	1000	0.228000	0.228000	0.258910	
1000	0.296000	1.323665	1000	0.296000	0.296000	0.259114	
1000	0.266000	1.323665	1000	0.266000	0.266000	0.259152	
1000	0.244000	1.323665	1000	0.244000	0.244000	0.259069	
1000	0.245000	1.323665	1000	0.245000	0.245000	0.258993	
1000	0.251000	1.323665	1000	0.251000	0.251000	0.258950	
1000	0.244000	1.323665	1000	0.244000	0.244000	0.258870	
1000	0.262000	1.323665	1000	0.262000	0.262000	0.258887	
1000	0.284000	1.323665	1000	0.284000	0.284000	0.259020	
1000	0.254000	1.323665	1000	0.254000	0.254000	0.258993	
1000	0.250000	1.323665	1000	0.250000	0.250000	0.258946	
1000	0.261000	1.323665	1000	0.261000	0.261000	0.258957	
1000	0.258000	1.323665	1000	0.258000	0.258000	0.258952	
1000	0.252000	1.323665	1000	0.252000	0.252000	0.258916	
1000	0.242000	1.323665	1000	0.242000	0.242000	0.258829	
1000	0.268000	1.323665	1000	0.268000	0.268000	0.258876	
1000	0.233000	1.323665	1000	0.233000	0.233000	0.258745	
1000	0.261000	1.323665	1000	0.261000	0.261000	0.258756	
1000	0.265000	1.323665	1000	0.265000	0.265000	0.258788	
1000	0.246000	1.323665	1000	0.246000	0.246000	0.258724	
1000	0.278000	1.323665	1000	0.278000	0.278000	0.258820	
1000	0.273000	1.323665	1000	0.273000	0.273000	0.258890	
1000	0.233000	1.323665	1000	0.233000	0.233000	0.258762	
1000	0.261000	1.323665	1000	0.261000	0.261000	0.258773	
1000	0.250000	1.323665	1000	0.250000	0.250000	0.258730	
1000	0.229000	1.323665	1000	0.229000	0.229000	0.258586	
1000	0.249000	1.323665	1000	0.249000	0.249000	0.258540	
1000	0.232000	1.323665	1000	0.232000	0.232000	0.258412	
1000	0.238000	1.323665	1000	0.238000	0.238000	0.258315	
1000	0.261000	1.323665	1000	0.261000	0.261000	0.258327	
1000	0.261000	1.323665	1000	0.261000	0.261000	0.258340	
1000	0.275000	1.323665	1000	0.275000	0.275000	0.258419	
1000	0.270000	1.323665	1000	0.270000	0.270000	0.258473	
1000	0.266000	1.323665	1000	0.266000	0.266000	0.258508	
1000	0.242000	1.323665	1000	0.242000	0.242000	0.258431	
1000	0.262000	1.323665	1000	0.262000	0.262000	0.258448	
1000	0.269000	1.323665	1000	0.269000	0.269000	0.258497	
1000	0.279000	1.323665	1000	0.279000	0.279000	0.258591	
1000	0.231000	1.323665	1000	0.231000	0.231000	0.258465	
1000	0.314000	1.323665	1000	0.314000	0.314000	0.258717	
1000	0.270000	1.323665	1000	0.270000	0.270000	0.258768	
1000	0.266000	1.323665	1000	0.266000	0.266000	0.258801	
1000	0.265000	1.323665	1000	0.265000	0.265000	0.258828	
1000	0.286000	1.323665	1000	0.286000	0.286000	0.258950	
1000	0.291000	1.323665	1000	0.291000	0.291000	0.259092	
1000	0.261000	1.323665	1000	0.261000	0.261000	0.259101	
1000	0.256000	1.323665	1000	0.256000	0.256000	0.259087	
1000	0.261000	1.323665	1000	0.261000	0.261000	0.259095	
1000	0.281000	1.323665	1000	0.281000	0.281000	0.259191	
1000	0.262000	1.323665	1000	0.262000	0.262000	0.259203	
1000	0.236000	1.323665	1000	0.236000	0.236000	0.259103	
1000	0.257000	1.323665	1000	0.257000	0.257000	0.259094	
1000	0.279000	1.323665	1000	0.279000	0.279000	0.259179	
1000	0.283000	1.323665	1000	0.283000	0.283000	0.259281	
1000	0.262000	1.323665	1000	0.262000	0.262000	0.259293	
1000	0.282000	1.323665	1000	0.282000	0.282000	0.259389	
1000	0.241000	1.323665	1000	0.241000	0.241000	0.259311	
1000	0.265000	1.323665	1000	0.265000	0.265000	0.259335	
1000	0.268000	1.323665	1000	0.268000	0.268000	0.259371	
1000	0.278000	1.323665	1000	0.278000	0.278000	0.259449	
1000	0.265000	1.323665	1000	0.265000	0.265000	0.259472	
1000	0.269000	1.323665	1000	0.269000	0.269000	0.259511	
1000	0.276000	1.323665	1000	0.276000	0.276000	0.259579	
1000	0.269000	1.323665	1000	0.269000	0.269000	0.259618	
1000	0.239000	1.323665	1000	0.239000	0.239000	0.259534	
1000	0.241000	1.323665	1000	0.241000	0.241000	0.259458	
1000	0.239000	1.323665	1000	0.239000	0.239000	0.259375	
1000	0.236000	1.323665	1000	0.236000	0.236000	0.259281	
1000	0.242000	1.323665	1000	0.242000	0.242000	0.259212	
1000	0.263000	1.323665	1000	0.263000	0.263000	0.259227	
1000	0.224000	1.323665	1000	0.224000	0.224000	0.259087	
1000	0.267000	1.323665	1000	0.267000	0.267000	0.259118	
1000	0.255000	1.323665	1000	0.255000	0.255000	0.259102	
1000	0.258000	1.323665	1000	0.258000	0.258000	0.259097	
1000	0.253000	1.323665	1000	0.253000	0.253000	0.259073	
1000	0.268000	1.323665	1000	0.268000	0.268000	0.259108	
1000	0.276000	1.323665	1000	0.276000	0.276000	0.259174	
1000	0.240000	1.323665	1000	0.240000	0.240000	0.259100	
1000	0.293000	1.323665	1000	0.293000	0.293000	0.259231	
1000	0.269000	1.323665	1000	0.269000	0.269000	0.259268	
1000	0.257000	1.323665	1000	0.257000	0.257000	0.259260	
1000	0.267000	1.323665	1000	0.267000	0.267000	0.259289	
1000	0.246000	1.323665	1000	0.246000	0.246000	0.259239	
1000	0.283000	1.323665	1000	0.283000	0.283000	0.259329	
1000	0.272000	1.323665	1000	0.272000	0.272000	0.259376	
1000	0.255000	1.323665	1000	0.255000	0.255000	0.259360	
1000	0.263000	1.323665	1000	0.263000	0.263000	0.259374	
1000	0.251000	1.323665	1000	0.251000	0.251000	0.259342	
1000	0.270000	1.323665	1000	0.270000	0.270000	0.259382	
1000	0.261000	1.323665	1000	0.261000	0.261000	0.259388	
1000	0.290000	1.323665	1000	0.290000	0.290000	0.259501	
1000	0.252000	1.323665	1000	0.252000	0.252000	0.259473	
1000	0.209000	1.323665	1000	0.209000	0.209000	0.259288	
1000	0.273000	1.323665	1000	0.273000	0.273000	0.259338	
1000	0.280000	1.323665	1000	0.280000	0.280000	0.259414	
1000	0.264000	1.323665	1000	0.264000	0.264000	0.259430	
1000	0.249000	1.323665	1000	0.249000	0.249000	0.259393	
1000	0.259000	1.323665	1000	0.259000	0.259000	0.259391	
1000	0.265000	1.323665	1000	0.265000	0.265000	0.259411	
1000	0.268000	1.323665	1000	0.268000	0.268000	0.259442	
1000	0.240000	1.323665	1000	0.240000	0.240000	0.259373	
1000	0.273000	1.323665	1000	0.273000	0.273000	0.259421	
1000	0.255000	1.323665	1000	0.255000	0.255000	0.259405	
1000	0.249000	1.323665	1000	0.249000	0.249000	0.259369	
1000	0.246000	1.323665	1000	0.246000	0.246000	0.259322	
1000	0.237000	1.323665	1000	0.237000	0.237000	0.259244	
1000	0.270000	1.323665	1000	0.270000	0.270000	0.259281	
1000	0.252000	1.323665	1000	0.252000	0.252000	0.259256	
1000	0.260000	1.323665	1000	0.260000	0.260000	0.259259	
1000	0.231000	1.323665	1000	0.231000	0.231000	0.259161	
1000	0.260000	1.323665	1000	0.260000	0.260000	0.259164	
1000	0.240000	1.323665	1000	0.240000	0.240000	0.259098	
1000	0.265000	1.323665	1000	0.265000	0.265000	0.259119	
1000	0.252000	1.323665	1000	0.252000	0.252000	0.259094	
1000	0.243000	1.323665	1000	0.243000	0.243000	0.259040	
1000	0.233000	1.323665	1000	0.233000	0.233000	0.258952	
1000	0.259000	1.323665	1000	0.259000	0.259000	0.258952	
1000	0.246000	1.323665	1000	0.246000	0.246000	0.258909	
1000	0.266000	1.323665	1000	0.266000	0.266000	0.258932	
1000	0.275000	1.323665	1000	0.275000	0.275000	0.258986	
1000	0.263000	1.323665	1000	0.263000	0.263000	0.258999	
1000	0.295000	1.323665	1000	0.295000	0.295000	0.259118	
1000	0.245000	1.323665	1000	0.245000	0.245000	0.259072	
1000	0.287000	1.323665	1000	0.287000	0.287000	0.259164	
1000	0.272000	1.323665	1000	0.272000	0.272000	0.259206	
1000	0.270000	1.323665	1000	0.270000	0.270000	0.259241	
1000	0.293000	1.323665	1000	0.293000	0.293000	0.259351	
1000	0.237000	1.323665	1000	0.237000	0.237000	0.259278	
1000	0.233000	1.323665	1000	0.233000	0.233000	0.259193	
1000	0.243000	1.323665	1000	0.243000	0.243000	0.259141	
1000	0.244000	1.323665	1000	0.244000	0.244000	0.259092	
1000	0.259000	1.323665	1000	0.259000	0.259000	0.259092	
1000	0.246000	1.323665	1000	0.246000	0.246000	0.259050	
1000	0.236000	1.323665	1000	0.236000	0.236000	0.258977	
1000	0.270000	1.323665	1000	0.270000	0.270000	0.259012	
1000	0.216000	1.323665	1000	0.216000	0.216000	0.258876	
1000	0.270000	1.323665	1000	0.270000	0.270000	0.258911	
1000	0.257000	1.323665	1000	0.257000	0.257000	0.258905	
1000	0.236000	1.323665	1000	0.236000	0.236000	0.258833	
1000	0.247000	1.323665	1000	0.247000	0.247000	0.258796	
1000	0.282000	1.323665	1000	0.282000	0.282000	0.258868	
1000	0.270000	1.323665	1000	0.270000	0.270000	0.258903	
1000	0.250000	1.323665	1000	0.250000	0.250000	0.258875	
1000	0.253000	1.323665	1000	0.253000	0.253000	0.258857	
1000	0.272000	1.323665	1000	0.272000	0.272000	0.258898	
1000	0.280000	1.323665	1000	0.280000	0.280000	0.258962	
1000	0.285000	1.323665	1000	0.285000	0.285000	0.259042	
1000	0.239000	1.323665	1000	0.239000	0.239000	0.258981	
1000	0.262000	1.323665	1000	0.262000	0.262000	0.258990	
1000	0.277000	1.323665	1000	0.277000	0.277000	0.259045	
1000	0.284000	1.323665	1000	0.284000	0.284000	0.259120	
1000	0.274000	1.323665	1000	0.274000	0.274000	0.259165	
1000	0.230000	1.323665	1000	0.230000	0.230000	0.259077	
1000	0.251000	1.323665	1000	0.251000	0.251000	0.259053	
1000	0.262000	1.323665	1000	0.262000	0.262000	0.259062	
1000	0.264000	1.323665	1000	0.264000	0.264000	0.259077	
1000	0.237000	1.323665	1000	0.237000	0.237000	0.259011	
1000	0.277000	1.323665	1000	0.277000	0.277000	0.259064	
1000	0.252000	1.323665	1000	0.252000	0.252000	0.259043	
1000	0.242000	1.323665	1000	0.242000	0.242000	0.258993	
1000	0.267000	1.323665	1000	0.267000	0.267000	0.259017	
1000	0.256000	1.323665	1000	0.256000	0.256000	0.259008	
1000	0.243000	1.323665	1000	0.243000	0.243000	0.258961	
1000	0.247000	1.323665	1000	0.247000	0.247000	0.258927	
1000	0.264000	1.323665	1000	0.264000	0.264000	0.258941	
1000	0.257000	1.323665	1000	0.257000	0.257000	0.258936	
1000	0.263000	1.323665	1000	0.263000	0.263000	0.258947	
1000	0.234000	1.323665	1000	0.234000	0.234000	0.258876	
1000	0.240000	1.323665	1000	0.240000	0.240000	0.258822	
1000	0.255000	1.323665	1000	0.255000	0.255000	0.258811	
1000	0.264000	1.323665	1000	0.264000	0.264000	0.258825	
1000	0.257000	1.323665	1000	0.257000	0.257000	0.258820	
1000	0.266000	1.323665	1000	0.266000	0.266000	0.258841	
1000	0.264000	1.323665	1000	0.264000	0.264000	0.258855	
1000	0.226000	1.323665	1000	0.226000	0.226000	0.258763	
1000	0.235000	1.323665	1000	0.235000	0.235000	0.258696	
1000	0.260000	1.323665	1000	0.260000	0.260000	0.258700	
1000	0.264000	1.323665	1000	0.264000	0.264000	0.258714	
1000	0.263000	1.323665	1000	0.263000	0.263000	0.258726	
1000	0.286000	1.323665	1000	0.286000	0.286000	0.258802	
1000	0.277000	1.323665	1000	0.277000	0.277000	0.258852	
1000	0.255000	1.323665	1000	0.255000	0.255000	0.258842	
1000	0.256000	1.323665	1000	0.256000	0.256000	0.258834	
1000	0.280000	1.323665	1000	0.280000	0.280000	0.258892	
1000	0.243000	1.323665	1000	0.243000	0.243000	0.258849	
1000	0.266000	1.323665	1000	0.266000	0.266000	0.258868	
1000	0.272000	1.323665	1000	0.272000	0.272000	0.258904	
1000	0.285000	1.323665	1000	0.285000	0.285000	0.258975	
1000	0.276000	1.323665	1000	0.276000	0.276000	0.259021	
1000	0.233000	1.323665	1000	0.233000	0.233000	0.258951	
1000	0.268000	1.323665	1000	0.268000	0.268000	0.258975	
1000	0.266000	1.323665	1000	0.266000	0.266000	0.258994	
1000	0.259000	1.323665	1000	0.259000	0.259000	0.258994	
1000	0.265000	1.323665	1000	0.265000	0.265000	0.259010	
1000	0.270000	1.323665	1000	0.270000	0.270000	0.259039	
1000	0.282000	1.323665	1000	0.282000	0.282000	0.259100	
1000	0.280000	1.323665	1000	0.280000	0.280000	0.259156	
1000	0.252000	1.323665	1000	0.252000	0.252000	0.259137	
1000	0.261000	1.323665	1000	0.261000	0.261000	0.259142	
1000	0.263000	1.323665	1000	0.263000	0.263000	0.259152	
1000	0.278000	1.323665	1000	0.278000	0.278000	0.259201	
1000	0.274000	1.323665	1000	0.274000	0.274000	0.259240	
1000	0.273000	1.323665	1000	0.273000	0.273000	0.259276	
1000	0.284000	1.323665	1000	0.284000	0.284000	0.259340	
1000	0.271000	1.323665	1000	0.271000	0.271000	0.259371	
1000	0.274000	1.323665	1000	0.274000	0.274000	0.259409	
1000	0.281000	1.323665	1000	0.281000	0.281000	0.259464	
1000	0.277000	1.323665	1000	0.277000	0.277000	0.259510	
1000	0.236000	1.323665	1000	0.236000	0.236000	0.259449	
1000	0.230000	1.323665	1000	0.230000	0.230000	0.259374	
1000	0.229000	1.323665	1000	0.229000	0.229000	0.259296	
1000	0.261000	1.323665	1000	0.261000	0.261000	0.259300	
1000	0.268000	1.323665	1000	0.268000	0.268000	0.259322	
1000	0.242000	1.323665	1000	0.242000	0.242000	0.259279	
1000	0.268000	1.323665	1000	0.268000	0.268000	0.259301	
1000	0.270000	1.323665	1000	0.270000	0.270000	0.259328	
1000	0.283000	1.323665	1000	0.283000	0.283000	0.259387	
1000	0.249000	1.323665	1000	0.249000	0.249000	0.259361	
1000	0.250000	1.323665	1000	0.250000	0.250000	0.259338	
1000	0.275000	1.323665	1000	0.275000	0.275000	0.259377	
1000	0.262000	1.323665	1000	0.262000	0.262000	0.259383	
1000	0.245000	1.323665	1000	0.245000	0.245000	0.259348	
1000	0.254000	1.323665	1000	0.254000	0.254000	0.259334	
1000	0.257000	1.323665	1000	0.257000	0.257000	0.259329	
1000	0.286000	1.323665	1000	0.286000	0.286000	0.259394	
1000	0.285000	1.323665	1000	0.285000	0.285000	0.259457	
1000	0.250000	1.323665	1000	0.250000	0.250000	0.259434	
1000	0.258000	1.323665	1000	0.258000	0.258000	0.259431	
1000	0.267000	1.323665	1000	0.267000	0.267000	0.259449	
1000	0.259000	1.323665	1000	0.259000	0.259000	0.259448	
1000	0.259000	1.323665	1000	0.259000	0.259000	0.259447	
1000	0.245000	1.323665	1000	0.245000	0.245000	0.259412	
1000	0.261000	1.323665	1000	0.261000	0.261000	0.259416	
1000	0.270000	1.323665	1000	0.270000	0.270000	0.259441	
1000	0.280000	1.323665	1000	0.280000	0.280000	0.259491	
1000	0.252000	1.323665	1000	0.252000	0.252000	0.259473	
1000	0.239000	1.323665	1000	0.239000	0.239000	0.259424	
1000	0.243000	1.323665	1000	0.243000	0.243000	0.259385	
1000	0.263000	1.323665	1000	0.263000	0.263000	0.259393	
1000	0.266000	1.323665	1000	0.266000	0.266000	0.259409	
1000	0.274000	1.323665	1000	0.274000	0.274000	0.259444	
1000	0.280000	1.323665	1000	0.280000	0.280000	0.259492	
1000	0.290000	1.323665	1000	0.290000	0.290000	0.259564	
1000	0.265000	1.323665	1000	0.265000	0.265000	0.259577	
1000	0.239000	1.323665	1000	0.239000	0.239000	0.259529	
1000	0.255000	1.323665	1000	0.255000	0.255000	0.259518	
1000	0.266000	1.323665	1000	0.266000	0.266000	0.259533	
1000	0.274000	1.323665	1000	0.274000	0.274000	0.259567	
1000	0.267000	1.323665	1000	0.267000	0.267000	0.259584	
1000	0.274000	1.323665	1000	0.274000	0.274000	0.259618	
1000	0.241000	1.323665	1000	0.241000	0.241000	0.259575	
1000	0.263000	1.323665	1000	0.263000	0.263000	0.259583	
1000	0.266000	1.323665	1000	0.266000	0.266000	0.259598	
1000	0.260000	1.323665	1000	0.260000	0.260000	0.259598	
1000	0.281000	1.323665	1000	0.281000	0.281000	0.259648	
1000	0.280000	1.323665	1000	0.280000	0.280000	0.259694	
1000	0.295000	1.323665	1000	0.295000	0.295000	0.259775	
1000	0.247000	1.323665	1000	0.247000	0.247000	0.259746	
1000	0.299000	1.323665	1000	0.299000	0.299000	0.259835	
1000	0.280000	1.323665	1000	0.280000	0.280000	0.259881	
1000	0.287000	1.323665	1000	0.287000	0.287000	0.259943	
1000	0.268000	1.323665	1000	0.268000	0.268000	0.259961	
1000	0.272000	1.323665	1000	0.272000	0.272000	0.259988	
1000	0.268000	1.323665	1000	0.268000	0.268000	0.260006	
1000	0.255000	1.323665	1000	0.255000	0.255000	0.259995	
1000	0.274000	1.323665	1000	0.274000	0.274000	0.260026	
1000	0.236000	1.323665	1000	0.236000	0.236000	0.259973	
1000	0.273000	1.323665	1000	0.273000	0.273000	0.260002	
1000	0.265000	1.323665	1000	0.265000	0.265000	0.260013	
1000	0.278000	1.323665	1000	0.278000	0.278000	0.260053	
1000	0.254000	1.323665	1000	0.254000	0.254000	0.260039	
1000	0.265000	1.323665	1000	0.265000	0.265000	0.260050	
1000	0.255000	1.323665	1000	0.255000	0.255000	0.260039	
1000	0.274000	1.323665	1000	0.274000	0.274000	0.260070	
1000	0.242000	1.323665	1000	0.242000	0.242000	0.260030	
1000	0.247000	1.323665	1000	0.247000	0.247000	0.260002	
1000	0.234000	1.323665	1000	0.234000	0.234000	0.259945	
1000	0.243000	1.323665	1000	0.243000	0.243000	0.259908	
1000	0.245000	1.323665	1000	0.245000	0.245000	0.259875	
1000	0.255000	1.323665	1000	0.255000	0.255000	0.259865	
1000	0.249000	1.323665	1000	0.249000	0.249000	0.259841	
1000	0.258000	1.323665	1000	0.258000	0.258000	0.259837	
1000	0.256000	1.323665	1000	0.256000	0.256000	0.259829	
1000	0.265000	1.323665	1000	0.265000	0.265000	0.259840	
1000	0.254000	1.323665	1000	0.254000	0.254000	0.259827	
1000	0.282000	1.323665	1000	0.282000	0.282000	0.259875	
1000	0.259000	1.323665	1000	0.259000	0.259000	0.259873	
1000	0.266000	1.323665	1000	0.266000	0.266000	0.259886	
1000	0.266000	1.323665	1000	0.266000	0.266000	0.259899	
1000	0.241000	1.323665	1000	0.241000	0.241000	0.259859	
1000	0.253000	1.323665	1000	0.253000	0.253000	0.259844	
1000	0.262000	1.323665	1000	0.262000	0.262000	0.259849	
1000	0.253000	1.323665	1000	0.253000	0.253000	0.259835	
1000	0.253000	1.323665	1000	0.253000	0.253000	0.259820	
1000	0.258000	1.323665	1000	0.258000	0.258000	0.259816	
1000	0.243000	1.323665	1000	0.243000	0.243000	0.259781	
1000	0.257000	1.323665	1000	0.257000	0.257000	0.259775	
1000	0.266000	1.323665	1000	0.266000	0.266000	0.259788	
1000	0.275000	1.323665	1000	0.275000	0.275000	0.259820	
1000	0.255000	1.323665	1000	0.255000	0.255000	0.259810	
1000	0.257000	1.323665	1000	0.257000	0.257000	0.259804	
1000	0.262000	1.323665	1000	0.262000	0.262000	0.259809	
1000	0.257000	1.323665	1000	0.257000	0.257000	0.259803	
1000	0.261000	1.323665	1000	0.261000	0.261000	0.259805	
1000	0.261000	1.323665	1000	0.261000	0.261000	0.259808	
1000	0.273000	1.323665	1000	0.273000	0.273000	0.259835	
1000	0.262000	1.323665	1000	0.262000	0.262000	0.259839	
1000	0.264000	1.323665	1000	0.264000	0.264000	0.259848	
1000	0.276000	1.323665	1000	0.276000	0.276000	0.259881	
1000	0.269000	1.323665	1000	0.269000	0.269000	0.259899	
1000	0.270000	1.323665	1000	0.270000	0.270000	0.259920	
1000	0.263000	1.323665	1000	0.263000	0.263000	0.259926	
1000	0.264000	1.323665	1000	0.264000	0.264000	0.259935	
1000	0.269000	1.323665	1000	0.269000	0.269000	0.259953	
1000	0.301000	1.323665	1000	0.301000	0.301000	0.260036	
1000	0.255000	1.323665	1000	0.255000	0.255000	0.260026	
1000	0.285000	1.323665	1000	0.285000	0.285000	0.260076	
1000	0.277000	1.323665	1000	0.277000	0.277000	0.260110	
1000	0.235000	1.323665	1000	0.235000	0.235000	0.260060	
1000	0.251000	1.323665	1000	0.251000	0.251000	0.260041	
1000	0.250000	1.323665	1000	0.250000	0.250000	0.260021	
1000	0.252000	1.323665	1000	0.252000	0.252000	0.260005	
1000	0.289000	1.323665	1000	0.289000	0.289000	0.260063	
1000	0.309000	1.323665	1000	0.309000	0.309000	0.260160	
1000	0.270000	1.323665	1000	0.270000	0.270000	0.260180	
1000	0.271000	1.323665	1000	0.271000	0.271000	0.260201	
1000	0.237000	1.323665	1000	0.237000	0.237000	0.260155	
1000	0.261000	1.323665	1000	0.261000	0.261000	0.260157	
1000	0.280000	1.323665	1000	0.280000	0.280000	0.260196	
1000	0.235000	1.323665	1000	0.235000	0.235000	0.260147	
1000	0.259000	1.323665	1000	0.259000	0.259000	0.260144	
1000	0.246000	1.323665	1000	0.246000	0.246000	0.260117	
1000	0.255000	1.323665	1000	0.255000	0.255000	0.260107	
1000	0.266000	1.323665	1000	0.266000	0.266000	0.260118	
1000	0.232000	1.323665	1000	0.232000	0.232000	0.260064	
1000	0.268000	1.323665	1000	0.268000	0.268000	0.260079	
1000	0.287000	1.323665	1000	0.287000	0.287000	0.260131	
1000	0.241000	1.323665	1000	0.241000	0.241000	0.260094	
1000	0.288000	1.323665	1000	0.288000	0.288000	0.260148	
1000	0.274000	1.323665	1000	0.274000	0.274000	0.260174	
1000	0.257000	1.323665	1000	0.257000	0.257000	0.260168	
1000	0.257000	1.323665	1000	0.257000	0.257000	0.260162	
1000	0.249000	1.323665	1000	0.249000	0.249000	0.260141	
1000	0.257000	1.323665	1000	0.257000	0.257000	0.260135	
1000	0.240000	1.323665	1000	0.240000	0.240000	0.260097	
1000	0.275000	1.323665	1000	0.275000	0.275000	0.260125	
1000	0.286000	1.323665	1000	0.286000	0.286000	0.260174	
1000	0.285000	1.323665	1000	0.285000	0.285000	0.260221	
1000	0.232000	1.323665	1000	0.232000	0.232000	0.260168	
1000	0.265000	1.323665	1000	0.265000	0.265000	0.260177	
1000	0.251000	1.323665	1000	0.251000	0.251000	0.260160	
1000	0.279000	1.323665	1000	0.279000	0.279000	0.260195	
1000	0.232000	1.323665	1000	0.232000	0.232000	0.260142	
1000	0.275000	1.323665	1000	0.275000	0.275000	0.260170	
1000	0.272000	1.323665	1000	0.272000	0.272000	0.260192	
1000	0.226000	1.323665	1000	0.226000	0.226000	0.260128	
1000	0.290000	1.323665	1000	0.290000	0.290000	0.260184	
1000	0.256000	1.323665	1000	0.256000	0.256000	0.260176	
1000	0.269000	1.323665	1000	0.269000	0.269000	0.260192	
1000	0.262000	1.323665	1000	0.262000	0.262000	0.260196	
1000	0.247000	1.323665	1000	0.247000	0.247000	0.260171	
1000	0.279000	1.323665	1000	0.279000	0.279000	0.260206	
1000	0.266000	1.323665	1000	0.266000	0.266000	0.260217	
1000	0.275000	1.323665	1000	0.275000	0.275000	0.260244	
1000	0.248000	1.323665	1000	0.248000	0.248000	0.260222	
1000	0.246000	1.323665	1000	0.246000	0.246000	0.260195	
1000	0.267000	1.323665	1000	0.267000	0.267000	0.260208	
1000	0.274000	1.323665	1000	0.274000	0.274000	0.260233	
1000	0.262000	1.323665	1000	0.262000	0.262000	0.260236	
1000	0.264000	1.323665	1000	0.264000	0.264000	0.260243	
1000	0.241000	1.323665	1000	0.241000	0.241000	0.260208	
1000	0.242000	1.323665	1000	0.242000	0.242000	0.260175	
1000	0.258000	1.323665	1000	0.258000	0.258000	0.260171	
1000	0.240000	1.323665	1000	0.240000	0.240000	0.260135	
1000	0.279000	1.323665	1000	0.279000	0.279000	0.260169	
1000	0.230000	1.323665	1000	0.230000	0.230000	0.260115	
1000	0.266000	1.323665	1000	0.266000	0.266000	0.260125	
1000	0.226000	1.323665	1000	0.226000	0.226000	0.260064	
1000	0.226000	1.323665	1000	0.226000	0.226000	0.260003	
1000	0.265000	1.323665	1000	0.265000	0.265000	0.260012	
1000	0.242000	1.323665	1000	0.242000	0.242000	0.259980	
1000	0.234000	1.323665	1000	0.234000	0.234000	0.259934	
1000	0.241000	1.323665	1000	0.241000	0.241000	0.259900	
1000	0.267000	1.323665	1000	0.267000	0.267000	0.259913	
1000	0.238000	1.323665	1000	0.238000	0.238000	0.259874	
1000	0.261000	1.323665	1000	0.261000	0.261000	0.259876	
1000	0.241000	1.323665	1000	0.241000	0.241000	0.259843	
1000	0.253000	1.323665	1000	0.253000	0.253000	0.259831	
1000	0.265000	1.323665	1000	0.265000	0.265000	0.259840	
1000	0.275000	1.323665	1000	0.275000	0.275000	0.259866	
1000	0.271000	1.323665	1000	0.271000	0.271000	0.259886	
1000	0.292000	1.323665	1000	0.292000	0.292000	0.259942	
1000	0.266000	1.323665	1000	0.266000	0.266000	0.259952	
1000	0.253000	1.323665	1000	0.253000	0.253000	0.259940	
1000	0.245000	1.323665	1000	0.245000	0.245000	0.259914	
1000	0.249000	1.323665	1000	0.249000	0.249000	0.259895	
1000	0.266000	1.323665	1000	0.266000	0.266000	0.259906	
1000	0.273000	1.323665	1000	0.273000	0.273000	0.259929	
1000	0.244000	1.323665	1000	0.244000	0.244000	0.259901	
1000	0.270000	1.323665	1000	0.270000	0.270000	0.259919	
1000	0.289000	1.323665	1000	0.289000	0.289000	0.259969	
1000	0.281000	1.323665	1000	0.281000	0.281000	0.260005	
1000	0.291000	1.323665	1000	0.291000	0.291000	0.260058	
1000	0.296000	1.323665	1000	0.296000	0.296000	0.260119	
1000	0.261000	1.323665	1000	0.261000	0.261000	0.260121	
1000	0.242000	1.323665	1000	0.242000	0.242000	0.260090	
1000	0.249000	1.323665	1000	0.249000	0.249000	0.260071	
1000	0.260000	1.323665	1000	0.260000	0.260000	0.260071	
1000	0.247000	1.323665	1000	0.247000	0.247000	0.260049	
1000	0.261000	1.323665	1000	0.261000	0.261000	0.260050	
1000	0.286000	1.323665	1000	0.286000	0.286000	0.260094	
1000	0.248000	1.323665	1000	0.248000	0.248000	0.260074	
1000	0.267000	1.323665	1000	0.267000	0.267000	0.260086	
1000	0.263000	1.323665	1000	0.263000	0.263000	0.260090	
1000	0.261000	1.323665	1000	0.261000	0.261000	0.260092	
1000	0.249000	1.323665	1000	0.249000	0.249000	0.260073	
1000	0.270000	1.323665	1000	0.270000	0.270000	0.260090	
1000	0.273000	1.323665	1000	0.273000	0.273000	0.260112	
1000	0.253000	1.323665	1000	0.253000	0.253000	0.260100	
1000	0.249000	1.323665	1000	0.249000	0.249000	0.260081	
1000	0.266000	1.323665	1000	0.266000	0.266000	0.260091	
1000	0.270000	1.323665	1000	0.270000	0.270000	0.260108	
1000	0.246000	1.323665	1000	0.246000	0.246000	0.260084	
1000	0.242000	1.323665	1000	0.242000	0.242000	0.260054	
1000	0.292000	1.323665	1000	0.292000	0.292000	0.260107	
1000	0.260000	1.323665	1000	0.260000	0.260000	0.260107	
1000	0.255000	1.323665	1000	0.255000	0.255000	0.260098	
1000	0.250000	1.323665	1000	0.250000	0.250000	0.260082	
1000	0.236000	1.323665	1000	0.236000	0.236000	0.260042	
1000	0.267000	1.323665	1000	0.267000	0.267000	0.260054	
1000	0.277000	1.323665	1000	0.277000	0.277000	0.260081	
1000	0.283000	1.323665	1000	0.283000	0.283000	0.260119	
1000	0.259000	1.323665	1000	0.259000	0.259000	0.260117	
1000	0.256000	1.323665	1000	0.256000	0.256000	0.260110	
1000	0.261000	1.323665	1000	0.261000	0.261000	0.260112	
1000	0.251000	1.323665	1000	0.251000	0.251000	0.260097	
1000	0.264000	1.323665	1000	0.264000	0.264000	0.260103	
1000	0.258000	1.323665	1000	0.258000	0.258000	0.260100	
1000	0.270000	1.323665	1000	0.270000	0.270000	0.260116	
1000	0.237000	1.323665	1000	0.237000	0.237000	0.260079	
1000	0.272000	1.323665	1000	0.272000	0.272000	0.260098	
1000	0.254000	1.323665	1000	0.254000	0.254000	0.260088	
1000	0.286000	1.323665	1000	0.286000	0.286000	0.260130	
1000	0.267000	1.323665	1000	0.267000	0.267000	0.260141	
1000	0.239000	1.323665	1000	0.239000	0.239000	0.260107	
1000	0.302000	1.323665	1000	0.302000	0.302000	0.260174	
1000	0.230000	1.323665	1000	0.230000	0.230000	0.260126	
1000	0.282000	1.323665	1000	0.282000	0.282000	0.260160	
1000	0.254000	1.323665	1000	0.254000	0.254000	0.260151	
1000	0.225000	1.323665	1000	0.225000	0.225000	0.260095	
1000	0.245000	1.323665	1000	0.245000	0.245000	0.260071	
1000	0.245000	1.323665	1000	0.245000	0.245000	0.260047	
1000	0.258000	1.323665	1000	0.258000	0.258000	0.260044	
1000	0.280000	1.323665	1000	0.280000	0.280000	0.260075	
1000	0.245000	1.323665	1000	0.245000	0.245000	0.260052	
1000	0.238000	1.323665	1000	0.238000	0.238000	0.260017	
1000	0.250000	1.323665	1000	0.250000	0.250000	0.260001	
1000	0.281000	1.323665	1000	0.281000	0.281000	0.260034	
1000	0.250000	1.323665	1000	0.250000	0.250000	0.260018	
1000	0.242000	1.323665	1000	0.242000	0.242000	0.259990	
1000	0.258000	1.323665	1000	0.258000	0.258000	0.259987	
1000	0.265000	1.323665	1000	0.265000	0.265000	0.259995	
1000	0.264000	1.323665	1000	0.264000	0.264000	0.260001	
1000	0.240000	1.323665	1000	0.240000	0.240000	0.259970	
1000	0.271000	1.323665	1000	0.271000	0.271000	0.259987	
1000	0.274000	1.323665	1000	0.274000	0.274000	0.260009	
1000	0.264000	1.323665	1000	0.264000	0.264000	0.260015	
1000	0.250000	1.323665	1000	0.250000	0.250000	0.260000	
1000	0.257000	1.323665	1000	0.257000	0.257000	0.259995	
1000	0.278000	1.323665	1000	0.278000	0.278000	0.260023	
1000	0.268000	1.323665	1000	0.268000	0.268000	0.260035	
1000	0.289000	1.323665	1000	0.289000	0.289000	0.260079	
1000	0.229000	1.323665	1000	0.229000	0.229000	0.260032	
1000	0.275000	1.323665	1000	0.275000	0.275000	0.260055	
1000	0.256000	1.323665	1000	0.256000	0.256000	0.260048	
1000	0.250000	1.323665	1000	0.250000	0.250000	0.260033	
1000	0.265000	1.323665	1000	0.265000	0.265000	0.260041	
1000	0.260000	1.323665	1000	0.260000	0.260000	0.260041	
1000	0.264000	1.323665	1000	0.264000	0.264000	0.260047	
1000	0.267000	1.323665	1000	0.267000	0.267000	0.260057	
1000	0.290000	1.323665	1000	0.290000	0.290000	0.260102	
1000	0.309000	1.323665	1000	0.309000	0.309000	0.260176	
1000	0.281000	1.323665	1000	0.281000	0.281000	0.260208	
1000	0.263000	1.323665	1000	0.263000	0.263000	0.260212	
1000	0.294000	1.323665	1000	0.294000	0.294000	0.260263	
1000	0.253000	1.323665	1000	0.253000	0.253000	0.260252	
1000	0.279000	1.323665	1000	0.279000	0.279000	0.260280	
1000	0.269000	1.323665	1000	0.269000	0.269000	0.260293	
1000	0.256000	1.323665	1000	0.256000	0.256000	0.260287	
1000	0.243000	1.323665	1000	0.243000	0.243000	0.260261	
1000	0.249000	1.323665	1000	0.249000	0.249000	0.260244	
1000	0.253000	1.323665	1000	0.253000	0.253000	0.260233	
1000	0.266000	1.323665	1000	0.266000	0.266000	0.260242	
1000	0.263000	1.323665	1000	0.263000	0.263000	0.260246	
1000	0.251000	1.323665	1000	0.251000	0.251000	0.260232	
1000	0.263000	1.323665	1000	0.263000	0.263000	0.260236	
1000	0.253000	1.323665	1000	0.253000	0.253000	0.260226	
1000	0.225000	1.323665	1000	0.225000	0.225000	0.260174	
1000	0.245000	1.323665	1000	0.245000	0.245000	0.260151	
1000	0.274000	1.323665	1000	0.274000	0.274000	0.260172	
1000	0.259000	1.323665	1000	0.259000	0.259000	0.260170	
1000	0.248000	1.323665	1000	0.248000	0.248000	0.260152	
1000	0.268000	1.323665	1000	0.268000	0.268000	0.260164	
1000	0.257000	1.323665	1000	0.257000	0.257000	0.260159	
1000	0.240000	1.323665	1000	0.240000	0.240000	0.260130	
1000	0.249000	1.323665	1000	0.249000	0.249000	0.260113	
1000	0.252000	1.323665	1000	0.252000	0.252000	0.260102	
1000	0.247000	1.323665	1000	0.247000	0.247000	0.260082	
1000	0.286000	1.323665	1000	0.286000	0.286000	0.260120	
1000	0.235000	1.323665	1000	0.235000	0.235000	0.260084	
1000	0.230000	1.323665	1000	0.230000	0.230000	0.260040	
1000	0.251000	1.323665	1000	0.251000	0.251000	0.260027	
1000	0.301000	1.323665	1000	0.301000	0.301000	0.260086	
1000	0.266000	1.323665	1000	0.266000	0.266000	0.260095	
1000	0.290000	1.323665	1000	0.290000	0.290000	0.260138	
1000	0.266000	1.323665	1000	0.266000	0.266000	0.260146	
1000	0.279000	1.323665	1000	0.279000	0.279000	0.260173	
1000	0.282000	1.323665	1000	0.282000	0.282000	0.260204	
1000	0.275000	1.323665	1000	0.275000	0.275000	0.260226	
1000	0.260000	1.323665	1000	0.260000	0.260000	0.260225	
1000	0.278000	1.323665	1000	0.278000	0.278000	0.260251	
1000	0.258000	1.323665	1000	0.258000	0.258000	0.260247	
1000	0.262000	1.323665	1000	0.262000	0.262000	0.260250	
1000	0.292000	1.323665	1000	0.292000	0.292000	0.260295	
1000	0.260000	1.323665	1000	0.260000	0.260000	0.260295	
1000	0.267000	1.323665	1000	0.267000	0.267000	0.260304	
1000	0.264000	1.323665	1000	0.264000	0.264000	0.260309	
1000	0.261000	1.323665	1000	0.261000	0.261000	0.260310	
1000	0.259000	1.323665	1000	0.259000	0.259000	0.260309	
1000	0.241000	1.323665	1000	0.241000	0.241000	0.260281	
1000	0.257000	1.323665	1000	0.257000	0.257000	0.260277	
1000	0.264000	1.323665	1000	0.264000	0.264000	0.260282	
1000	0.275000	1.323665	1000	0.275000	0.275000	0.260303	
1000	0.253000	1.323665	1000	0.253000	0.253000	0.260292	
1000	0.281000	1.323665	1000	0.281000	0.281000	0.260321	
1000	0.268000	1.323665	1000	0.268000	0.268000	0.260332	
1000	0.286000	1.323665	1000	0.286000	0.286000	0.260368	
1000	0.265000	1.323665	1000	0.265000	0.265000	0.260374	
1000	0.246000	1.323665	1000	0.246000	0.246000	0.260354	
1000	0.289000	1.323665	1000	0.289000	0.289000	0.260394	
1000	0.253000	1.323665	1000	0.253000	0.253000	0.260384	
1000	0.246000	1.323665	1000	0.246000	0.246000	0.260364	
1000	0.260000	1.323665	1000	0.260000	0.260000	0.260363	
1000	0.247000	1.323665	1000	0.247000	0.247000	0.260345	
1000	0.253000	1.323665	1000	0.253000	0.253000	0.260335	
1000	0.259000	1.323665	1000	0.259000	0.259000	0.260333	
1000	0.272000	1.323665	1000	0.272000	0.272000	0.260349	
1000	0.263000	1.323665	1000	0.263000	0.263000	0.260353	
1000	0.250000	1.323665	1000	0.250000	0.250000	0.260338	
1000	0.273000	1.323665	1000	0.273000	0.273000	0.260356	
1000	0.252000	1.323665	1000	0.252000	0.252000	0.260344	
1000	0.275000	1.323665	1000	0.275000	0.275000	0.260364	
1000	0.249000	1.323665	1000	0.249000	0.249000	0.260349	
1000	0.254000	1.323665	1000	0.254000	0.254000	0.260340	
1000	0.269000	1.323665	1000	0.269000	0.269000	0.260352	
1000	0.257000	1.323665	1000	0.257000	0.257000	0.260347	
1000	0.249000	1.323665	1000	0.249000	0.249000	0.260332	
1000	0.271000	1.323665	1000	0.271000	0.271000	0.260347	
1000	0.260000	1.323665	1000	0.260000	0.260000	0.260346	
1000	0.251000	1.323665	1000	0.251000	0.251000	0.260333	
1000	0.246000	1.323665	1000	0.246000	0.246000	0.260314	
1000	0.258000	1.323665	1000	0.258000	0.258000	0.260311	
1000	0.258000	1.323665	1000	0.258000	0.258000	0.260308	
1000	0.247000	1.323665	1000	0.247000	0.247000	0.260290	
1000	0.278000	1.323665	1000	0.278000	0.278000	0.260314	
1000	0.273000	1.323665	1000	0.273000	0.273000	0.260331	
1000	0.240000	1.323665	1000	0.240000	0.240000	0.260304	
1000	0.250000	1.323665	1000	0.250000	0.250000	0.260290	
1000	0.251000	1.323665	1000	0.251000	0.251000	0.260277	
1000	0.258000	1.323665	1000	0.258000	0.258000	0.260274	
1000	0.242000	1.323665	1000	0.242000	0.242000	0.260250	
1000	0.270000	1.323665	1000	0.270000	0.270000	0.260263	
1000	0.224000	1.323665	1000	0.224000	0.224000	0.260215	
1000	0.252000	1.323665	1000	0.252000	0.252000	0.260204	
1000	0.238000	1.323665	1000	0.238000	0.238000	0.260174	
1000	0.232000	1.323665	1000	0.232000	0.232000	0.260137	
1000	0.264000	1.323665	1000	0.264000	0.264000	0.260142	
1000	0.247000	1.323665	1000	0.247000	0.247000	0.260125	
1000	0.306000	1.323665	1000	0.306000	0.306000	0.260185	
1000	0.254000	1.323665	1000	0.254000	0.254000	0.260177	
1000	0.242000	1.323665	1000	0.242000	0.242000	0.260153	
1000	0.276000	1.323665	1000	0.276000	0.276000	0.260174	
1000	0.263000	1.323665	1000	0.263000	0.263000	0.260178	
1000	0.254000	1.323665	1000	0.254000	0.254000	0.260170	
1000	0.267000	1.323665	1000	0.267000	0.267000	0.260179	
1000	0.265000	1.323665	1000	0.265000	0.265000	0.260185	
1000	0.261000	1.323665	1000	0.261000	0.261000	0.260186	
1000	0.271000	1.323665	1000	0.271000	0.271000	0.260200	
1000	0.260000	1.323665	1000	0.260000	0.260000	0.260200	
1000	0.231000	1.323665	1000	0.231000	0.231000	0.260162	
1000	0.248000	1.323665	1000	0.248000	0.248000	0.260146	
1000	0.258000	1.323665	1000	0.258000	0.258000	0.260143	
1000	0.251000	1.323665	1000	0.251000	0.251000	0.260132	
1000	0.240000	1.323665	1000	0.240000	0.240000	0.260106	
1000	0.265000	1.323665	1000	0.265000	0.265000	0.260112	
1000	0.255000	1.323665	1000	0.255000	0.255000	0.260105	
1000	0.258000	1.323665	1000	0.258000	0.258000	0.260103	
1000	0.255000	1.323665	1000	0.255000	0.255000	0.260096	
1000	0.237000	1.323665	1000	0.237000	0.237000	0.260066	
1000	0.267000	1.323665	1000	0.267000	0.267000	0.260075	
1000	0.242000	1.323665	1000	0.242000	0.242000	0.260052	
1000	0.242000	1.323665	1000	0.242000	0.242000	0.260029	
1000	0.271000	1.323665	1000	0.271000	0.271000	0.260043	
1000	0.255000	1.323665	1000	0.255000	0.255000	0.260037	
1000	0.243000	1.323665	1000	0.243000	0.243000	0.260015	
1000	0.239000	1.323665	1000	0.239000	0.239000	0.259988	
1000	0.318000	1.323665	1000	0.318000	0.318000	0.260062	
1000	0.235000	1.323665	1000	0.235000	0.235000	0.260030	
1000	0.244000	1.323665	1000	0.244000	0.244000	0.260010	
1000	0.291000	1.323665	1000	0.291000	0.291000	0.260049	
1000	0.242000	1.323665	1000	0.242000	0.242000	0.260026	
1000	0.285000	1.323665	1000	0.285000	0.285000	0.260058	
1000	0.279000	1.323665	1000	0.279000	0.279000	0.260082	
1000	0.256000	1.323665	1000	0.256000	0.256000	0.260076	
1000	0.279000	1.323665	1000	0.279000	0.279000	0.260100	
1000	0.246000	1.323665	1000	0.246000	0.246000	0.260083	
1000	0.247000	1.323665	1000	0.247000	0.247000	0.260066	
1000	0.262000	1.323665	1000	0.262000	0.262000	0.260069	
1000	0.269000	1.323665	1000	0.269000	0.269000	0.260080	
1000	0.285000	1.323665	1000	0.285000	0.285000	0.260111	
1000	0.267000	1.323665	1000	0.267000	0.267000	0.260120	
1000	0.243000	1.323665	1000	0.243000	0.243000	0.260098	
1000	0.269000	1.323665	1000	0.269000	0.269000	0.260109	
1000	0.265000	1.323665	1000	0.265000	0.265000	0.260115	
1000	0.267000	1.323665	1000	0.267000	0.267000	0.260124	
1000	0.265000	1.323665	1000	0.265000	0.265000	0.260130	
1000	0.266000	1.323665	1000	0.266000	0.266000	0.260137	
1000	0.278000	1.323665	1000	0.278000	0.278000	0.260159	
1000	0.261000	1.323665	1000	0.261000	0.261000	0.260160	
1000	0.261000	1.323665	1000	0.261000	0.261000	0.260161	
1000	0.252000	1.323665	1000	0.252000	0.252000	0.260151	
1000	0.214000	1.323665	1000	0.214000	0.214000	0.260095	
1000	0.273000	1.323665	1000	0.273000	0.273000	0.260110	
1000	0.225000	1.323665	1000	0.225000	0.225000	0.260067	
1000	0.250000	1.323665	1000	0.250000	0.250000	0.260055	
1000	0.246000	1.323665	1000	0.246000	0.246000	0.260038	
1000	0.268000	1.323665	1000	0.268000	0.268000	0.260047	
1000	0.273000	1.323665	1000	0.273000	0.273000	0.260063	
1000	0.246000	1.323665	1000	0.246000	0.246000	0.260046	
1000	0.256000	1.323665	1000	0.256000	0.256000	0.260041	
1000	0.272000	1.323665	1000	0.272000	0.272000	0.260056	
1000	0.266000	1.323665	1000	0.266000	0.266000	0.260063	
1000	0.238000	1.323665	1000	0.238000	0.238000	0.260036	
1000	0.259000	1.323665	1000	0.259000	0.259000	0.260035	
1000	0.262000	1.323665	1000	0.262000	0.262000	0.260037	
1000	0.229000	1.323665	1000	0.229000	0.229000	0.260000	
1000	0.300000	1.323665	1000	0.300000	0.300000	0.260048	
1000	0.264000	1.323665	1000	0.264000	0.264000	0.260053	
1000	0.270000	1.323665	1000	0.270000	0.270000	0.260065	
1000	0.245000	1.323665	1000	0.245000	0.245000	0.260047	
1000	0.251000	1.323665	1000	0.251000	0.251000	0.260036	
1000	0.236000	1.323665	1000	0.236000	0.236000	0.260007	
1000	0.264000	1.323665	1000	0.264000	0.264000	0.260012	
1000	0.278000	1.323665	1000	0.278000	0.278000	0.260033	
1000	0.265000	1.323665	1000	0.265000	0.265000	0.260039	
1000	0.274000	1.323665	1000	0.274000	0.274000	0.260056	
1000	0.305000	1.323665	1000	0.305000	0.305000	0.260110	
1000	0.282000	1.323665	1000	0.282000	0.282000	0.260136	
1000	0.234000	1.323665	1000	0.234000	0.234000	0.260105	
1000	0.267000	1.323665	1000	0.267000	0.267000	0.260113	
1000	0.257000	1.323665	1000	0.257000	0.257000	0.260109	
1000	0.255000	1.323665	1000	0.255000	0.255000	0.260103	
1000	0.240000	1.323665	1000	0.240000	0.240000	0.260079	
1000	0.261000	1.323665	1000	0.261000	0.261000	0.260080	
1000	0.268000	1.323665	1000	0.268000	0.268000	0.260090	
1000	0.258000	1.323665	1000	0.258000	0.258000	0.260087	
1000	0.238000	1.323665	1000	0.238000	0.238000	0.260061	
1000	0.260000	1.323665	1000	0.260000	0.260000	0.260061	
1000	0.250000	1.323665	1000	0.250000	0.250000	0.260049	
1000	0.301000	1.323665	1000	0.301000	0.301000	0.260097	
1000	0.240000	1.323665	1000	0.240000	0.240000	0.260074	
1000	0.248000	1.323665	1000	0.248000	0.248000	0.260060	
1000	0.261000	1.323665	1000	0.261000	0.261000	0.260061	
1000	0.281000	1.323665	1000	0.281000	0.281000	0.260085	
1000	0.263000	1.323665	1000	0.263000	0.263000	0.260089	
1000	0.255000	1.323665	1000	0.255000	0.255000	0.260083	
1000	0.282000	1.323665	1000	0.282000	0.282000	0.260108	
1000	0.263000	1.323665	1000	0.263000	0.263000	0.260112	
1000	0.253000	1.323665	1000	0.253000	0.253000	0.260103	
1000	0.242000	1.323665	1000	0.242000	0.242000	0.260082	
1000	0.232000	1.323665	1000	0.232000	0.232000	0.260050	
1000	0.259000	1.323665	1000	0.259000	0.259000	0.260048	
1000	0.268000	1.323665	1000	0.268000	0.268000	0.260058	
1000	0.249000	1.323665	1000	0.249000	0.249000	0.260045	
1000	0.275000	1.323665	1000	0.275000	0.275000	0.260062	
1000	0.241000	1.323665	1000	0.241000	0.241000	0.260040	
1000	0.251000	1.323665	1000	0.251000	0.251000	0.260030	
1000	0.251000	1.323665	1000	0.251000	0.251000	0.260019	
1000	0.253000	1.323665	1000	0.253000	0.253000	0.260011	
1000	0.277000	1.323665	1000	0.277000	0.277000	0.260031	
1000	0.290000	1.323665	1000	0.290000	0.290000	0.260065	
1000	0.227000	1.323665	1000	0.227000	0.227000	0.260027	
1000	0.265000	1.323665	1000	0.265000	0.265000	0.260033	
1000	0.240000	1.323665	1000	0.240000	0.240000	0.260010	
1000	0.282000	1.323665	1000	0.282000	0.282000	0.260035	
1000	0.260000	1.323665	1000	0.260000	0.260000	0.260035	
1000	0.277000	1.323665	1000	0.277000	0.277000	0.260054	
1000	0.247000	1.323665	1000	0.247000	0.247000	0.260040	
1000	0.246000	1.323665	1000	0.246000	0.246000	0.260024	
1000	0.223000	1.323665	1000	0.223000	0.223000	0.259982	
1000	0.228000	1.323665	1000	0.228000	0.228000	0.259945	
1000	0.235000	1.323665	1000	0.235000	0.235000	0.259917	
1000	0.285000	1.323665	1000	0.285000	0.285000	0.259945	
1000	0.263000	1.323665	1000	0.263000	0.263000	0.259949	
1000	0.266000	1.323665	1000	0.266000	0.266000	0.259956	
1000	0.262000	1.323665	1000	0.262000	0.262000	0.259958	
1000	0.276000	1.323665	1000	0.276000	0.276000	0.259976	
1000	0.245000	1.323665	1000	0.245000	0.245000	0.259959	
1000	0.242000	1.323665	1000	0.242000	0.242000	0.259939	
1000	0.270000	1.323665	1000	0.270000	0.270000	0.259950	
1000	0.282000	1.323665	1000	0.282000	0.282000	0.259975	
1000	0.268000	1.323665	1000	0.268000	0.268000	0.259984	
1000	0.287000	1.323665	1000	0.287000	0.287000	0.260014	
1000	0.271000	1.323665	1000	0.271000	0.271000	0.260027	
1000	0.255000	1.323665	1000	0.255000	0.255000	0.260021	
1000	0.276000	1.323665	1000	0.276000	0.276000	0.260039	
1000	0.255000	1.323665	1000	0.255000	0.255000	0.260033	
1000	0.278000	1.323665	1000	0.278000	0.278000	0.260053	
1000	0.272000	1.323665	1000	0.272000	0.272000	0.260066	
1000	0.275000	1.323665	1000	0.275000	0.275000	0.260083	
1000	0.238000	1.323665	1000	0.238000	0.238000	0.260059	
1000	0.244000	1.323665	1000	0.244000	0.244000	0.260041	
1000	0.264000	1.323665	1000	0.264000	0.264000	0.260045	
1000	0.239000	1.323665	1000	0.239000	0.239000	0.260022	
1000	0.278000	1.323665	1000	0.278000	0.278000	0.260042	
1000	0.286000	1.323665	1000	0.286000	0.286000	0.260070	
1000	0.267000	1.323665	1000	0.267000	0.267000	0.260078	
1000	0.290000	1.323665	1000	0.290000	0.290000	0.260111	
1000	0.243000	1.323665	1000	0.243000	0.243000	0.260092	
1000	0.287000	1.323665	1000	0.287000	0.287000	0.260122	
1000	0.266000	1.323665	1000	0.266000	0.266000	0.260128	
1000	0.273000	1.323665	1000	0.273000	0.273000	0.260142	
1000	0.252000	1.323665	1000	0.252000	0.252000	0.260133	
1000	0.273000	1.323665	1000	0.273000	0.273000	0.260147	
1000	0.245000	1.323665	1000	0.245000	0.245000	0.260131	
1000	0.210000	1.323665	1000	0.210000	0.210000	0.260076	
1000	0.280000	1.323665	1000	0.280000	0.280000	0.260098	
1000	0.234000	1.323665	1000	0.234000	0.234000	0.260069	
1000	0.297000	1.323665	1000	0.297000	0.297000	0.260110	
1000	0.264000	1.323665	1000	0.264000	0.264000	0.260114	
1000	0.270000	1.323665	1000	0.270000	0.270000	0.260125	
1000	0.261000	1.323665	1000	0.261000	0.261000	0.260126	
1000	0.249000	1.323665	1000	0.249000	0.249000	0.260113	
1000	0.264000	1.323665	1000	0.264000	0.264000	0.260118	
1000	0.293000	1.323665	1000	0.293000	0.293000	0.260153	
1000	0.272000	1.323665	1000	0.272000	0.272000	0.260166	
1000	0.252000	1.323665	1000	0.252000	0.252000	0.260157	
1000	0.257000	1.323665	1000	0.257000	0.257000	0.260154	
1000	0.270000	1.323665	1000	0.270000	0.270000	0.260164	
1000	0.278000	1.323665	1000	0.278000	0.278000	0.260184	
1000	0.259000	1.323665	1000	0.259000	0.259000	0.260182	
1000	0.288000	1.323665	1000	0.288000	0.288000	0.260212	
1000	0.278000	1.323665	1000	0.278000	0.278000	0.260231	
1000	0.247000	1.323665	1000	0.247000	0.247000	0.260217	
1000	0.250000	1.323665	1000	0.250000	0.250000	0.260206	
1000	0.266000	1.323665	1000	0.266000	0.266000	0.260212	
1000	0.256000	1.323665	1000	0.256000	0.256000	0.260208	
1000	0.225000	1.323665	1000	0.225000	0.225000	0.260170	
1000	0.239000	1.323665	1000	0.239000	0.239000	0.260148	
1000	0.272000	1.323665	1000	0.272000	0.272000	0.260160	
1000	0.260000	1.323665	1000	0.260000	0.260000	0.260160	
1000	0.276000	1.323665	1000	0.276000	0.276000	0.260177	
1000	0.258000	1.323665	1000	0.258000	0.258000	0.260175	
1000	0.258000	1.323665	1000	0.258000	0.258000	0.260172	
1000	0.257000	1.323665	1000	0.257000	0.257000	0.260169	
1000	0.227000	1.323665	1000	0.227000	0.227000	0.260134	
1000	0.250000	1.323665	1000	0.250000	0.250000	0.260123	
1000	0.217000	1.323665	1000	0.217000	0.217000	0.260078	
1000	0.265000	1.323665	1000	0.265000	0.265000	0.260083	
1000	0.282000	1.323665	1000	0.282000	0.282000	0.260106	
1000	0.282000	1.323665	1000	0.282000	0.282000	0.260129	
1000	0.234000	1.323665	1000	0.234000	0.234000	0.260102	
1000	0.267000	1.323665	1000	0.267000	0.267000	0.260109	
1000	0.268000	1.323665	1000	0.268000	0.268000	0.260117	
1000	0.261000	1.323665	1000	0.261000	0.261000	0.260118	
1000	0.270000	1.323665	1000	0.270000	0.270000	0.260128	
1000	0.247000	1.323665	1000	0.247000	0.247000	0.260115	
1000	0.259000	1.323665	1000	0.259000	0.259000	0.260114	
1000	0.291000	1.323665	1000	0.291000	0.291000	0.260146	
1000	0.260000	1.323665	1000	0.260000	0.260000	0.260146	
1000	0.284000	1.323665	1000	0.284000	0.284000	0.260170	
1000	0.257000	1.323665	1000	0.257000	0.257000	0.260167	
1000	0.277000	1.323665	1000	0.277000	0.277000	0.260185	
1000	0.278000	1.323665	1000	0.278000	0.278000	0.260203	
1000	0.259000	1.323665	1000	0.259000	0.259000	0.260202	
1000	0.248000	1.323665	1000	0.248000	0.248000	0.260189	
1000	0.261000	1.323665	1000	0.261000	0.261000	0.260190	
1000	0.253000	1.323665	1000	0.253000	0.253000	0.260183	
1000	0.235000	1.323665	1000	0.235000	0.235000	0.260157	
1000	0.262000	1.323665	1000	0.262000	0.262000	0.260158	
1000	0.241000	1.323665	1000	0.241000	0.241000	0.260139	
1000	0.288000	1.323665	1000	0.288000	0.288000	0.260167	
1000	0.254000	1.323665	1000	0.254000	0.254000	0.260161	
1000	0.255000	1.323665	1000	0.255000	0.255000	0.260156	
1000	0.264000	1.323665	1000	0.264000	0.264000	0.260160	
1000	0.254000	1.323665	1000	0.254000	0.254000	0.260153	
1000	0.262000	1.323665	1000	0.262000	0.262000	0.260155	
1000	0.265000	1.323665	1000	0.265000	0.265000	0.260160	
1000	0.248000	1.323665	1000	0.248000	0.248000	0.260148	
1000	0.268000	1.323665	1000	0.268000	0.268000	0.260156	
1000	0.281000	1.323665	1000	0.281000	0.281000	0.260177	
1000	0.260000	1.323665	1000	0.260000	0.260000	0.260177	
1000	0.238000	1.323665	1000	0.238000	0.238000	0.260154	
1000	0.256000	1.323665	1000	0.256000	0.256000	0.260150	
1000	0.269000	1.323665	1000	0.269000	0.269000	0.260159	
1000	0.258000	1.323665	1000	0.258000	0.258000	0.260157	
1000	0.260000	1.323665	1000	0.260000	0.260000	0.260157	
1000	0.263000	1.323665	1000	0.263000	0.263000	0.260160	
1000	0.255000	1.323665	1000	0.255000	0.255000	0.260154	
1000	0.298000	1.323665	1000	0.298000	0.298000	0.260193	
1000	0.245000	1.323665	1000	0.245000	0.245000	0.260177	
1000	0.281000	1.323665	1000	0.281000	0.281000	0.260198	
1000	0.265000	1.323665	1000	0.265000	0.265000	0.260203	
1000	0.269000	1.323665	1000	0.269000	0.269000	0.260212	
1000	0.265000	1.323665	1000	0.265000	0.265000	0.260217	
1000	0.266000	1.323665	1000	0.266000	0.266000	0.260223	
1000	0.278000	1.323665	1000	0.278000	0.278000	0.260240	
1000	0.273000	1.323665	1000	0.273000	0.273000	0.260253	
1000	0.265000	1.323665	1000	0.265000	0.265000	0.260258	
1000	0.263000	1.323665	1000	0.263000	0.263000	0.260261	
1000	0.270000	1.323665	1000	0.270000	0.270000	0.260270	
1000	0.250000	1.323665	1000	0.250000	0.250000	0.260260	
1000	0.251000	1.323665	1000	0.251000	0.251000	0.260251	
1000	0.269000	1.323665	1000	0.269000	0.269000	0.260260	
1000	0.247000	1.323665	1000	0.247000	0.247000	0.260247	
1000	0.258000	1.323665	1000	0.258000	0.258000	0.260244	
1000	0.291000	1.323665	1000	0.291000	0.291000	0.260275	
1000	0.257000	1.323665	1000	0.257000	0.257000	0.260272	
1000	0.289000	1.323665	1000	0.289000	0.289000	0.260300	
1000	0.248000	1.323665	1000	0.248000	0.248000	0.260288	
