Default schedule
Rate	100.00
Rate Tried	% Accepted	Rates - Dev	Rates - Tried	Rates - Accepted	Sample Ave Acceptance	Total Ave Acceptance	
1000	0.330000	1.071989	1000	0.330000	0.330000	0.209436	
1000	0.339000	1.071989	1000	0.339000	0.339000	0.220232	
1000	0.342000	1.071989	1000	0.342000	0.342000	0.229598	
1000	0.335000	1.071989	1000	0.335000	0.335000	0.237126	
1000	0.366000	1.071989	1000	0.366000	0.366000	0.245717	
1000	0.338000	1.071989	1000	0.338000	0.338000	0.251484	
1000	0.367000	1.071989	1000	0.367000	0.367000	0.258279	
1000	0.367000	1.071989	1000	0.367000	0.367000	0.264319	
1000	0.353000	1.071989	1000	0.353000	0.353000	0.268986	
1000	0.329000	1.071989	1000	0.329000	0.329000	0.271986	
1000	0.368000	1.071989	1000	0.368000	0.368000	0.276558	
1000	0.352000	1.071989	1000	0.352000	0.352000	0.279987	
1000	0.329000	1.071989	1000	0.329000	0.329000	0.282118	
1000	0.335000	1.071989	1000	0.335000	0.335000	0.284321	
1000	0.374000	1.071989	1000	0.374000	0.374000	0.287908	
1000	0.342000	1.071989	1000	0.342000	0.342000	0.289989	
1000	0.331000	1.071989	1000	0.331000	0.331000	0.291508	
1000	0.355000	1.071989	1000	0.355000	0.355000	0.293775	
1000	0.371000	1.071989	1000	0.371000	0.371000	0.296438	
1000	0.367000	1.071989	1000	0.367000	0.367000	0.298790	
1000	0.366000	1.071989	1000	0.366000	0.366000	0.300958	
1000	0.341000	1.071989	1000	0.341000	0.341000	0.302209	
1000	0.357000	1.071989	1000	0.357000	0.357000	0.303870	
1000	0.344000	1.071989	1000	0.344000	0.344000	0.305050	
1000	0.357000	1.071989	1000	0.357000	0.357000	0.306534	
1000	0.336000	1.071989	1000	0.336000	0.336000	0.307353	
1000	0.360000	1.071989	1000	0.360000	0.360000	0.308775	
1000	0.367000	1.071989	1000	0.367000	0.367000	0.310308	
1000	0.324000	1.071989	1000	0.324000	0.324000	0.310659	
1000	0.345000	1.071989	1000	0.345000	0.345000	0.311517	
1000	0.363000	1.071989	1000	0.363000	0.363000	0.312773	
1000	0.360000	1.071989	1000	0.360000	0.360000	0.313897	
1000	0.337000	1.071989	1000	0.337000	0.337000	0.314435	
1000	0.361000	1.071989	1000	0.361000	0.361000	0.315493	
1000	0.339000	1.071989	1000	0.339000	0.339000	0.316015	
1000	0.378000	1.071989	1000	0.378000	0.378000	0.317363	
1000	0.345000	1.071989	1000	0.345000	0.345000	0.317951	
1000	0.344000	1.071989	1000	0.344000	0.344000	0.318493	
1000	0.376000	1.071989	1000	0.376000	0.376000	0.319667	
1000	0.322000	1.071989	1000	0.322000	0.322000	0.319714	
1000	0.346000	1.071989	1000	0.346000	0.346000	0.320229	
1000	0.357000	1.071989	1000	0.357000	0.357000	0.320936	
1000	0.337000	1.071989	1000	0.337000	0.337000	0.321239	
1000	0.323000	1.071989	1000	0.323000	0.323000	0.321272	
1000	0.343000	1.071989	1000	0.343000	0.343000	0.321667	
1000	0.335000	1.071989	1000	0.335000	0.335000	0.321905	
1000	0.332000	1.071989	1000	0.332000	0.332000	0.322082	
1000	0.339000	1.071989	1000	0.339000	0.339000	0.322374	
1000	0.401000	1.071989	1000	0.401000	0.401000	0.323706	
1000	0.205000	1.564151	1000	0.205000	0.205000	0.321728	
1000	0.219000	1.564151	1000	0.219000	0.219000	0.320044	
1000	0.215000	1.564151	1000	0.215000	0.215000	0.318350	
1000	0.212000	1.564151	1000	0.212000	0.212000	0.316662	
1000	0.234000	1.564151	1000	0.234000	0.234000	0.315370	
1000	0.204000	1.564151	1000	0.204000	0.204000	0.313657	
1000	0.189000	1.564151	1000	0.189000	0.189000	0.311768	
1000	0.446000	0.825397	1000	0.446000	0.446000	0.313771	
1000	0.184000	1.625927	1000	0.184000	0.184000	0.311863	
1000	0.261000	1.373038	1000	0.261000	0.261000	0.311126	
1000	0.226000	1.373038	1000	0.226000	0.226000	0.309910	
1000	0.252000	1.373038	1000	0.252000	0.252000	0.309094	
1000	0.289000	1.373038	1000	0.289000	0.289000	0.308815	
1000	0.240000	1.373038	1000	0.240000	0.240000	0.307872	
1000	0.248000	1.373038	1000	0.248000	0.248000	0.307063	
1000	0.275000	1.373038	1000	0.275000	0.275000	0.306636	
1000	0.249000	1.373038	1000	0.249000	0.249000	0.305878	
1000	0.239000	1.373038	1000	0.239000	0.239000	0.305009	
1000	0.248000	1.373038	1000	0.248000	0.248000	0.304278	
1000	0.257000	1.373038	1000	0.257000	0.257000	0.303680	
1000	0.273000	1.373038	1000	0.273000	0.273000	0.303296	
1000	0.220000	1.373038	1000	0.220000	0.220000	0.302268	
1000	0.265000	1.373038	1000	0.265000	0.265000	0.301813	
1000	0.237000	1.373038	1000	0.237000	0.237000	0.301033	
1000	0.246000	1.373038	1000	0.246000	0.246000	0.300377	
1000	0.252000	1.373038	1000	0.252000	0.252000	0.299808	
1000	0.227000	1.373038	1000	0.227000	0.227000	0.298962	
1000	0.248000	1.373038	1000	0.248000	0.248000	0.298376	
1000	0.232000	1.373038	1000	0.232000	0.232000	0.297622	
1000	0.275000	1.373038	1000	0.275000	0.275000	0.297367	
1000	0.240000	1.373038	1000	0.240000	0.240000	0.296730	
1000	0.250000	1.373038	1000	0.250000	0.250000	0.296217	
1000	0.218000	1.373038	1000	0.218000	0.218000	0.295366	
1000	0.240000	1.373038	1000	0.240000	0.240000	0.294771	
1000	0.252000	1.373038	1000	0.252000	0.252000	0.294316	
1000	0.231000	1.373038	1000	0.231000	0.231000	0.293650	
1000	0.235000	1.373038	1000	0.235000	0.235000	0.293039	
1000	0.273000	1.373038	1000	0.273000	0.273000	0.292832	
1000	0.255000	1.373038	1000	0.255000	0.255000	0.292446	
1000	0.260000	1.373038	1000	0.260000	0.260000	0.292118	
1000	0.268000	1.373038	1000	0.268000	0.268000	0.291877	
1000	0.283000	1.373038	1000	0.283000	0.283000	0.291789	
1000	0.259000	1.373038	1000	0.259000	0.259000	0.291468	
1000	0.234000	1.373038	1000	0.234000	0.234000	0.290910	
1000	0.232000	1.373038	1000	0.232000	0.232000	0.290343	
1000	0.264000	1.373038	1000	0.264000	0.264000	0.290092	
1000	0.245000	1.373038	1000	0.245000	0.245000	0.289667	
1000	0.252000	1.373038	1000	0.252000	0.252000	0.289315	
1000	0.255000	1.373038	1000	0.255000	0.255000	0.288997	
1000	0.267000	1.373038	1000	0.267000	0.267000	0.288796	
1000	0.253000	1.373038	1000	0.253000	0.253000	0.288470	
1000	0.272000	1.373038	1000	0.272000	0.272000	0.288322	
1000	0.239000	1.373038	1000	0.239000	0.239000	0.287881	
1000	0.241000	1.373038	1000	0.241000	0.241000	0.287466	
1000	0.257000	1.373038	1000	0.257000	0.257000	0.287199	
1000	0.252000	1.373038	1000	0.252000	0.252000	0.286893	
1000	0.215000	1.373038	1000	0.215000	0.215000	0.286273	
1000	0.254000	1.373038	1000	0.254000	0.254000	0.285998	
1000	0.260000	1.373038	1000	0.260000	0.260000	0.285777	
1000	0.222000	1.373038	1000	0.222000	0.222000	0.285241	
1000	0.253000	1.373038	1000	0.253000	0.253000	0.284973	
1000	0.249000	1.373038	1000	0.249000	0.249000	0.284675	
1000	0.271000	1.373038	1000	0.271000	0.271000	0.284563	
1000	0.242000	1.373038	1000	0.242000	0.242000	0.284217	
1000	0.266000	1.373038	1000	0.266000	0.266000	0.284070	
1000	0.274000	1.373038	1000	0.274000	0.274000	0.283990	
1000	0.234000	1.373038	1000	0.234000	0.234000	0.283593	
1000	0.259000	1.373038	1000	0.259000	0.259000	0.283399	
1000	0.238000	1.373038	1000	0.238000	0.238000	0.283045	
1000	0.253000	1.373038	1000	0.253000	0.253000	0.282812	
1000	0.209000	1.373038	1000	0.209000	0.209000	0.282244	
1000	0.271000	1.373038	1000	0.271000	0.271000	0.282158	
1000	0.265000	1.373038	1000	0.265000	0.265000	0.282028	
1000	0.236000	1.373038	1000	0.236000	0.236000	0.281682	
1000	0.247000	1.373038	1000	0.247000	0.247000	0.281423	
1000	0.257000	1.373038	1000	0.257000	0.257000	0.281242	
1000	0.272000	1.373038	1000	0.272000	0.272000	0.281174	
1000	0.234000	1.373038	1000	0.234000	0.234000	0.280830	
1000	0.271000	1.373038	1000	0.271000	0.271000	0.280759	
1000	0.269000	1.373038	1000	0.269000	0.269000	0.280674	
1000	0.258000	1.373038	1000	0.258000	0.258000	0.280512	
1000	0.266000	1.373038	1000	0.266000	0.266000	0.280409	
1000	0.243000	1.373038	1000	0.243000	0.243000	0.280146	
1000	0.276000	1.373038	1000	0.276000	0.276000	0.280117	
1000	0.249000	1.373038	1000	0.249000	0.249000	0.279901	
1000	0.252000	1.373038	1000	0.252000	0.252000	0.279708	
1000	0.235000	1.373038	1000	0.235000	0.235000	0.279402	
1000	0.244000	1.373038	1000	0.244000	0.244000	0.279161	
1000	0.261000	1.373038	1000	0.261000	0.261000	0.279039	
1000	0.278000	1.373038	1000	0.278000	0.278000	0.279032	
1000	0.252000	1.373038	1000	0.252000	0.252000	0.278851	
1000	0.251000	1.373038	1000	0.251000	0.251000	0.278667	
1000	0.217000	1.373038	1000	0.217000	0.217000	0.278261	
1000	0.256000	1.373038	1000	0.256000	0.256000	0.278116	
1000	0.242000	1.373038	1000	0.242000	0.242000	0.277881	
1000	0.284000	1.373038	1000	0.284000	0.284000	0.277921	
1000	0.241000	1.373038	1000	0.241000	0.241000	0.277684	
1000	0.244000	1.373038	1000	0.244000	0.244000	0.277470	
1000	0.276000	1.373038	1000	0.276000	0.276000	0.277460	
1000	0.251000	1.373038	1000	0.251000	0.251000	0.277294	
1000	0.212000	1.373038	1000	0.212000	0.212000	0.276886	
1000	0.260000	1.373038	1000	0.260000	0.260000	0.276781	
1000	0.258000	1.373038	1000	0.258000	0.258000	0.276665	
1000	0.258000	1.373038	1000	0.258000	0.258000	0.276550	
1000	0.280000	1.373038	1000	0.280000	0.280000	0.276571	
1000	0.239000	1.373038	1000	0.239000	0.239000	0.276344	
1000	0.247000	1.373038	1000	0.247000	0.247000	0.276167	
1000	0.253000	1.373038	1000	0.253000	0.253000	0.276028	
1000	0.236000	1.373038	1000	0.236000	0.236000	0.275790	
1000	0.267000	1.373038	1000	0.267000	0.267000	0.275738	
1000	0.235000	1.373038	1000	0.235000	0.235000	0.275498	
1000	0.256000	1.373038	1000	0.256000	0.256000	0.275384	
1000	0.226000	1.373038	1000	0.226000	0.226000	0.275097	
1000	0.260000	1.373038	1000	0.260000	0.260000	0.275010	
1000	0.215000	1.373038	1000	0.215000	0.215000	0.274665	
1000	0.233000	1.373038	1000	0.233000	0.233000	0.274427	
1000	0.267000	1.373038	1000	0.267000	0.267000	0.274385	
1000	0.228000	1.373038	1000	0.228000	0.228000	0.274123	
1000	0.256000	1.373038	1000	0.256000	0.256000	0.274021	
1000	0.282000	1.373038	1000	0.282000	0.282000	0.274066	
1000	0.252000	1.373038	1000	0.252000	0.252000	0.273943	
1000	0.249000	1.373038	1000	0.249000	0.249000	0.273805	
1000	0.240000	1.373038	1000	0.240000	0.240000	0.273619	
1000	0.255000	1.373038	1000	0.255000	0.255000	0.273518	
1000	0.236000	1.373038	1000	0.236000	0.236000	0.273314	
1000	0.255000	1.373038	1000	0.255000	0.255000	0.273215	
1000	0.241000	1.373038	1000	0.241000	0.241000	0.273042	
1000	0.266000	1.373038	1000	0.266000	0.266000	0.273004	
1000	0.234000	1.373038	1000	0.234000	0.234000	0.272796	
1000	0.238000	1.373038	1000	0.238000	0.238000	0.272612	
1000	0.256000	1.373038	1000	0.256000	0.256000	0.272525	
1000	0.261000	1.373038	1000	0.261000	0.261000	0.272465	
1000	0.284000	1.373038	1000	0.284000	0.284000	0.272525	
1000	0.243000	1.373038	1000	0.243000	0.243000	0.272372	
1000	0.254000	1.373038	1000	0.254000	0.254000	0.272277	
1000	0.229000	1.373038	1000	0.229000	0.229000	0.272055	
1000	0.281000	1.373038	1000	0.281000	0.281000	0.272101	
1000	0.233000	1.373038	1000	0.233000	0.233000	0.271902	
1000	0.230000	1.373038	1000	0.230000	0.230000	0.271691	
1000	0.251000	1.373038	1000	0.251000	0.251000	0.271587	
1000	0.225000	1.373038	1000	0.225000	0.225000	0.271354	
1000	0.220000	1.373038	1000	0.220000	0.220000	0.271098	
1000	0.255000	1.373038	1000	0.255000	0.255000	0.271018	
1000	0.247000	1.373038	1000	0.247000	0.247000	0.270900	
1000	0.264000	1.373038	1000	0.264000	0.264000	0.270866	
1000	0.241000	1.373038	1000	0.241000	0.241000	0.270721	
1000	0.259000	1.373038	1000	0.259000	0.259000	0.270664	
1000	0.224000	1.373038	1000	0.224000	0.224000	0.270438	
1000	0.257000	1.373038	1000	0.257000	0.257000	0.270374	
1000	0.242000	1.373038	1000	0.242000	0.242000	0.270238	
1000	0.221000	1.373038	1000	0.221000	0.221000	0.270003	
1000	0.241000	1.373038	1000	0.241000	0.241000	0.269866	
1000	0.234000	1.373038	1000	0.234000	0.234000	0.269697	
1000	0.258000	1.373038	1000	0.258000	0.258000	0.269642	
1000	0.268000	1.373038	1000	0.268000	0.268000	0.269634	
1000	0.263000	1.373038	1000	0.263000	0.263000	0.269603	
1000	0.239000	1.373038	1000	0.239000	0.239000	0.269462	
1000	0.240000	1.373038	1000	0.240000	0.240000	0.269326	
1000	0.263000	1.373038	1000	0.263000	0.263000	0.269297	
1000	0.223000	1.373038	1000	0.223000	0.223000	0.269086	
1000	0.239000	1.373038	1000	0.239000	0.239000	0.268949	
1000	0.231000	1.373038	1000	0.231000	0.231000	0.268777	
1000	0.241000	1.373038	1000	0.241000	0.241000	0.268652	
1000	0.244000	1.373038	1000	0.244000	0.244000	0.268541	
1000	0.256000	1.373038	1000	0.256000	0.256000	0.268485	
1000	0.246000	1.373038	1000	0.246000	0.246000	0.268385	
1000	0.251000	1.373038	1000	0.251000	0.251000	0.268309	
1000	0.251000	1.373038	1000	0.251000	0.251000	0.268232	
1000	0.219000	1.373038	1000	0.219000	0.219000	0.268016	
1000	0.222000	1.373038	1000	0.222000	0.222000	0.267815	
1000	0.264000	1.373038	1000	0.264000	0.264000	0.267799	
1000	0.245000	1.373038	1000	0.245000	0.245000	0.267700	
1000	0.260000	1.373038	1000	0.260000	0.260000	0.267667	
1000	0.226000	1.373038	1000	0.226000	0.226000	0.267488	
1000	0.255000	1.373038	1000	0.255000	0.255000	0.267435	
1000	0.241000	1.373038	1000	0.241000	0.241000	0.267322	
1000	0.264000	1.373038	1000	0.264000	0.264000	0.267308	
1000	0.254000	1.373038	1000	0.254000	0.254000	0.267252	
1000	0.232000	1.373038	1000	0.232000	0.232000	0.267104	
1000	0.251000	1.373038	1000	0.251000	0.251000	0.267037	
1000	0.250000	1.373038	1000	0.250000	0.250000	0.266966	
1000	0.262000	1.373038	1000	0.262000	0.262000	0.266945	
1000	0.241000	1.373038	1000	0.241000	0.241000	0.266838	
1000	0.246000	1.373038	1000	0.246000	0.246000	0.266752	
1000	0.246000	1.373038	1000	0.246000	0.246000	0.266667	
1000	0.232000	1.373038	1000	0.232000	0.232000	0.266525	
1000	0.244000	1.373038	1000	0.244000	0.244000	0.266434	
1000	0.259000	1.373038	1000	0.259000	0.259000	0.266404	
1000	0.243000	1.373038	1000	0.243000	0.243000	0.266309	
1000	0.256000	1.373038	1000	0.256000	0.256000	0.266268	
1000	0.234000	1.373038	1000	0.234000	0.234000	0.266139	
1000	0.274000	1.373038	1000	0.274000	0.274000	0.266170	
1000	0.239000	1.373038	1000	0.239000	0.239000	0.266062	
1000	0.209000	1.373038	1000	0.209000	0.209000	0.265837	
1000	0.260000	1.373038	1000	0.260000	0.260000	0.265814	
1000	0.258000	1.373038	1000	0.258000	0.258000	0.265783	
1000	0.251000	1.373038	1000	0.251000	0.251000	0.265726	
1000	0.244000	1.373038	1000	0.244000	0.244000	0.265641	
1000	0.255000	1.373038	1000	0.255000	0.255000	0.265600	
1000	0.248000	1.373038	1000	0.248000	0.248000	0.265532	
1000	0.233000	1.373038	1000	0.233000	0.233000	0.265407	
1000	0.216000	1.373038	1000	0.216000	0.216000	0.265217	
1000	0.237000	1.373038	1000	0.237000	0.237000	0.265110	
1000	0.234000	1.373038	1000	0.234000	0.234000	0.264991	
1000	0.262000	1.373038	1000	0.262000	0.262000	0.264980	
1000	0.249000	1.373038	1000	0.249000	0.249000	0.264920	
1000	0.282000	1.373038	1000	0.282000	0.282000	0.264984	
1000	0.252000	1.373038	1000	0.252000	0.252000	0.264935	
1000	0.226000	1.373038	1000	0.226000	0.226000	0.264790	
1000	0.235000	1.373038	1000	0.235000	0.235000	0.264679	
1000	0.231000	1.373038	1000	0.231000	0.231000	0.264555	
1000	0.263000	1.373038	1000	0.263000	0.263000	0.264549	
1000	0.263000	1.373038	1000	0.263000	0.263000	0.264543	
1000	0.220000	1.373038	1000	0.220000	0.220000	0.264380	
1000	0.231000	1.373038	1000	0.231000	0.231000	0.264258	
1000	0.256000	1.373038	1000	0.256000	0.256000	0.264228	
1000	0.264000	1.373038	1000	0.264000	0.264000	0.264227	
1000	0.222000	1.373038	1000	0.222000	0.222000	0.264075	
1000	0.253000	1.373038	1000	0.253000	0.253000	0.264035	
1000	0.252000	1.373038	1000	0.252000	0.252000	0.263992	
1000	0.234000	1.373038	1000	0.234000	0.234000	0.263885	
1000	0.266000	1.373038	1000	0.266000	0.266000	0.263892	
1000	0.211000	1.373038	1000	0.211000	0.211000	0.263705	
1000	0.263000	1.373038	1000	0.263000	0.263000	0.263702	
1000	0.250000	1.373038	1000	0.250000	0.250000	0.263654	
1000	0.240000	1.373038	1000	0.240000	0.240000	0.263571	
1000	0.237000	1.373038	1000	0.237000	0.237000	0.263478	
1000	0.278000	1.373038	1000	0.278000	0.278000	0.263529	
1000	0.248000	1.373038	1000	0.248000	0.248000	0.263475	
1000	0.263000	1.373038	1000	0.263000	0.263000	0.263473	
1000	0.250000	1.373038	1000	0.250000	0.250000	0.263427	
1000	0.258000	1.373038	1000	0.258000	0.258000	0.263408	
1000	0.241000	1.373038	1000	0.241000	0.241000	0.263331	
1000	0.235000	1.373038	1000	0.235000	0.235000	0.263235	
1000	0.280000	1.373038	1000	0.280000	0.280000	0.263292	
1000	0.258000	1.373038	1000	0.258000	0.258000	0.263274	
1000	0.236000	1.373038	1000	0.236000	0.236000	0.263182	
1000	0.256000	1.373038	1000	0.256000	0.256000	0.263157	
1000	0.285000	1.373038	1000	0.285000	0.285000	0.263231	
1000	0.240000	1.373038	1000	0.240000	0.240000	0.263153	
1000	0.241000	1.373038	1000	0.241000	0.241000	0.263079	
1000	0.264000	1.373038	1000	0.264000	0.264000	0.263082	
1000	0.243000	1.373038	1000	0.243000	0.243000	0.263016	
1000	0.274000	1.373038	1000	0.274000	0.274000	0.263052	
1000	0.294000	1.373038	1000	0.294000	0.294000	0.263154	
1000	0.227000	1.373038	1000	0.227000	0.227000	0.263035	
1000	0.221000	1.373038	1000	0.221000	0.221000	0.262898	
1000	0.284000	1.373038	1000	0.284000	0.284000	0.262967	
1000	0.242000	1.373038	1000	0.242000	0.242000	0.262898	
1000	0.234000	1.373038	1000	0.234000	0.234000	0.262805	
1000	0.257000	1.373038	1000	0.257000	0.257000	0.262786	
1000	0.253000	1.373038	1000	0.253000	0.253000	0.262755	
1000	0.257000	1.373038	1000	0.257000	0.257000	0.262736	
1000	0.224000	1.373038	1000	0.224000	0.224000	0.262613	
1000	0.245000	1.373038	1000	0.245000	0.245000	0.262556	
1000	0.265000	1.373038	1000	0.265000	0.265000	0.262564	
1000	0.237000	1.373038	1000	0.237000	0.237000	0.262483	
1000	0.254000	1.373038	1000	0.254000	0.254000	0.262457	
1000	0.283000	1.373038	1000	0.283000	0.283000	0.262521	
1000	0.216000	1.373038	1000	0.216000	0.216000	0.262375	
1000	0.238000	1.373038	1000	0.238000	0.238000	0.262299	
1000	0.254000	1.373038	1000	0.254000	0.254000	0.262273	
1000	0.246000	1.373038	1000	0.246000	0.246000	0.262223	
1000	0.271000	1.373038	1000	0.271000	0.271000	0.262250	
1000	0.196000	1.373038	1000	0.196000	0.196000	0.262045	
1000	0.409000	0.948005	1000	0.409000	0.409000	0.262498	
1000	0.313000	1.164250	1000	0.313000	0.313000	0.262653	
1000	0.282000	1.164250	1000	0.282000	0.282000	0.262712	
1000	0.349000	1.164250	1000	0.349000	0.349000	0.262975	
1000	0.289000	1.164250	1000	0.289000	0.289000	0.263054	
1000	0.325000	1.164250	1000	0.325000	0.325000	0.263242	
1000	0.334000	1.164250	1000	0.334000	0.334000	0.263455	
1000	0.299000	1.164250	1000	0.299000	0.299000	0.263562	
1000	0.304000	1.164250	1000	0.304000	0.304000	0.263684	
1000	0.349000	1.164250	1000	0.349000	0.349000	0.263939	
1000	0.332000	1.164250	1000	0.332000	0.332000	0.264142	
1000	0.318000	1.164250	1000	0.318000	0.318000	0.264303	
1000	0.345000	1.164250	1000	0.345000	0.345000	0.264542	
1000	0.307000	1.164250	1000	0.307000	0.307000	0.264668	
1000	0.334000	1.164250	1000	0.334000	0.334000	0.264872	
1000	0.351000	1.164250	1000	0.351000	0.351000	0.265126	
1000	0.331000	1.164250	1000	0.331000	0.331000	0.265319	
1000	0.319000	1.164250	1000	0.319000	0.319000	0.265476	
1000	0.312000	1.164250	1000	0.312000	0.312000	0.265611	
1000	0.341000	1.164250	1000	0.341000	0.341000	0.265831	
1000	0.329000	1.164250	1000	0.329000	0.329000	0.266014	
1000	0.308000	1.164250	1000	0.308000	0.308000	0.266135	
1000	0.286000	1.164250	1000	0.286000	0.286000	0.266192	
1000	0.307000	1.164250	1000	0.307000	0.307000	0.266310	
1000	0.333000	1.164250	1000	0.333000	0.333000	0.266501	
1000	0.308000	1.164250	1000	0.308000	0.308000	0.266619	
1000	0.304000	1.164250	1000	0.304000	0.304000	0.266726	
1000	0.311000	1.164250	1000	0.311000	0.311000	0.266852	
1000	0.315000	1.164250	1000	0.315000	0.315000	0.266988	
1000	0.304000	1.164250	1000	0.304000	0.304000	0.267092	
1000	0.294000	1.164250	1000	0.294000	0.294000	0.267168	
1000	0.324000	1.164250	1000	0.324000	0.324000	0.267328	
1000	0.317000	1.164250	1000	0.317000	0.317000	0.267467	
1000	0.324000	1.164250	1000	0.324000	0.324000	0.267625	
1000	0.318000	1.164250	1000	0.318000	0.318000	0.267765	
1000	0.284000	1.164250	1000	0.284000	0.284000	0.267810	
1000	0.290000	1.164250	1000	0.290000	0.290000	0.267872	
1000	0.341000	1.164250	1000	0.341000	0.341000	0.268074	
1000	0.331000	1.164250	1000	0.331000	0.331000	0.268247	
1000	0.303000	1.164250	1000	0.303000	0.303000	0.268343	
1000	0.302000	1.164250	1000	0.302000	0.302000	0.268435	
1000	0.312000	1.164250	1000	0.312000	0.312000	0.268554	
1000	0.264000	1.164250	1000	0.264000	0.264000	0.268542	
1000	0.311000	1.164250	1000	0.311000	0.311000	0.268657	
1000	0.309000	1.164250	1000	0.309000	0.309000	0.268766	
1000	0.287000	1.164250	1000	0.287000	0.287000	0.268815	
1000	0.317000	1.164250	1000	0.317000	0.317000	0.268945	
1000	0.327000	1.164250	1000	0.327000	0.327000	0.269101	
1000	0.301000	1.164250	1000	0.301000	0.301000	0.269187	
1000	0.304000	1.164250	1000	0.304000	0.304000	0.269280	
1000	0.340000	1.164250	1000	0.340000	0.340000	0.269469	
1000	0.300000	1.164250	1000	0.300000	0.300000	0.269550	
1000	0.318000	1.164250	1000	0.318000	0.318000	0.269678	
1000	0.321000	1.164250	1000	0.321000	0.321000	0.269814	
1000	0.274000	1.164250	1000	0.274000	0.274000	0.269825	
1000	0.318000	1.164250	1000	0.318000	0.318000	0.269952	
1000	0.319000	1.164250	1000	0.319000	0.319000	0.270081	
1000	0.323000	1.164250	1000	0.323000	0.323000	0.270219	
1000	0.319000	1.164250	1000	0.319000	0.319000	0.270347	
1000	0.320000	1.164250	1000	0.320000	0.320000	0.270476	
1000	0.298000	1.164250	1000	0.298000	0.298000	0.270547	
1000	0.312000	1.164250	1000	0.312000	0.312000	0.270655	
1000	0.308000	1.164250	1000	0.308000	0.308000	0.270751	
1000	0.318000	1.164250	1000	0.318000	0.318000	0.270873	
1000	0.309000	1.164250	1000	0.309000	0.309000	0.270971	
1000	0.307000	1.164250	1000	0.307000	0.307000	0.271063	
1000	0.324000	1.164250	1000	0.324000	0.324000	0.271199	
1000	0.298000	1.164250	1000	0.298000	0.298000	0.271267	
1000	0.312000	1.164250	1000	0.312000	0.312000	0.271371	
1000	0.347000	1.164250	1000	0.347000	0.347000	0.271563	
1000	0.313000	1.164250	1000	0.313000	0.313000	0.271668	
1000	0.311000	1.164250	1000	0.311000	0.311000	0.271767	
1000	0.334000	1.164250	1000	0.334000	0.334000	0.271924	
1000	0.297000	1.164250	1000	0.297000	0.297000	0.271987	
1000	0.315000	1.164250	1000	0.315000	0.315000	0.272095	
1000	0.335000	1.164250	1000	0.335000	0.335000	0.272252	
1000	0.311000	1.164250	1000	0.311000	0.311000	0.272348	
1000	0.280000	1.164250	1000	0.280000	0.280000	0.272367	
1000	0.330000	1.164250	1000	0.330000	0.330000	0.272510	
1000	0.337000	1.164250	1000	0.337000	0.337000	0.272670	
1000	0.317000	1.164250	1000	0.317000	0.317000	0.272780	
1000	0.283000	1.164250	1000	0.283000	0.283000	0.272805	
1000	0.292000	1.164250	1000	0.292000	0.292000	0.272852	
1000	0.296000	1.164250	1000	0.296000	0.296000	0.272909	
1000	0.321000	1.164250	1000	0.321000	0.321000	0.273026	
1000	0.300000	1.164250	1000	0.300000	0.300000	0.273092	
1000	0.319000	1.164250	1000	0.319000	0.319000	0.273204	
1000	0.290000	1.164250	1000	0.290000	0.290000	0.273244	
1000	0.334000	1.164250	1000	0.334000	0.334000	0.273392	
1000	0.358000	1.164250	1000	0.358000	0.358000	0.273596	
1000	0.295000	1.164250	1000	0.295000	0.295000	0.273648	
1000	0.334000	1.164250	1000	0.334000	0.334000	0.273793	
1000	0.324000	1.164250	1000	0.324000	0.324000	0.273913	
1000	0.330000	1.164250	1000	0.330000	0.330000	0.274047	
1000	0.310000	1.164250	1000	0.310000	0.310000	0.274133	
1000	0.295000	1.164250	1000	0.295000	0.295000	0.274183	
1000	0.324000	1.164250	1000	0.324000	0.324000	0.274301	
1000	0.328000	1.164250	1000	0.328000	0.328000	0.274428	
1000	0.301000	1.164250	1000	0.301000	0.301000	0.274491	
1000	0.311000	1.164250	1000	0.311000	0.311000	0.274577	
1000	0.313000	1.164250	1000	0.313000	0.313000	0.274668	
1000	0.302000	1.164250	1000	0.302000	0.302000	0.274732	
1000	0.313000	1.164250	1000	0.313000	0.313000	0.274821	
1000	0.314000	1.164250	1000	0.314000	0.314000	0.274913	
1000	0.328000	1.164250	1000	0.328000	0.328000	0.275037	
1000	0.330000	1.164250	1000	0.330000	0.330000	0.275164	
1000	0.298000	1.164250	1000	0.298000	0.298000	0.275217	
1000	0.314000	1.164250	1000	0.314000	0.314000	0.275307	
1000	0.331000	1.164250	1000	0.331000	0.331000	0.275436	
1000	0.308000	1.164250	1000	0.308000	0.308000	0.275511	
1000	0.330000	1.164250	1000	0.330000	0.330000	0.275636	
1000	0.325000	1.164250	1000	0.325000	0.325000	0.275749	
1000	0.358000	1.164250	1000	0.358000	0.358000	0.275938	
1000	0.285000	1.164250	1000	0.285000	0.285000	0.275958	
1000	0.328000	1.164250	1000	0.328000	0.328000	0.276077	
1000	0.306000	1.164250	1000	0.306000	0.306000	0.276145	
1000	0.330000	1.164250	1000	0.330000	0.330000	0.276267	
1000	0.290000	1.164250	1000	0.290000	0.290000	0.276298	
1000	0.305000	1.164250	1000	0.305000	0.305000	0.276363	
1000	0.325000	1.164250	1000	0.325000	0.325000	0.276472	
1000	0.311000	1.164250	1000	0.311000	0.311000	0.276550	
1000	0.313000	1.164250	1000	0.313000	0.313000	0.276632	
1000	0.352000	1.164250	1000	0.352000	0.352000	0.276800	
1000	0.307000	1.164250	1000	0.307000	0.307000	0.276868	
1000	0.334000	1.164250	1000	0.334000	0.334000	0.276995	
1000	0.323000	1.164250	1000	0.323000	0.323000	0.277097	
1000	0.292000	1.164250	1000	0.292000	0.292000	0.277130	
1000	0.304000	1.164250	1000	0.304000	0.304000	0.277190	
1000	0.328000	1.164250	1000	0.328000	0.328000	0.277302	
1000	0.313000	1.164250	1000	0.313000	0.313000	0.277380	
1000	0.331000	1.164250	1000	0.331000	0.331000	0.277498	
1000	0.318000	1.164250	1000	0.318000	0.318000	0.277587	
1000	0.330000	1.164250	1000	0.330000	0.330000	0.277702	
1000	0.312000	1.164250	1000	0.312000	0.312000	0.277777	
1000	0.326000	1.164250	1000	0.326000	0.326000	0.277882	
1000	0.298000	1.164250	1000	0.298000	0.298000	0.277925	
1000	0.328000	1.164250	1000	0.328000	0.328000	0.278034	
1000	0.296000	1.164250	1000	0.296000	0.296000	0.278073	
1000	0.300000	1.164250	1000	0.300000	0.300000	0.278120	
1000	0.344000	1.164250	1000	0.344000	0.344000	0.278262	
1000	0.335000	1.164250	1000	0.335000	0.335000	0.278384	
1000	0.321000	1.164250	1000	0.321000	0.321000	0.278476	
1000	0.283000	1.164250	1000	0.283000	0.283000	0.278485	
1000	0.314000	1.164250	1000	0.314000	0.314000	0.278561	
1000	0.318000	1.164250	1000	0.318000	0.318000	0.278645	
1000	0.297000	1.164250	1000	0.297000	0.297000	0.278685	
1000	0.300000	1.164250	1000	0.300000	0.300000	0.278730	
1000	0.293000	1.164250	1000	0.293000	0.293000	0.278760	
1000	0.300000	1.164250	1000	0.300000	0.300000	0.278805	
1000	0.291000	1.164250	1000	0.291000	0.291000	0.278831	
1000	0.311000	1.164250	1000	0.311000	0.311000	0.278898	
1000	0.302000	1.164250	1000	0.302000	0.302000	0.278947	
1000	0.309000	1.164250	1000	0.309000	0.309000	0.279010	
1000	0.317000	1.164250	1000	0.317000	0.317000	0.279089	
1000	0.344000	1.164250	1000	0.344000	0.344000	0.279225	
1000	0.347000	1.164250	1000	0.347000	0.347000	0.279366	
1000	0.337000	1.164250	1000	0.337000	0.337000	0.279486	
1000	0.334000	1.164250	1000	0.334000	0.334000	0.279599	
1000	0.293000	1.164250	1000	0.293000	0.293000	0.279627	
1000	0.310000	1.164250	1000	0.310000	0.310000	0.279690	
1000	0.322000	1.164250	1000	0.322000	0.322000	0.279777	
1000	0.332000	1.164250	1000	0.332000	0.332000	0.279884	
1000	0.303000	1.164250	1000	0.303000	0.303000	0.279932	
1000	0.334000	1.164250	1000	0.334000	0.334000	0.280042	
1000	0.321000	1.164250	1000	0.321000	0.321000	0.280126	
1000	0.305000	1.164250	1000	0.305000	0.305000	0.280177	
1000	0.325000	1.164250	1000	0.325000	0.325000	0.280268	
1000	0.345000	1.164250	1000	0.345000	0.345000	0.280400	
1000	0.303000	1.164250	1000	0.303000	0.303000	0.280446	
1000	0.313000	1.164250	1000	0.313000	0.313000	0.280512	
1000	0.283000	1.164250	1000	0.283000	0.283000	0.280517	
1000	0.319000	1.164250	1000	0.319000	0.319000	0.280594	
1000	0.290000	1.164250	1000	0.290000	0.290000	0.280613	
1000	0.334000	1.164250	1000	0.334000	0.334000	0.280720	
1000	0.306000	1.164250	1000	0.306000	0.306000	0.280771	
1000	0.308000	1.164250	1000	0.308000	0.308000	0.280825	
1000	0.324000	1.164250	1000	0.324000	0.324000	0.280912	
1000	0.302000	1.164250	1000	0.302000	0.302000	0.280954	
1000	0.327000	1.164250	1000	0.327000	0.327000	0.281045	
1000	0.304000	1.164250	1000	0.304000	0.304000	0.281091	
1000	0.285000	1.164250	1000	0.285000	0.285000	0.281098	
1000	0.316000	1.164250	1000	0.316000	0.316000	0.281167	
1000	0.304000	1.164250	1000	0.304000	0.304000	0.281212	
1000	0.321000	1.164250	1000	0.321000	0.321000	0.281291	
1000	0.304000	1.164250	1000	0.304000	0.304000	0.281335	
1000	0.301000	1.164250	1000	0.301000	0.301000	0.281374	
1000	0.293000	1.164250	1000	0.293000	0.293000	0.281397	
1000	0.327000	1.164250	1000	0.327000	0.327000	0.281486	
1000	0.297000	1.164250	1000	0.297000	0.297000	0.281516	
1000	0.309000	1.164250	1000	0.309000	0.309000	0.281569	
1000	0.326000	1.164250	1000	0.326000	0.326000	0.281656	
1000	0.299000	1.164250	1000	0.299000	0.299000	0.281689	
1000	0.311000	1.164250	1000	0.311000	0.311000	0.281746	
1000	0.261000	1.164250	1000	0.261000	0.261000	0.281706	
1000	0.300000	1.164250	1000	0.300000	0.300000	0.281741	
1000	0.353000	1.164250	1000	0.353000	0.353000	0.281878	
1000	0.284000	1.164250	1000	0.284000	0.284000	0.281882	
1000	0.295000	1.164250	1000	0.295000	0.295000	0.281908	
1000	0.312000	1.164250	1000	0.312000	0.312000	0.281965	
1000	0.288000	1.164250	1000	0.288000	0.288000	0.281977	
1000	0.307000	1.164250	1000	0.307000	0.307000	0.282024	
1000	0.311000	1.164250	1000	0.311000	0.311000	0.282079	
1000	0.283000	1.164250	1000	0.283000	0.283000	0.282081	
1000	0.329000	1.164250	1000	0.329000	0.329000	0.282170	
1000	0.273000	1.164250	1000	0.273000	0.273000	0.282153	
1000	0.280000	1.164250	1000	0.280000	0.280000	0.282149	
1000	0.311000	1.164250	1000	0.311000	0.311000	0.282203	
1000	0.295000	1.164250	1000	0.295000	0.295000	0.282227	
1000	0.294000	1.164250	1000	0.294000	0.294000	0.282249	
1000	0.323000	1.164250	1000	0.323000	0.323000	0.282325	
1000	0.283000	1.164250	1000	0.283000	0.283000	0.282327	
1000	0.315000	1.164250	1000	0.315000	0.315000	0.282388	
1000	0.324000	1.164250	1000	0.324000	0.324000	0.282465	
1000	0.298000	1.164250	1000	0.298000	0.298000	0.282494	
1000	0.326000	1.164250	1000	0.326000	0.326000	0.282575	
1000	0.331000	1.164250	1000	0.331000	0.331000	0.282664	
1000	0.297000	1.164250	1000	0.297000	0.297000	0.282691	
1000	0.309000	1.164250	1000	0.309000	0.309000	0.282739	
1000	0.288000	1.164250	1000	0.288000	0.288000	0.282749	
1000	0.334000	1.164250	1000	0.334000	0.334000	0.282843	
1000	0.311000	1.164250	1000	0.311000	0.311000	0.282895	
1000	0.295000	1.164250	1000	0.295000	0.295000	0.282917	
1000	0.336000	1.164250	1000	0.336000	0.336000	0.283014	
1000	0.320000	1.164250	1000	0.320000	0.320000	0.283082	
1000	0.298000	1.164250	1000	0.298000	0.298000	0.283109	
1000	0.315000	1.164250	1000	0.315000	0.315000	0.283167	
1000	0.279000	1.164250	1000	0.279000	0.279000	0.283159	
1000	0.315000	1.164250	1000	0.315000	0.315000	0.283217	
1000	0.312000	1.164250	1000	0.312000	0.312000	0.283269	
1000	0.321000	1.164250	1000	0.321000	0.321000	0.283337	
1000	0.289000	1.164250	1000	0.289000	0.289000	0.283347	
1000	0.295000	1.164250	1000	0.295000	0.295000	0.283368	
1000	0.297000	1.164250	1000	0.297000	0.297000	0.283393	
1000	0.330000	1.164250	1000	0.330000	0.330000	0.283476	
1000	0.290000	1.164250	1000	0.290000	0.290000	0.283488	
1000	0.326000	1.164250	1000	0.326000	0.326000	0.283564	
1000	0.329000	1.164250	1000	0.329000	0.329000	0.283645	
1000	0.317000	1.164250	1000	0.317000	0.317000	0.283704	
1000	0.289000	1.164250	1000	0.289000	0.289000	0.283714	
1000	0.304000	1.164250	1000	0.304000	0.304000	0.283749	
1000	0.328000	1.164250	1000	0.328000	0.328000	0.283828	
1000	0.319000	1.164250	1000	0.319000	0.319000	0.283890	
1000	0.306000	1.164250	1000	0.306000	0.306000	0.283929	
1000	0.346000	1.164250	1000	0.346000	0.346000	0.284038	
1000	0.306000	1.164250	1000	0.306000	0.306000	0.284077	
1000	0.327000	1.164250	1000	0.327000	0.327000	0.284152	
1000	0.336000	1.164250	1000	0.336000	0.336000	0.284243	
1000	0.299000	1.164250	1000	0.299000	0.299000	0.284269	
1000	0.300000	1.164250	1000	0.300000	0.300000	0.284296	
1000	0.344000	1.164250	1000	0.344000	0.344000	0.284400	
1000	0.319000	1.164250	1000	0.319000	0.319000	0.284460	
1000	0.303000	1.164250	1000	0.303000	0.303000	0.284493	
1000	0.317000	1.164250	1000	0.317000	0.317000	0.284549	
1000	0.297000	1.164250	1000	0.297000	0.297000	0.284570	
1000	0.294000	1.164250	1000	0.294000	0.294000	0.284587	
1000	0.293000	1.164250	1000	0.293000	0.293000	0.284601	
1000	0.312000	1.164250	1000	0.312000	0.312000	0.284648	
1000	0.296000	1.164250	1000	0.296000	0.296000	0.284668	
1000	0.322000	1.164250	1000	0.322000	0.322000	0.284732	
1000	0.309000	1.164250	1000	0.309000	0.309000	0.284773	
1000	0.328000	1.164250	1000	0.328000	0.328000	0.284847	
1000	0.296000	1.164250	1000	0.296000	0.296000	0.284866	
1000	0.323000	1.164250	1000	0.323000	0.323000	0.284931	
1000	0.346000	1.164250	1000	0.346000	0.346000	0.285035	
1000	0.326000	1.164250	1000	0.326000	0.326000	0.285105	
1000	0.299000	1.164250	1000	0.299000	0.299000	0.285128	
1000	0.333000	1.164250	1000	0.333000	0.333000	0.285209	
1000	0.339000	1.164250	1000	0.339000	0.339000	0.285300	
1000	0.346000	1.164250	1000	0.346000	0.346000	0.285403	
1000	0.331000	1.164250	1000	0.331000	0.331000	0.285479	
1000	0.318000	1.164250	1000	0.318000	0.318000	0.285534	
1000	0.360000	1.164250	1000	0.360000	0.360000	0.285659	
1000	0.297000	1.164250	1000	0.297000	0.297000	0.285678	
1000	0.364000	1.164250	1000	0.364000	0.364000	0.285809	
1000	0.323000	1.164250	1000	0.323000	0.323000	0.285871	
1000	0.329000	1.164250	1000	0.329000	0.329000	0.285943	
1000	0.324000	1.164250	1000	0.324000	0.324000	0.286006	
1000	0.318000	1.164250	1000	0.318000	0.318000	0.286059	
1000	0.340000	1.164250	1000	0.340000	0.340000	0.286149	
1000	0.329000	1.164250	1000	0.329000	0.329000	0.286220	
1000	0.336000	1.164250	1000	0.336000	0.336000	0.286302	
1000	0.318000	1.164250	1000	0.318000	0.318000	0.286354	
1000	0.338000	1.164250	1000	0.338000	0.338000	0.286439	
1000	0.326000	1.164250	1000	0.326000	0.326000	0.286504	
1000	0.306000	1.164250	1000	0.306000	0.306000	0.286536	
1000	0.287000	1.164250	1000	0.287000	0.287000	0.286537	
1000	0.350000	1.164250	1000	0.350000	0.350000	0.286641	
1000	0.360000	1.164250	1000	0.360000	0.360000	0.286761	
1000	0.307000	1.164250	1000	0.307000	0.307000	0.286794	
1000	0.308000	1.164250	1000	0.308000	0.308000	0.286829	
1000	0.309000	1.164250	1000	0.309000	0.309000	0.286865	
1000	0.295000	1.164250	1000	0.295000	0.295000	0.286878	
1000	0.338000	1.164250	1000	0.338000	0.338000	0.286961	
1000	0.313000	1.164250	1000	0.313000	0.313000	0.287003	
1000	0.314000	1.164250	1000	0.314000	0.314000	0.287046	
1000	0.305000	1.164250	1000	0.305000	0.305000	0.287075	
1000	0.323000	1.164250	1000	0.323000	0.323000	0.287133	
1000	0.325000	1.164250	1000	0.325000	0.325000	0.287194	
1000	0.315000	1.164250	1000	0.315000	0.315000	0.287239	
1000	0.343000	1.164250	1000	0.343000	0.343000	0.287328	
1000	0.309000	1.164250	1000	0.309000	0.309000	0.287363	
1000	0.353000	1.164250	1000	0.353000	0.353000	0.287468	
1000	0.307000	1.164250	1000	0.307000	0.307000	0.287499	
1000	0.315000	1.164250	1000	0.315000	0.315000	0.287543	
1000	0.300000	1.164250	1000	0.300000	0.300000	0.287562	
1000	0.326000	1.164250	1000	0.326000	0.326000	0.287623	
1000	0.311000	1.164250	1000	0.311000	0.311000	0.287660	
1000	0.305000	1.164250	1000	0.305000	0.305000	0.287688	
1000	0.329000	1.164250	1000	0.329000	0.329000	0.287753	
1000	0.301000	1.164250	1000	0.301000	0.301000	0.287774	
1000	0.314000	1.164250	1000	0.314000	0.314000	0.287815	
1000	0.338000	1.164250	1000	0.338000	0.338000	0.287894	
1000	0.342000	1.164250	1000	0.342000	0.342000	0.287979	
1000	0.295000	1.164250	1000	0.295000	0.295000	0.287990	
1000	0.331000	1.164250	1000	0.331000	0.331000	0.288057	
1000	0.312000	1.164250	1000	0.312000	0.312000	0.288095	
1000	0.328000	1.164250	1000	0.328000	0.328000	0.288157	
1000	0.315000	1.164250	1000	0.315000	0.315000	0.288199	
1000	0.299000	1.164250	1000	0.299000	0.299000	0.288216	
1000	0.329000	1.164250	1000	0.329000	0.329000	0.288279	
1000	0.360000	1.164250	1000	0.360000	0.360000	0.288390	
1000	0.325000	1.164250	1000	0.325000	0.325000	0.288447	
1000	0.309000	1.164250	1000	0.309000	0.309000	0.288479	
1000	0.268000	1.164250	1000	0.268000	0.268000	0.288447	
1000	0.318000	1.164250	1000	0.318000	0.318000	0.288493	
1000	0.303000	1.164250	1000	0.303000	0.303000	0.288515	
1000	0.306000	1.164250	1000	0.306000	0.306000	0.288542	
1000	0.318000	1.164250	1000	0.318000	0.318000	0.288587	
1000	0.319000	1.164250	1000	0.319000	0.319000	0.288634	
1000	0.328000	1.164250	1000	0.328000	0.328000	0.288694	
1000	0.314000	1.164250	1000	0.314000	0.314000	0.288732	
1000	0.328000	1.164250	1000	0.328000	0.328000	0.288792	
1000	0.329000	1.164250	1000	0.329000	0.329000	0.288853	
1000	0.325000	1.164250	1000	0.325000	0.325000	0.288908	
1000	0.342000	1.164250	1000	0.342000	0.342000	0.288989	
1000	0.310000	1.164250	1000	0.310000	0.310000	0.289021	
1000	0.322000	1.164250	1000	0.322000	0.322000	0.289071	
1000	0.306000	1.164250	1000	0.306000	0.306000	0.289096	
1000	0.326000	1.164250	1000	0.326000	0.326000	0.289152	
1000	0.319000	1.164250	1000	0.319000	0.319000	0.289197	
1000	0.310000	1.164250	1000	0.310000	0.310000	0.289228	
1000	0.315000	1.164250	1000	0.315000	0.315000	0.289267	
1000	0.286000	1.164250	1000	0.286000	0.286000	0.289262	
1000	0.313000	1.164250	1000	0.313000	0.313000	0.289297	
1000	0.333000	1.164250	1000	0.333000	0.333000	0.289363	
1000	0.326000	1.164250	1000	0.326000	0.326000	0.289417	
1000	0.302000	1.164250	1000	0.302000	0.302000	0.289436	
1000	0.317000	1.164250	1000	0.317000	0.317000	0.289477	
1000	0.347000	1.164250	1000	0.347000	0.347000	0.289563	
1000	0.304000	1.164250	1000	0.304000	0.304000	0.289584	
1000	0.348000	1.164250	1000	0.348000	0.348000	0.289671	
1000	0.309000	1.164250	1000	0.309000	0.309000	0.289699	
1000	0.314000	1.164250	1000	0.314000	0.314000	0.289735	
1000	0.308000	1.164250	1000	0.308000	0.308000	0.289762	
1000	0.327000	1.164250	1000	0.327000	0.327000	0.289817	
1000	0.299000	1.164250	1000	0.299000	0.299000	0.289830	
1000	0.291000	1.164250	1000	0.291000	0.291000	0.289832	
1000	0.296000	1.164250	1000	0.296000	0.296000	0.289841	
1000	0.310000	1.164250	1000	0.310000	0.310000	0.289871	
1000	0.287000	1.164250	1000	0.287000	0.287000	0.289867	
1000	0.307000	1.164250	1000	0.307000	0.307000	0.289892	
1000	0.307000	1.164250	1000	0.307000	0.307000	0.289916	
1000	0.315000	1.164250	1000	0.315000	0.315000	0.289953	
1000	0.326000	1.164250	1000	0.326000	0.326000	0.290005	
1000	0.310000	1.164250	1000	0.310000	0.310000	0.290034	
1000	0.346000	1.164250	1000	0.346000	0.346000	0.290116	
1000	0.294000	1.164250	1000	0.294000	0.294000	0.290121	
1000	0.319000	1.164250	1000	0.319000	0.319000	0.290163	
1000	0.299000	1.164250	1000	0.299000	0.299000	0.290176	
1000	0.337000	1.164250	1000	0.337000	0.337000	0.290243	
1000	0.330000	1.164250	1000	0.330000	0.330000	0.290300	
1000	0.338000	1.164250	1000	0.338000	0.338000	0.290369	
1000	0.314000	1.164250	1000	0.314000	0.314000	0.290403	
1000	0.308000	1.164250	1000	0.308000	0.308000	0.290428	
1000	0.314000	1.164250	1000	0.314000	0.314000	0.290462	
1000	0.309000	1.164250	1000	0.309000	0.309000	0.290488	
1000	0.326000	1.164250	1000	0.326000	0.326000	0.290539	
1000	0.297000	1.164250	1000	0.297000	0.297000	0.290548	
1000	0.315000	1.164250	1000	0.315000	0.315000	0.290583	
1000	0.336000	1.164250	1000	0.336000	0.336000	0.290647	
1000	0.278000	1.164250	1000	0.278000	0.278000	0.290629	
1000	0.284000	1.164250	1000	0.284000	0.284000	0.290620	
1000	0.287000	1.164250	1000	0.287000	0.287000	0.290615	
1000	0.316000	1.164250	1000	0.316000	0.316000	0.290651	
1000	0.302000	1.164250	1000	0.302000	0.302000	0.290667	
1000	0.315000	1.164250	1000	0.315000	0.315000	0.290701	
1000	0.350000	1.164250	1000	0.350000	0.350000	0.290784	
1000	0.317000	1.164250	1000	0.317000	0.317000	0.290821	
1000	0.288000	1.164250	1000	0.288000	0.288000	0.290817	
1000	0.350000	1.164250	1000	0.350000	0.350000	0.290900	
1000	0.289000	1.164250	1000	0.289000	0.289000	0.290897	
1000	0.338000	1.164250	1000	0.338000	0.338000	0.290963	
1000	0.332000	1.164250	1000	0.332000	0.332000	0.291021	
1000	0.314000	1.164250	1000	0.314000	0.314000	0.291053	
1000	0.338000	1.164250	1000	0.338000	0.338000	0.291118	
1000	0.332000	1.164250	1000	0.332000	0.332000	0.291175	
1000	0.315000	1.164250	1000	0.315000	0.315000	0.291208	
1000	0.316000	1.164250	1000	0.316000	0.316000	0.291242	
1000	0.311000	1.164250	1000	0.311000	0.311000	0.291269	
1000	0.317000	1.164250	1000	0.317000	0.317000	0.291305	
1000	0.327000	1.164250	1000	0.327000	0.327000	0.291354	
1000	0.316000	1.164250	1000	0.316000	0.316000	0.291388	
1000	0.365000	1.164250	1000	0.365000	0.365000	0.291489	
1000	0.337000	1.164250	1000	0.337000	0.337000	0.291552	
1000	0.315000	1.164250	1000	0.315000	0.315000	0.291584	
1000	0.297000	1.164250	1000	0.297000	0.297000	0.291591	
1000	0.314000	1.164250	1000	0.314000	0.314000	0.291622	
1000	0.318000	1.164250	1000	0.318000	0.318000	0.291658	
1000	0.331000	1.164250	1000	0.331000	0.331000	0.291712	
1000	0.294000	1.164250	1000	0.294000	0.294000	0.291715	
1000	0.326000	1.164250	1000	0.326000	0.326000	0.291762	
1000	0.328000	1.164250	1000	0.328000	0.328000	0.291811	
1000	0.293000	1.164250	1000	0.293000	0.293000	0.291812	
1000	0.307000	1.164250	1000	0.307000	0.307000	0.291833	
1000	0.321000	1.164250	1000	0.321000	0.321000	0.291872	
1000	0.317000	1.164250	1000	0.317000	0.317000	0.291906	
1000	0.323000	1.164250	1000	0.323000	0.323000	0.291948	
1000	0.335000	1.164250	1000	0.335000	0.335000	0.292006	
1000	0.312000	1.164250	1000	0.312000	0.312000	0.292033	
1000	0.310000	1.164250	1000	0.310000	0.310000	0.292057	
1000	0.345000	1.164250	1000	0.345000	0.345000	0.292128	
1000	0.297000	1.164250	1000	0.297000	0.297000	0.292135	
1000	0.275000	1.164250	1000	0.275000	0.275000	0.292112	
1000	0.311000	1.164250	1000	0.311000	0.311000	0.292137	
1000	0.356000	1.164250	1000	0.356000	0.356000	0.292223	
1000	0.327000	1.164250	1000	0.327000	0.327000	0.292269	
1000	0.309000	1.164250	1000	0.309000	0.309000	0.292291	
1000	0.294000	1.164250	1000	0.294000	0.294000	0.292293	
1000	0.312000	1.164250	1000	0.312000	0.312000	0.292320	
1000	0.313000	1.164250	1000	0.313000	0.313000	0.292347	
1000	0.310000	1.164250	1000	0.310000	0.310000	0.292370	
1000	0.324000	1.164250	1000	0.324000	0.324000	0.292412	
1000	0.307000	1.164250	1000	0.307000	0.307000	0.292432	
1000	0.341000	1.164250	1000	0.341000	0.341000	0.292496	
1000	0.314000	1.164250	1000	0.314000	0.314000	0.292524	
1000	0.336000	1.164250	1000	0.336000	0.336000	0.292581	
1000	0.294000	1.164250	1000	0.294000	0.294000	0.292583	
1000	0.322000	1.164250	1000	0.322000	0.322000	0.292622	
1000	0.302000	1.164250	1000	0.302000	0.302000	0.292634	
1000	0.349000	1.164250	1000	0.349000	0.349000	0.292708	
1000	0.308000	1.164250	1000	0.308000	0.308000	0.292728	
1000	0.301000	1.164250	1000	0.301000	0.301000	0.292739	
1000	0.313000	1.164250	1000	0.313000	0.313000	0.292765	
1000	0.318000	1.164250	1000	0.318000	0.318000	0.292798	
1000	0.320000	1.164250	1000	0.320000	0.320000	0.292833	
1000	0.298000	1.164250	1000	0.298000	0.298000	0.292840	
1000	0.324000	1.164250	1000	0.324000	0.324000	0.292880	
1000	0.303000	1.164250	1000	0.303000	0.303000	0.292893	
1000	0.306000	1.164250	1000	0.306000	0.306000	0.292910	
1000	0.330000	1.164250	1000	0.330000	0.330000	0.292958	
1000	0.313000	1.164250	1000	0.313000	0.313000	0.292984	
1000	0.339000	1.164250	1000	0.339000	0.339000	0.293043	
1000	0.293000	1.164250	1000	0.293000	0.293000	0.293043	
1000	0.349000	1.164250	1000	0.349000	0.349000	0.293115	
1000	0.308000	1.164250	1000	0.308000	0.308000	0.293134	
1000	0.312000	1.164250	1000	0.312000	0.312000	0.293159	
1000	0.315000	1.164250	1000	0.315000	0.315000	0.293187	
1000	0.331000	1.164250	1000	0.331000	0.331000	0.293235	
1000	0.330000	1.164250	1000	0.330000	0.330000	0.293282	
1000	0.289000	1.164250	1000	0.289000	0.289000	0.293276	
1000	0.331000	1.164250	1000	0.331000	0.331000	0.293324	
1000	0.288000	1.164250	1000	0.288000	0.288000	0.293318	
1000	0.288000	1.164250	1000	0.288000	0.288000	0.293311	
1000	0.332000	1.164250	1000	0.332000	0.332000	0.293360	
1000	0.309000	1.164250	1000	0.309000	0.309000	0.293380	
1000	0.304000	1.164250	1000	0.304000	0.304000	0.293393	
1000	0.340000	1.164250	1000	0.340000	0.340000	0.293452	
1000	0.304000	1.164250	1000	0.304000	0.304000	0.293466	
1000	0.265000	1.164250	1000	0.265000	0.265000	0.293430	
1000	0.321000	1.164250	1000	0.321000	0.321000	0.293464	
1000	0.304000	1.164250	1000	0.304000	0.304000	0.293478	
1000	0.324000	1.164250	1000	0.324000	0.324000	0.293516	
1000	0.343000	1.164250	1000	0.343000	0.343000	0.293578	
1000	0.315000	1.164250	1000	0.315000	0.315000	0.293605	
1000	0.279000	1.164250	1000	0.279000	0.279000	0.293587	
1000	0.322000	1.164250	1000	0.322000	0.322000	0.293622	
1000	0.276000	1.164250	1000	0.276000	0.276000	0.293600	
1000	0.340000	1.164250	1000	0.340000	0.340000	0.293658	
1000	0.332000	1.164250	1000	0.332000	0.332000	0.293706	
1000	0.297000	1.164250	1000	0.297000	0.297000	0.293710	
1000	0.325000	1.164250	1000	0.325000	0.325000	0.293749	
1000	0.291000	1.164250	1000	0.291000	0.291000	0.293745	
1000	0.306000	1.164250	1000	0.306000	0.306000	0.293760	
1000	0.297000	1.164250	1000	0.297000	0.297000	0.293764	
1000	0.323000	1.164250	1000	0.323000	0.323000	0.293801	
1000	0.316000	1.164250	1000	0.316000	0.316000	0.293828	
1000	0.317000	1.164250	1000	0.317000	0.317000	0.293857	
1000	0.316000	1.164250	1000	0.316000	0.316000	0.293884	
1000	0.345000	1.164250	1000	0.345000	0.345000	0.293947	
1000	0.309000	1.164250	1000	0.309000	0.309000	0.293965	
1000	0.321000	1.164250	1000	0.321000	0.321000	0.293998	
1000	0.293000	1.164250	1000	0.293000	0.293000	0.293997	
1000	0.316000	1.164250	1000	0.316000	0.316000	0.294024	
1000	0.296000	1.164250	1000	0.296000	0.296000	0.294027	
1000	0.315000	1.164250	1000	0.315000	0.315000	0.294052	
1000	0.315000	1.164250	1000	0.315000	0.315000	0.294078	
1000	0.296000	1.164250	1000	0.296000	0.296000	0.294080	
1000	0.300000	1.164250	1000	0.300000	0.300000	0.294087	
1000	0.301000	1.164250	1000	0.301000	0.301000	0.294096	
1000	0.335000	1.164250	1000	0.335000	0.335000	0.294145	
1000	0.334000	1.164250	1000	0.334000	0.334000	0.294194	
1000	0.288000	1.164250	1000	0.288000	0.288000	0.294186	
1000	0.299000	1.164250	1000	0.299000	0.299000	0.294192	
1000	0.312000	1.164250	1000	0.312000	0.312000	0.294213	
1000	0.302000	1.164250	1000	0.302000	0.302000	0.294223	
1000	0.319000	1.164250	1000	0.319000	0.319000	0.294253	
1000	0.318000	1.164250	1000	0.318000	0.318000	0.294281	
1000	0.301000	1.164250	1000	0.301000	0.301000	0.294289	
1000	0.357000	1.164250	1000	0.357000	0.357000	0.294365	
1000	0.292000	1.164250	1000	0.292000	0.292000	0.294362	
1000	0.303000	1.164250	1000	0.303000	0.303000	0.294372	
1000	0.351000	1.164250	1000	0.351000	0.351000	0.294440	
1000	0.305000	1.164250	1000	0.305000	0.305000	0.294452	
1000	0.304000	1.164250	1000	0.304000	0.304000	0.294464	
1000	0.306000	1.164250	1000	0.306000	0.306000	0.294478	
1000	0.339000	1.164250	1000	0.339000	0.339000	0.294531	
1000	0.302000	1.164250	1000	0.302000	0.302000	0.294539	
1000	0.306000	1.164250	1000	0.306000	0.306000	0.294553	
1000	0.311000	1.164250	1000	0.311000	0.311000	0.294573	
1000	0.300000	1.164250	1000	0.300000	0.300000	0.294579	
1000	0.302000	1.164250	1000	0.302000	0.302000	0.294588	
1000	0.315000	1.164250	1000	0.315000	0.315000	0.294612	
1000	0.303000	1.164250	1000	0.303000	0.303000	0.294622	
1000	0.316000	1.164250	1000	0.316000	0.316000	0.294647	
1000	0.297000	1.164250	1000	0.297000	0.297000	0.294650	
1000	0.331000	1.164250	1000	0.331000	0.331000	0.294693	
1000	0.312000	1.164250	1000	0.312000	0.312000	0.294713	
1000	0.324000	1.164250	1000	0.324000	0.324000	0.294747	
1000	0.306000	1.164250	1000	0.306000	0.306000	0.294760	
1000	0.323000	1.164250	1000	0.323000	0.323000	0.294794	
1000	0.322000	1.164250	1000	0.322000	0.322000	0.294825	
1000	0.317000	1.164250	1000	0.317000	0.317000	0.294851	
1000	0.307000	1.164250	1000	0.307000	0.307000	0.294865	
1000	0.331000	1.164250	1000	0.331000	0.331000	0.294908	
1000	0.283000	1.164250	1000	0.283000	0.283000	0.294894	
1000	0.324000	1.164250	1000	0.324000	0.324000	0.294928	
1000	0.304000	1.164250	1000	0.304000	0.304000	0.294938	
1000	0.321000	1.164250	1000	0.321000	0.321000	0.294968	
1000	0.331000	1.164250	1000	0.331000	0.331000	0.295010	
1000	0.299000	1.164250	1000	0.299000	0.299000	0.295015	
1000	0.313000	1.164250	1000	0.313000	0.313000	0.295035	
1000	0.275000	1.164250	1000	0.275000	0.275000	0.295012	
1000	0.294000	1.164250	1000	0.294000	0.294000	0.295011	
1000	0.323000	1.164250	1000	0.323000	0.323000	0.295043	
1000	0.325000	1.164250	1000	0.325000	0.325000	0.295078	
1000	0.311000	1.164250	1000	0.311000	0.311000	0.295096	
1000	0.337000	1.164250	1000	0.337000	0.337000	0.295144	
1000	0.303000	1.164250	1000	0.303000	0.303000	0.295153	
1000	0.296000	1.164250	1000	0.296000	0.296000	0.295154	
1000	0.321000	1.164250	1000	0.321000	0.321000	0.295184	
1000	0.301000	1.164250	1000	0.301000	0.301000	0.295191	
1000	0.341000	1.164250	1000	0.341000	0.341000	0.295243	
1000	0.333000	1.164250	1000	0.333000	0.333000	0.295286	
1000	0.307000	1.164250	1000	0.307000	0.307000	0.295299	
1000	0.307000	1.164250	1000	0.307000	0.307000	0.295313	
1000	0.305000	1.164250	1000	0.305000	0.305000	0.295324	
1000	0.310000	1.164250	1000	0.310000	0.310000	0.295340	
1000	0.305000	1.164250	1000	0.305000	0.305000	0.295351	
1000	0.315000	1.164250	1000	0.315000	0.315000	0.295373	
1000	0.315000	1.164250	1000	0.315000	0.315000	0.295396	
1000	0.333000	1.164250	1000	0.333000	0.333000	0.295438	
1000	0.314000	1.164250	1000	0.314000	0.314000	0.295459	
1000	0.327000	1.164250	1000	0.327000	0.327000	0.295495	
1000	0.288000	1.164250	1000	0.288000	0.288000	0.295486	
1000	0.318000	1.164250	1000	0.318000	0.318000	0.295511	
1000	0.269000	1.164250	1000	0.269000	0.269000	0.295482	
1000	0.336000	1.164250	1000	0.336000	0.336000	0.295527	
1000	0.326000	1.164250	1000	0.326000	0.326000	0.295561	
1000	0.319000	1.164250	1000	0.319000	0.319000	0.295588	
1000	0.302000	1.164250	1000	0.302000	0.302000	0.295595	
1000	0.306000	1.164250	1000	0.306000	0.306000	0.295606	
1000	0.293000	1.164250	1000	0.293000	0.293000	0.295603	
1000	0.313000	1.164250	1000	0.313000	0.313000	0.295623	
1000	0.297000	1.164250	1000	0.297000	0.297000	0.295624	
1000	0.299000	1.164250	1000	0.299000	0.299000	0.295628	
1000	0.314000	1.164250	1000	0.314000	0.314000	0.295649	
1000	0.302000	1.164250	1000	0.302000	0.302000	0.295656	
1000	0.300000	1.164250	1000	0.300000	0.300000	0.295660	
1000	0.292000	1.164250	1000	0.292000	0.292000	0.295656	
1000	0.348000	1.164250	1000	0.348000	0.348000	0.295714	
1000	0.276000	1.164250	1000	0.276000	0.276000	0.295692	
1000	0.290000	1.164250	1000	0.290000	0.290000	0.295686	
1000	0.288000	1.164250	1000	0.288000	0.288000	0.295678	
1000	0.318000	1.164250	1000	0.318000	0.318000	0.295702	
1000	0.296000	1.164250	1000	0.296000	0.296000	0.295703	
1000	0.311000	1.164250	1000	0.311000	0.311000	0.295719	
1000	0.291000	1.164250	1000	0.291000	0.291000	0.295714	
1000	0.310000	1.164250	1000	0.310000	0.310000	0.295730	
1000	0.330000	1.164250	1000	0.330000	0.330000	0.295767	
1000	0.322000	1.164250	1000	0.322000	0.322000	0.295796	
1000	0.282000	1.164250	1000	0.282000	0.282000	0.295781	
1000	0.304000	1.164250	1000	0.304000	0.304000	0.295790	
1000	0.310000	1.164250	1000	0.310000	0.310000	0.295806	
1000	0.288000	1.164250	1000	0.288000	0.288000	0.295797	
1000	0.315000	1.164250	1000	0.315000	0.315000	0.295818	
1000	0.319000	1.164250	1000	0.319000	0.319000	0.295843	
1000	0.294000	1.164250	1000	0.294000	0.294000	0.295841	
1000	0.310000	1.164250	1000	0.310000	0.310000	0.295857	
1000	0.321000	1.164250	1000	0.321000	0.321000	0.295884	
1000	0.293000	1.164250	1000	0.293000	0.293000	0.295881	
1000	0.296000	1.164250	1000	0.296000	0.296000	0.295881	
1000	0.334000	1.164250	1000	0.334000	0.334000	0.295922	
1000	0.327000	1.164250	1000	0.327000	0.327000	0.295955	
1000	0.311000	1.164250	1000	0.311000	0.311000	0.295972	
1000	0.344000	1.164250	1000	0.344000	0.344000	0.296023	
1000	0.319000	1.164250	1000	0.319000	0.319000	0.296048	
1000	0.280000	1.164250	1000	0.280000	0.280000	0.296031	
1000	0.294000	1.164250	1000	0.294000	0.294000	0.296029	
1000	0.334000	1.164250	1000	0.334000	0.334000	0.296069	
1000	0.308000	1.164250	1000	0.308000	0.308000	0.296082	
1000	0.332000	1.164250	1000	0.332000	0.332000	0.296121	
1000	0.320000	1.164250	1000	0.320000	0.320000	0.296146	
1000	0.303000	1.164250	1000	0.303000	0.303000	0.296153	
1000	0.296000	1.164250	1000	0.296000	0.296000	0.296153	
1000	0.353000	1.164250	1000	0.353000	0.353000	0.296214	
1000	0.331000	1.164250	1000	0.331000	0.331000	0.296251	
1000	0.318000	1.164250	1000	0.318000	0.318000	0.296274	
1000	0.344000	1.164250	1000	0.344000	0.344000	0.296325	
1000	0.339000	1.164250	1000	0.339000	0.339000	0.296370	
1000	0.331000	1.164250	1000	0.331000	0.331000	0.296406	
1000	0.319000	1.164250	1000	0.319000	0.319000	0.296430	
1000	0.299000	1.164250	1000	0.299000	0.299000	0.296433	
1000	0.322000	1.164250	1000	0.322000	0.322000	0.296460	
1000	0.325000	1.164250	1000	0.325000	0.325000	0.296490	
1000	0.360000	1.164250	1000	0.360000	0.360000	0.296557	
1000	0.301000	1.164250	1000	0.301000	0.301000	0.296562	
1000	0.330000	1.164250	1000	0.330000	0.330000	0.296597	
1000	0.314000	1.164250	1000	0.314000	0.314000	0.296615	
1000	0.275000	1.164250	1000	0.275000	0.275000	0.296593	
1000	0.302000	1.164250	1000	0.302000	0.302000	0.296598	
1000	0.290000	1.164250	1000	0.290000	0.290000	0.296591	
1000	0.333000	1.164250	1000	0.333000	0.333000	0.296629	
1000	0.332000	1.164250	1000	0.332000	0.332000	0.296666	
1000	0.314000	1.164250	1000	0.314000	0.314000	0.296684	
1000	0.328000	1.164250	1000	0.328000	0.328000	0.296717	
1000	0.306000	1.164250	1000	0.306000	0.306000	0.296727	
1000	0.320000	1.164250	1000	0.320000	0.320000	0.296751	
1000	0.320000	1.164250	1000	0.320000	0.320000	0.296775	
1000	0.316000	1.164250	1000	0.316000	0.316000	0.296795	
1000	0.321000	1.164250	1000	0.321000	0.321000	0.296820	
1000	0.328000	1.164250	1000	0.328000	0.328000	0.296853	
1000	0.338000	1.164250	1000	0.338000	0.338000	0.296895	
1000	0.319000	1.164250	1000	0.319000	0.319000	0.296918	
1000	0.311000	1.164250	1000	0.311000	0.311000	0.296933	
1000	0.317000	1.164250	1000	0.317000	0.317000	0.296953	
1000	0.318000	1.164250	1000	0.318000	0.318000	0.296975	
1000	0.326000	1.164250	1000	0.326000	0.326000	0.297005	
1000	0.326000	1.164250	1000	0.326000	0.326000	0.297035	
1000	0.304000	1.164250	1000	0.304000	0.304000	0.297042	
1000	0.305000	1.164250	1000	0.305000	0.305000	0.297050	
1000	0.326000	1.164250	1000	0.326000	0.326000	0.297080	
1000	0.299000	1.164250	1000	0.299000	0.299000	0.297082	
1000	0.271000	1.164250	1000	0.271000	0.271000	0.297055	
1000	0.310000	1.164250	1000	0.310000	0.310000	0.297068	
1000	0.298000	1.164250	1000	0.298000	0.298000	0.297069	
1000	0.299000	1.164250	1000	0.299000	0.299000	0.297071	
1000	0.303000	1.164250	1000	0.303000	0.303000	0.297077	
1000	0.293000	1.164250	1000	0.293000	0.293000	0.297073	
1000	0.298000	1.164250	1000	0.298000	0.298000	0.297074	
1000	0.323000	1.164250	1000	0.323000	0.323000	0.297100	
1000	0.290000	1.164250	1000	0.290000	0.290000	0.297093	
1000	0.324000	1.164250	1000	0.324000	0.324000	0.297120	
1000	0.324000	1.164250	1000	0.324000	0.324000	0.297148	
1000	0.327000	1.164250	1000	0.327000	0.327000	0.297178	
1000	0.335000	1.164250	1000	0.335000	0.335000	0.297216	
1000	0.317000	1.164250	1000	0.317000	0.317000	0.297236	
1000	0.306000	1.164250	1000	0.306000	0.306000	0.297245	
1000	0.316000	1.164250	1000	0.316000	0.316000	0.297264	
1000	0.305000	1.164250	1000	0.305000	0.305000	0.297272	
1000	0.297000	1.164250	1000	0.297000	0.297000	0.297271	
1000	0.322000	1.164250	1000	0.322000	0.322000	0.297296	
1000	0.325000	1.164250	1000	0.325000	0.325000	0.297324	
1000	0.306000	1.164250	1000	0.306000	0.306000	0.297333	
1000	0.328000	1.164250	1000	0.328000	0.328000	0.297363	
1000	0.330000	1.164250	1000	0.330000	0.330000	0.297396	
1000	0.334000	1.164250	1000	0.334000	0.334000	0.297433	
1000	0.349000	1.164250	1000	0.349000	0.349000	0.297484	
1000	0.331000	1.164250	1000	0.331000	0.331000	0.297518	
1000	0.298000	1.164250	1000	0.298000	0.298000	0.297518	
1000	0.311000	1.164250	1000	0.311000	0.311000	0.297532	
1000	0.336000	1.164250	1000	0.336000	0.336000	0.297570	
1000	0.342000	1.164250	1000	0.342000	0.342000	0.297614	
1000	0.323000	1.164250	1000	0.323000	0.323000	0.297639	
1000	0.309000	1.164250	1000	0.309000	0.309000	0.297650	
1000	0.311000	1.164250	1000	0.311000	0.311000	0.297664	
1000	0.339000	1.164250	1000	0.339000	0.339000	0.297705	
