Default schedule
Rate	100.00
Rate Tried	% Accepted	Rates - Dev	Rates - Tried	Rates - Accepted	Sample Ave Acceptance	Total Ave Acceptance	
1000	0.246000	1.215226	1000	0.246000	0.246000	0.234979	
1000	0.312000	1.215226	1000	0.312000	0.312000	0.241397	
1000	0.300000	1.215226	1000	0.300000	0.300000	0.245904	
1000	0.270000	1.215226	1000	0.270000	0.270000	0.247625	
1000	0.294000	1.215226	1000	0.294000	0.294000	0.250717	
1000	0.272000	1.215226	1000	0.272000	0.272000	0.252047	
1000	0.285000	1.215226	1000	0.285000	0.285000	0.253985	
1000	0.281000	1.215226	1000	0.281000	0.281000	0.255486	
1000	0.278000	1.215226	1000	0.278000	0.278000	0.256671	
1000	0.286000	1.215226	1000	0.286000	0.286000	0.258137	
1000	0.251000	1.215226	1000	0.251000	0.251000	0.257797	
1000	0.294000	1.215226	1000	0.294000	0.294000	0.259443	
1000	0.287000	1.215226	1000	0.287000	0.287000	0.260641	
1000	0.264000	1.215226	1000	0.264000	0.264000	0.260781	
1000	0.291000	1.215226	1000	0.291000	0.291000	0.261990	
1000	0.284000	1.215226	1000	0.284000	0.284000	0.262836	
1000	0.283000	1.215226	1000	0.283000	0.283000	0.263583	
1000	0.323000	1.215226	1000	0.323000	0.323000	0.265705	
1000	0.322000	1.215226	1000	0.322000	0.322000	0.267646	
1000	0.299000	1.215226	1000	0.299000	0.299000	0.268691	
1000	0.267000	1.215226	1000	0.267000	0.267000	0.268636	
1000	0.311000	1.215226	1000	0.311000	0.311000	0.269960	
1000	0.267000	1.215226	1000	0.267000	0.267000	0.269871	
1000	0.366000	1.215226	1000	0.366000	0.366000	0.272698	
1000	0.352000	1.215226	1000	0.352000	0.352000	0.274964	
1000	0.276000	1.215226	1000	0.276000	0.276000	0.274992	
1000	0.290000	1.215226	1000	0.290000	0.290000	0.275398	
1000	0.284000	1.215226	1000	0.284000	0.284000	0.275624	
1000	0.264000	1.215226	1000	0.264000	0.264000	0.275326	
1000	0.299000	1.215226	1000	0.299000	0.299000	0.275918	
1000	0.323000	1.215226	1000	0.323000	0.323000	0.277066	
1000	0.284000	1.215226	1000	0.284000	0.284000	0.277231	
1000	0.347000	1.215226	1000	0.347000	0.347000	0.278854	
1000	0.325000	1.215226	1000	0.325000	0.325000	0.279903	
1000	0.293000	1.215226	1000	0.293000	0.293000	0.280194	
1000	0.288000	1.215226	1000	0.288000	0.288000	0.280363	
1000	0.295000	1.215226	1000	0.295000	0.295000	0.280675	
1000	0.264000	1.215226	1000	0.264000	0.264000	0.280327	
1000	0.312000	1.215226	1000	0.312000	0.312000	0.280974	
1000	0.245000	1.215226	1000	0.245000	0.245000	0.280254	
1000	0.268000	1.215226	1000	0.268000	0.268000	0.280014	
1000	0.330000	1.215226	1000	0.330000	0.330000	0.280975	
1000	0.266000	1.215226	1000	0.266000	0.266000	0.280693	
1000	0.267000	1.215226	1000	0.267000	0.267000	0.280439	
1000	0.286000	1.215226	1000	0.286000	0.286000	0.280540	
1000	0.297000	1.215226	1000	0.297000	0.297000	0.280834	
1000	0.301000	1.215226	1000	0.301000	0.301000	0.281188	
1000	0.317000	1.215226	1000	0.317000	0.317000	0.281805	
1000	0.328000	1.215226	1000	0.328000	0.328000	0.282588	
1000	0.316000	1.215226	1000	0.316000	0.316000	0.283145	
1000	0.292000	1.215226	1000	0.292000	0.292000	0.283290	
1000	0.270000	1.215226	1000	0.270000	0.270000	0.283076	
1000	0.288000	1.215226	1000	0.288000	0.288000	0.283154	
1000	0.278000	1.215226	1000	0.278000	0.278000	0.283074	
1000	0.281000	1.215226	1000	0.281000	0.281000	0.283042	
1000	0.301000	1.215226	1000	0.301000	0.301000	0.283314	
1000	0.288000	1.215226	1000	0.288000	0.288000	0.283384	
1000	0.314000	1.215226	1000	0.314000	0.314000	0.283834	
1000	0.329000	1.215226	1000	0.329000	0.329000	0.284489	
1000	0.299000	1.215226	1000	0.299000	0.299000	0.284696	
1000	0.247000	1.215226	1000	0.247000	0.247000	0.284165	
1000	0.268000	1.215226	1000	0.268000	0.268000	0.283941	
1000	0.256000	1.215226	1000	0.256000	0.256000	0.283558	
1000	0.253000	1.215226	1000	0.253000	0.253000	0.283145	
1000	0.261000	1.215226	1000	0.261000	0.261000	0.282850	
1000	0.264000	1.215226	1000	0.264000	0.264000	0.282602	
1000	0.325000	1.215226	1000	0.325000	0.325000	0.283152	
1000	0.277000	1.215226	1000	0.277000	0.277000	0.283073	
1000	0.267000	1.215226	1000	0.267000	0.267000	0.282870	
1000	0.301000	1.215226	1000	0.301000	0.301000	0.283096	
1000	0.259000	1.215226	1000	0.259000	0.259000	0.282799	
1000	0.273000	1.215226	1000	0.273000	0.273000	0.282679	
1000	0.281000	1.215226	1000	0.281000	0.281000	0.282659	
1000	0.280000	1.215226	1000	0.280000	0.280000	0.282628	
1000	0.288000	1.215226	1000	0.288000	0.288000	0.282691	
1000	0.293000	1.215226	1000	0.293000	0.293000	0.282811	
1000	0.273000	1.215226	1000	0.273000	0.273000	0.282698	
1000	0.291000	1.215226	1000	0.291000	0.291000	0.282792	
1000	0.279000	1.215226	1000	0.279000	0.279000	0.282750	
1000	0.284000	1.215226	1000	0.284000	0.284000	0.282764	
1000	0.313000	1.215226	1000	0.313000	0.313000	0.283096	
1000	0.305000	1.215226	1000	0.305000	0.305000	0.283334	
1000	0.324000	1.215226	1000	0.324000	0.324000	0.283771	
1000	0.247000	1.215226	1000	0.247000	0.247000	0.283380	
1000	0.271000	1.215226	1000	0.271000	0.271000	0.283250	
1000	0.257000	1.215226	1000	0.257000	0.257000	0.282976	
1000	0.277000	1.215226	1000	0.277000	0.277000	0.282915	
1000	0.300000	1.215226	1000	0.300000	0.300000	0.283089	
1000	0.258000	1.215226	1000	0.258000	0.258000	0.282836	
1000	0.287000	1.215226	1000	0.287000	0.287000	0.282877	
1000	0.268000	1.215226	1000	0.268000	0.268000	0.282730	
1000	0.319000	1.215226	1000	0.319000	0.319000	0.283085	
1000	0.313000	1.215226	1000	0.313000	0.313000	0.283376	
1000	0.308000	1.215226	1000	0.308000	0.308000	0.283613	
1000	0.306000	1.215226	1000	0.306000	0.306000	0.283826	
1000	0.291000	1.215226	1000	0.291000	0.291000	0.283894	
1000	0.299000	1.215226	1000	0.299000	0.299000	0.284035	
1000	0.275000	1.215226	1000	0.275000	0.275000	0.283951	
1000	0.271000	1.215226	1000	0.271000	0.271000	0.283832	
1000	0.254000	1.215226	1000	0.254000	0.254000	0.283561	
1000	0.285000	1.215226	1000	0.285000	0.285000	0.283574	
1000	0.272000	1.215226	1000	0.272000	0.272000	0.283471	
1000	0.270000	1.215226	1000	0.270000	0.270000	0.283351	
1000	0.281000	1.215226	1000	0.281000	0.281000	0.283331	
1000	0.296000	1.215226	1000	0.296000	0.296000	0.283441	
1000	0.261000	1.215226	1000	0.261000	0.261000	0.283248	
1000	0.266000	1.215226	1000	0.266000	0.266000	0.283100	
1000	0.286000	1.215226	1000	0.286000	0.286000	0.283125	
1000	0.262000	1.215226	1000	0.262000	0.262000	0.282947	
1000	0.278000	1.215226	1000	0.278000	0.278000	0.282906	
1000	0.318000	1.215226	1000	0.318000	0.318000	0.283196	
1000	0.250000	1.215226	1000	0.250000	0.250000	0.282924	
1000	0.282000	1.215226	1000	0.282000	0.282000	0.282916	
1000	0.275000	1.215226	1000	0.275000	0.275000	0.282853	
1000	0.273000	1.215226	1000	0.273000	0.273000	0.282774	
1000	0.277000	1.215226	1000	0.277000	0.277000	0.282728	
1000	0.293000	1.215226	1000	0.293000	0.293000	0.282809	
1000	0.278000	1.215226	1000	0.278000	0.278000	0.282771	
1000	0.303000	1.215226	1000	0.303000	0.303000	0.282928	
1000	0.280000	1.215226	1000	0.280000	0.280000	0.282906	
1000	0.269000	1.215226	1000	0.269000	0.269000	0.282799	
1000	0.302000	1.215226	1000	0.302000	0.302000	0.282945	
1000	0.270000	1.215226	1000	0.270000	0.270000	0.282847	
1000	0.298000	1.215226	1000	0.298000	0.298000	0.282961	
1000	0.269000	1.215226	1000	0.269000	0.269000	0.282857	
1000	0.268000	1.215226	1000	0.268000	0.268000	0.282748	
1000	0.331000	1.215226	1000	0.331000	0.331000	0.283100	
1000	0.333000	1.215226	1000	0.333000	0.333000	0.283462	
1000	0.318000	1.215226	1000	0.318000	0.318000	0.283710	
1000	0.267000	1.215226	1000	0.267000	0.267000	0.283591	
1000	0.287000	1.215226	1000	0.287000	0.287000	0.283615	
1000	0.285000	1.215226	1000	0.285000	0.285000	0.283625	
1000	0.273000	1.215226	1000	0.273000	0.273000	0.283550	
1000	0.264000	1.215226	1000	0.264000	0.264000	0.283415	
1000	0.285000	1.215226	1000	0.285000	0.285000	0.283426	
1000	0.343000	1.215226	1000	0.343000	0.343000	0.283834	
1000	0.267000	1.215226	1000	0.267000	0.267000	0.283719	
1000	0.322000	1.215226	1000	0.322000	0.322000	0.283978	
1000	0.261000	1.215226	1000	0.261000	0.261000	0.283824	
1000	0.277000	1.215226	1000	0.277000	0.277000	0.283778	
1000	0.270000	1.215226	1000	0.270000	0.270000	0.283687	
1000	0.290000	1.215226	1000	0.290000	0.290000	0.283728	
1000	0.295000	1.215226	1000	0.295000	0.295000	0.283802	
1000	0.259000	1.215226	1000	0.259000	0.259000	0.283641	
1000	0.311000	1.215226	1000	0.311000	0.311000	0.283818	
1000	0.315000	1.215226	1000	0.315000	0.315000	0.284017	
1000	0.306000	1.215226	1000	0.306000	0.306000	0.284157	
1000	0.260000	1.215226	1000	0.260000	0.260000	0.284005	
1000	0.277000	1.215226	1000	0.277000	0.277000	0.283960	
1000	0.276000	1.215226	1000	0.276000	0.276000	0.283911	
1000	0.258000	1.215226	1000	0.258000	0.258000	0.283750	
1000	0.277000	1.215226	1000	0.277000	0.277000	0.283708	
1000	0.256000	1.215226	1000	0.256000	0.256000	0.283538	
1000	0.308000	1.215226	1000	0.308000	0.308000	0.283687	
1000	0.284000	1.215226	1000	0.284000	0.284000	0.283689	
1000	0.256000	1.215226	1000	0.256000	0.256000	0.283522	
1000	0.287000	1.215226	1000	0.287000	0.287000	0.283543	
1000	0.292000	1.215226	1000	0.292000	0.292000	0.283594	
1000	0.365000	1.215226	1000	0.365000	0.365000	0.284075	
1000	0.325000	1.215226	1000	0.325000	0.325000	0.284316	
1000	0.322000	1.215226	1000	0.322000	0.322000	0.284536	
1000	0.273000	1.215226	1000	0.273000	0.273000	0.284469	
1000	0.298000	1.215226	1000	0.298000	0.298000	0.284547	
1000	0.274000	1.215226	1000	0.274000	0.274000	0.284487	
1000	0.229000	1.215226	1000	0.229000	0.229000	0.284170	
1000	0.315000	1.215226	1000	0.315000	0.315000	0.284345	
1000	0.235000	1.215226	1000	0.235000	0.235000	0.284066	
1000	0.288000	1.215226	1000	0.288000	0.288000	0.284088	
1000	0.248000	1.215226	1000	0.248000	0.248000	0.283887	
1000	0.273000	1.215226	1000	0.273000	0.273000	0.283826	
1000	0.281000	1.215226	1000	0.281000	0.281000	0.283811	
1000	0.254000	1.215226	1000	0.254000	0.254000	0.283647	
1000	0.284000	1.215226	1000	0.284000	0.284000	0.283649	
1000	0.302000	1.215226	1000	0.302000	0.302000	0.283748	
1000	0.253000	1.215226	1000	0.253000	0.253000	0.283582	
1000	0.297000	1.215226	1000	0.297000	0.297000	0.283654	
1000	0.349000	1.215226	1000	0.349000	0.349000	0.284004	
1000	0.347000	1.215226	1000	0.347000	0.347000	0.284339	
1000	0.334000	1.215226	1000	0.334000	0.334000	0.284602	
1000	0.318000	1.215226	1000	0.318000	0.318000	0.284777	
1000	0.284000	1.215226	1000	0.284000	0.284000	0.284773	
1000	0.260000	1.215226	1000	0.260000	0.260000	0.284644	
1000	0.299000	1.215226	1000	0.299000	0.299000	0.284719	
1000	0.285000	1.215226	1000	0.285000	0.285000	0.284720	
1000	0.294000	1.215226	1000	0.294000	0.294000	0.284768	
1000	0.295000	1.215226	1000	0.295000	0.295000	0.284820	
1000	0.243000	1.215226	1000	0.243000	0.243000	0.284608	
1000	0.248000	1.215226	1000	0.248000	0.248000	0.284423	
1000	0.278000	1.215226	1000	0.278000	0.278000	0.284391	
1000	0.291000	1.215226	1000	0.291000	0.291000	0.284424	
1000	0.316000	1.215226	1000	0.316000	0.316000	0.284581	
1000	0.273000	1.215226	1000	0.273000	0.273000	0.284523	
1000	0.341000	1.215226	1000	0.341000	0.341000	0.284802	
1000	0.337000	1.215226	1000	0.337000	0.337000	0.285057	
1000	0.304000	1.215226	1000	0.304000	0.304000	0.285150	
1000	0.278000	1.215226	1000	0.278000	0.278000	0.285115	
1000	0.295000	1.215226	1000	0.295000	0.295000	0.285163	
1000	0.289000	1.215226	1000	0.289000	0.289000	0.285181	
1000	0.264000	1.215226	1000	0.264000	0.264000	0.285080	
1000	0.269000	1.215226	1000	0.269000	0.269000	0.285003	
1000	0.280000	1.215226	1000	0.280000	0.280000	0.284980	
1000	0.284000	1.215226	1000	0.284000	0.284000	0.284975	
1000	0.349000	1.215226	1000	0.349000	0.349000	0.285276	
1000	0.307000	1.215226	1000	0.307000	0.307000	0.285377	
1000	0.285000	1.215226	1000	0.285000	0.285000	0.285375	
1000	0.280000	1.215226	1000	0.280000	0.280000	0.285351	
1000	0.314000	1.215226	1000	0.314000	0.314000	0.285483	
1000	0.327000	1.215226	1000	0.327000	0.327000	0.285673	
1000	0.297000	1.215226	1000	0.297000	0.297000	0.285725	
1000	0.295000	1.215226	1000	0.295000	0.295000	0.285767	
1000	0.336000	1.215226	1000	0.336000	0.336000	0.285994	
1000	0.324000	1.215226	1000	0.324000	0.324000	0.286165	
1000	0.289000	1.215226	1000	0.289000	0.289000	0.286178	
1000	0.273000	1.215226	1000	0.273000	0.273000	0.286119	
1000	0.294000	1.215226	1000	0.294000	0.294000	0.286154	
1000	0.259000	1.215226	1000	0.259000	0.259000	0.286034	
1000	0.289000	1.215226	1000	0.289000	0.289000	0.286047	
1000	0.285000	1.215226	1000	0.285000	0.285000	0.286043	
1000	0.286000	1.215226	1000	0.286000	0.286000	0.286042	
1000	0.297000	1.215226	1000	0.297000	0.297000	0.286090	
1000	0.286000	1.215226	1000	0.286000	0.286000	0.286090	
1000	0.251000	1.215226	1000	0.251000	0.251000	0.285938	
1000	0.305000	1.215226	1000	0.305000	0.305000	0.286020	
1000	0.291000	1.215226	1000	0.291000	0.291000	0.286042	
1000	0.278000	1.215226	1000	0.278000	0.278000	0.286007	
1000	0.294000	1.215226	1000	0.294000	0.294000	0.286041	
1000	0.288000	1.215226	1000	0.288000	0.288000	0.286049	
1000	0.261000	1.215226	1000	0.261000	0.261000	0.285944	
1000	0.293000	1.215226	1000	0.293000	0.293000	0.285974	
1000	0.303000	1.215226	1000	0.303000	0.303000	0.286045	
1000	0.324000	1.215226	1000	0.324000	0.324000	0.286202	
1000	0.279000	1.215226	1000	0.279000	0.279000	0.286172	
1000	0.290000	1.215226	1000	0.290000	0.290000	0.286188	
1000	0.294000	1.215226	1000	0.294000	0.294000	0.286220	
1000	0.291000	1.215226	1000	0.291000	0.291000	0.286240	
1000	0.289000	1.215226	1000	0.289000	0.289000	0.286251	
1000	0.286000	1.215226	1000	0.286000	0.286000	0.286250	
1000	0.288000	1.215226	1000	0.288000	0.288000	0.286257	
1000	0.275000	1.215226	1000	0.275000	0.275000	0.286212	
1000	0.274000	1.215226	1000	0.274000	0.274000	0.286163	
1000	0.313000	1.215226	1000	0.313000	0.313000	0.286270	
1000	0.298000	1.215226	1000	0.298000	0.298000	0.286316	
1000	0.264000	1.215226	1000	0.264000	0.264000	0.286228	
1000	0.283000	1.215226	1000	0.283000	0.283000	0.286215	
1000	0.299000	1.215226	1000	0.299000	0.299000	0.286266	
1000	0.312000	1.215226	1000	0.312000	0.312000	0.286366	
1000	0.217000	1.215226	1000	0.217000	0.217000	0.286096	
1000	0.237000	1.215226	1000	0.237000	0.237000	0.285906	
1000	0.321000	1.215226	1000	0.321000	0.321000	0.286041	
1000	0.281000	1.215226	1000	0.281000	0.281000	0.286022	
1000	0.285000	1.215226	1000	0.285000	0.285000	0.286018	
1000	0.277000	1.215226	1000	0.277000	0.277000	0.285984	
1000	0.281000	1.215226	1000	0.281000	0.281000	0.285965	
1000	0.255000	1.215226	1000	0.255000	0.255000	0.285847	
1000	0.269000	1.215226	1000	0.269000	0.269000	0.285784	
1000	0.258000	1.215226	1000	0.258000	0.258000	0.285679	
1000	0.255000	1.215226	1000	0.255000	0.255000	0.285564	
1000	0.315000	1.215226	1000	0.315000	0.315000	0.285674	
1000	0.275000	1.215226	1000	0.275000	0.275000	0.285635	
1000	0.285000	1.215226	1000	0.285000	0.285000	0.285632	
1000	0.317000	1.215226	1000	0.317000	0.317000	0.285748	
1000	0.296000	1.215226	1000	0.296000	0.296000	0.285786	
1000	0.291000	1.215226	1000	0.291000	0.291000	0.285805	
1000	0.271000	1.215226	1000	0.271000	0.271000	0.285751	
1000	0.265000	1.215226	1000	0.265000	0.265000	0.285675	
1000	0.279000	1.215226	1000	0.279000	0.279000	0.285651	
1000	0.276000	1.215226	1000	0.276000	0.276000	0.285616	
1000	0.269000	1.215226	1000	0.269000	0.269000	0.285557	
1000	0.280000	1.215226	1000	0.280000	0.280000	0.285537	
1000	0.298000	1.215226	1000	0.298000	0.298000	0.285581	
1000	0.264000	1.215226	1000	0.264000	0.264000	0.285504	
1000	0.291000	1.215226	1000	0.291000	0.291000	0.285524	
1000	0.280000	1.215226	1000	0.280000	0.280000	0.285504	
1000	0.308000	1.215226	1000	0.308000	0.308000	0.285584	
1000	0.327000	1.215226	1000	0.327000	0.327000	0.285729	
1000	0.336000	1.215226	1000	0.336000	0.336000	0.285905	
1000	0.319000	1.215226	1000	0.319000	0.319000	0.286020	
1000	0.284000	1.215226	1000	0.284000	0.284000	0.286013	
1000	0.279000	1.215226	1000	0.279000	0.279000	0.285989	
1000	0.304000	1.215226	1000	0.304000	0.304000	0.286051	
1000	0.278000	1.215226	1000	0.278000	0.278000	0.286023	
1000	0.305000	1.215226	1000	0.305000	0.305000	0.286088	
1000	0.262000	1.215226	1000	0.262000	0.262000	0.286006	
1000	0.288000	1.215226	1000	0.288000	0.288000	0.286013	
1000	0.253000	1.215226	1000	0.253000	0.253000	0.285901	
1000	0.281000	1.215226	1000	0.281000	0.281000	0.285884	
1000	0.281000	1.215226	1000	0.281000	0.281000	0.285868	
1000	0.319000	1.215226	1000	0.319000	0.319000	0.285979	
1000	0.272000	1.215226	1000	0.272000	0.272000	0.285932	
1000	0.239000	1.215226	1000	0.239000	0.239000	0.285776	
1000	0.255000	1.215226	1000	0.255000	0.255000	0.285673	
1000	0.270000	1.215226	1000	0.270000	0.270000	0.285622	
1000	0.268000	1.215226	1000	0.268000	0.268000	0.285563	
1000	0.276000	1.215226	1000	0.276000	0.276000	0.285532	
1000	0.266000	1.215226	1000	0.266000	0.266000	0.285468	
1000	0.301000	1.215226	1000	0.301000	0.301000	0.285519	
1000	0.297000	1.215226	1000	0.297000	0.297000	0.285556	
1000	0.247000	1.215226	1000	0.247000	0.247000	0.285431	
1000	0.284000	1.215226	1000	0.284000	0.284000	0.285426	
1000	0.297000	1.215226	1000	0.297000	0.297000	0.285464	
1000	0.274000	1.215226	1000	0.274000	0.274000	0.285427	
1000	0.271000	1.215226	1000	0.271000	0.271000	0.285380	
1000	0.272000	1.215226	1000	0.272000	0.272000	0.285338	
1000	0.283000	1.215226	1000	0.283000	0.283000	0.285330	
1000	0.308000	1.215226	1000	0.308000	0.308000	0.285402	
1000	0.286000	1.215226	1000	0.286000	0.286000	0.285404	
1000	0.270000	1.215226	1000	0.270000	0.270000	0.285356	
1000	0.278000	1.215226	1000	0.278000	0.278000	0.285332	
1000	0.286000	1.215226	1000	0.286000	0.286000	0.285335	
1000	0.300000	1.215226	1000	0.300000	0.300000	0.285380	
1000	0.267000	1.215226	1000	0.267000	0.267000	0.285323	
1000	0.266000	1.215226	1000	0.266000	0.266000	0.285263	
1000	0.280000	1.215226	1000	0.280000	0.280000	0.285247	
1000	0.259000	1.215226	1000	0.259000	0.259000	0.285166	
1000	0.278000	1.215226	1000	0.278000	0.278000	0.285144	
1000	0.317000	1.215226	1000	0.317000	0.317000	0.285241	
1000	0.270000	1.215226	1000	0.270000	0.270000	0.285195	
1000	0.291000	1.215226	1000	0.291000	0.291000	0.285213	
1000	0.263000	1.215226	1000	0.263000	0.263000	0.285145	
1000	0.272000	1.215226	1000	0.272000	0.272000	0.285105	
1000	0.281000	1.215226	1000	0.281000	0.281000	0.285093	
1000	0.282000	1.215226	1000	0.282000	0.282000	0.285083	
1000	0.257000	1.215226	1000	0.257000	0.257000	0.284999	
1000	0.288000	1.215226	1000	0.288000	0.288000	0.285008	
1000	0.323000	1.215226	1000	0.323000	0.323000	0.285122	
1000	0.312000	1.215226	1000	0.312000	0.312000	0.285202	
1000	0.271000	1.215226	1000	0.271000	0.271000	0.285159	
1000	0.304000	1.215226	1000	0.304000	0.304000	0.285215	
1000	0.298000	1.215226	1000	0.298000	0.298000	0.285253	
1000	0.300000	1.215226	1000	0.300000	0.300000	0.285296	
1000	0.297000	1.215226	1000	0.297000	0.297000	0.285331	
1000	0.283000	1.215226	1000	0.283000	0.283000	0.285324	
1000	0.306000	1.215226	1000	0.306000	0.306000	0.285384	
1000	0.302000	1.215226	1000	0.302000	0.302000	0.285432	
1000	0.295000	1.215226	1000	0.295000	0.295000	0.285460	
1000	0.283000	1.215226	1000	0.283000	0.283000	0.285453	
1000	0.311000	1.215226	1000	0.311000	0.311000	0.285527	
1000	0.252000	1.215226	1000	0.252000	0.252000	0.285430	
1000	0.254000	1.215226	1000	0.254000	0.254000	0.285340	
1000	0.304000	1.215226	1000	0.304000	0.304000	0.285393	
1000	0.275000	1.215226	1000	0.275000	0.275000	0.285364	
1000	0.256000	1.215226	1000	0.256000	0.256000	0.285280	
1000	0.264000	1.215226	1000	0.264000	0.264000	0.285220	
1000	0.272000	1.215226	1000	0.272000	0.272000	0.285183	
1000	0.300000	1.215226	1000	0.300000	0.300000	0.285225	
1000	0.309000	1.215226	1000	0.309000	0.309000	0.285291	
1000	0.314000	1.215226	1000	0.314000	0.314000	0.285372	
1000	0.333000	1.215226	1000	0.333000	0.333000	0.285505	
1000	0.328000	1.215226	1000	0.328000	0.328000	0.285623	
1000	0.312000	1.215226	1000	0.312000	0.312000	0.285696	
1000	0.292000	1.215226	1000	0.292000	0.292000	0.285714	
1000	0.276000	1.215226	1000	0.276000	0.276000	0.285687	
1000	0.267000	1.215226	1000	0.267000	0.267000	0.285636	
1000	0.309000	1.215226	1000	0.309000	0.309000	0.285700	
1000	0.270000	1.215226	1000	0.270000	0.270000	0.285657	
1000	0.292000	1.215226	1000	0.292000	0.292000	0.285674	
1000	0.293000	1.215226	1000	0.293000	0.293000	0.285694	
1000	0.281000	1.215226	1000	0.281000	0.281000	0.285681	
1000	0.255000	1.215226	1000	0.255000	0.255000	0.285598	
1000	0.292000	1.215226	1000	0.292000	0.292000	0.285615	
1000	0.320000	1.215226	1000	0.320000	0.320000	0.285708	
1000	0.282000	1.215226	1000	0.282000	0.282000	0.285698	
1000	0.303000	1.215226	1000	0.303000	0.303000	0.285745	
1000	0.301000	1.215226	1000	0.301000	0.301000	0.285785	
1000	0.296000	1.215226	1000	0.296000	0.296000	0.285813	
1000	0.248000	1.215226	1000	0.248000	0.248000	0.285712	
1000	0.305000	1.215226	1000	0.305000	0.305000	0.285763	
1000	0.293000	1.215226	1000	0.293000	0.293000	0.285782	
1000	0.273000	1.215226	1000	0.273000	0.273000	0.285749	
1000	0.268000	1.215226	1000	0.268000	0.268000	0.285702	
1000	0.304000	1.215226	1000	0.304000	0.304000	0.285750	
1000	0.321000	1.215226	1000	0.321000	0.321000	0.285842	
1000	0.248000	1.215226	1000	0.248000	0.248000	0.285743	
1000	0.231000	1.215226	1000	0.231000	0.231000	0.285601	
1000	0.279000	1.215226	1000	0.279000	0.279000	0.285584	
1000	0.337000	1.215226	1000	0.337000	0.337000	0.285717	
1000	0.255000	1.215226	1000	0.255000	0.255000	0.285638	
1000	0.269000	1.215226	1000	0.269000	0.269000	0.285595	
1000	0.314000	1.215226	1000	0.314000	0.314000	0.285668	
1000	0.265000	1.215226	1000	0.265000	0.265000	0.285615	
1000	0.271000	1.215226	1000	0.271000	0.271000	0.285577	
1000	0.273000	1.215226	1000	0.273000	0.273000	0.285545	
1000	0.266000	1.215226	1000	0.266000	0.266000	0.285495	
1000	0.265000	1.215226	1000	0.265000	0.265000	0.285443	
1000	0.263000	1.215226	1000	0.263000	0.263000	0.285387	
1000	0.268000	1.215226	1000	0.268000	0.268000	0.285343	
1000	0.278000	1.215226	1000	0.278000	0.278000	0.285324	
1000	0.280000	1.215226	1000	0.280000	0.280000	0.285311	
1000	0.291000	1.215226	1000	0.291000	0.291000	0.285325	
1000	0.254000	1.215226	1000	0.254000	0.254000	0.285247	
1000	0.274000	1.215226	1000	0.274000	0.274000	0.285219	
1000	0.270000	1.215226	1000	0.270000	0.270000	0.285181	
1000	0.267000	1.215226	1000	0.267000	0.267000	0.285136	
1000	0.301000	1.215226	1000	0.301000	0.301000	0.285175	
1000	0.290000	1.215226	1000	0.290000	0.290000	0.285187	
1000	0.260000	1.215226	1000	0.260000	0.260000	0.285125	
1000	0.248000	1.215226	1000	0.248000	0.248000	0.285034	
1000	0.298000	1.215226	1000	0.298000	0.298000	0.285065	
1000	0.280000	1.215226	1000	0.280000	0.280000	0.285053	
1000	0.293000	1.215226	1000	0.293000	0.293000	0.285072	
1000	0.278000	1.215226	1000	0.278000	0.278000	0.285055	
1000	0.282000	1.215226	1000	0.282000	0.282000	0.285048	
1000	0.298000	1.215226	1000	0.298000	0.298000	0.285079	
1000	0.320000	1.215226	1000	0.320000	0.320000	0.285164	
1000	0.281000	1.215226	1000	0.281000	0.281000	0.285154	
1000	0.265000	1.215226	1000	0.265000	0.265000	0.285105	
1000	0.351000	1.215226	1000	0.351000	0.351000	0.285263	
1000	0.326000	1.215226	1000	0.326000	0.326000	0.285361	
1000	0.275000	1.215226	1000	0.275000	0.275000	0.285336	
1000	0.266000	1.215226	1000	0.266000	0.266000	0.285290	
1000	0.281000	1.215226	1000	0.281000	0.281000	0.285280	
1000	0.259000	1.215226	1000	0.259000	0.259000	0.285217	
1000	0.317000	1.215226	1000	0.317000	0.317000	0.285292	
1000	0.321000	1.215226	1000	0.321000	0.321000	0.285377	
1000	0.315000	1.215226	1000	0.315000	0.315000	0.285446	
1000	0.308000	1.215226	1000	0.308000	0.308000	0.285499	
1000	0.318000	1.215226	1000	0.318000	0.318000	0.285575	
1000	0.295000	1.215226	1000	0.295000	0.295000	0.285597	
1000	0.291000	1.215226	1000	0.291000	0.291000	0.285610	
1000	0.248000	1.215226	1000	0.248000	0.248000	0.285523	
1000	0.278000	1.215226	1000	0.278000	0.278000	0.285505	
1000	0.239000	1.215226	1000	0.239000	0.239000	0.285397	
1000	0.301000	1.215226	1000	0.301000	0.301000	0.285434	
1000	0.262000	1.215226	1000	0.262000	0.262000	0.285380	
1000	0.252000	1.215226	1000	0.252000	0.252000	0.285303	
1000	0.305000	1.215226	1000	0.305000	0.305000	0.285348	
1000	0.267000	1.215226	1000	0.267000	0.267000	0.285306	
1000	0.259000	1.215226	1000	0.259000	0.259000	0.285246	
1000	0.266000	1.215226	1000	0.266000	0.266000	0.285202	
1000	0.265000	1.215226	1000	0.265000	0.265000	0.285156	
1000	0.254000	1.215226	1000	0.254000	0.254000	0.285086	
1000	0.253000	1.215226	1000	0.253000	0.253000	0.285013	
1000	0.261000	1.215226	1000	0.261000	0.261000	0.284959	
1000	0.283000	1.215226	1000	0.283000	0.283000	0.284954	
1000	0.252000	1.215226	1000	0.252000	0.252000	0.284880	
1000	0.261000	1.215226	1000	0.261000	0.261000	0.284827	
1000	0.263000	1.215226	1000	0.263000	0.263000	0.284778	
1000	0.277000	1.215226	1000	0.277000	0.277000	0.284761	
1000	0.292000	1.215226	1000	0.292000	0.292000	0.284777	
1000	0.280000	1.215226	1000	0.280000	0.280000	0.284766	
1000	0.287000	1.215226	1000	0.287000	0.287000	0.284771	
1000	0.231000	1.215226	1000	0.231000	0.231000	0.284652	
1000	0.284000	1.215226	1000	0.284000	0.284000	0.284651	
1000	0.267000	1.215226	1000	0.267000	0.267000	0.284612	
1000	0.257000	1.215226	1000	0.257000	0.257000	0.284551	
1000	0.279000	1.215226	1000	0.279000	0.279000	0.284539	
1000	0.301000	1.215226	1000	0.301000	0.301000	0.284575	
1000	0.281000	1.215226	1000	0.281000	0.281000	0.284567	
1000	0.277000	1.215226	1000	0.277000	0.277000	0.284551	
1000	0.249000	1.215226	1000	0.249000	0.249000	0.284473	
1000	0.291000	1.215226	1000	0.291000	0.291000	0.284487	
1000	0.284000	1.215226	1000	0.284000	0.284000	0.284486	
1000	0.258000	1.215226	1000	0.258000	0.258000	0.284429	
1000	0.265000	1.215226	1000	0.265000	0.265000	0.284387	
1000	0.277000	1.215226	1000	0.277000	0.277000	0.284371	
1000	0.251000	1.215226	1000	0.251000	0.251000	0.284300	
1000	0.319000	1.215226	1000	0.319000	0.319000	0.284374	
1000	0.252000	1.215226	1000	0.252000	0.252000	0.284305	
1000	0.245000	1.215226	1000	0.245000	0.245000	0.284221	
1000	0.315000	1.215226	1000	0.315000	0.315000	0.284287	
1000	0.328000	1.215226	1000	0.328000	0.328000	0.284379	
1000	0.305000	1.215226	1000	0.305000	0.305000	0.284423	
1000	0.321000	1.215226	1000	0.321000	0.321000	0.284500	
1000	0.316000	1.215226	1000	0.316000	0.316000	0.284567	
1000	0.297000	1.215226	1000	0.297000	0.297000	0.284593	
1000	0.325000	1.215226	1000	0.325000	0.325000	0.284678	
1000	0.255000	1.215226	1000	0.255000	0.255000	0.284616	
1000	0.265000	1.215226	1000	0.265000	0.265000	0.284575	
1000	0.291000	1.215226	1000	0.291000	0.291000	0.284588	
1000	0.303000	1.215226	1000	0.303000	0.303000	0.284626	
1000	0.280000	1.215226	1000	0.280000	0.280000	0.284617	
1000	0.359000	1.215226	1000	0.359000	0.359000	0.284771	
1000	0.283000	1.215226	1000	0.283000	0.283000	0.284768	
1000	0.265000	1.215226	1000	0.265000	0.265000	0.284727	
1000	0.271000	1.215226	1000	0.271000	0.271000	0.284698	
1000	0.268000	1.215226	1000	0.268000	0.268000	0.284664	
1000	0.298000	1.215226	1000	0.298000	0.298000	0.284691	
1000	0.269000	1.215226	1000	0.269000	0.269000	0.284659	
1000	0.276000	1.215226	1000	0.276000	0.276000	0.284642	
1000	0.303000	1.215226	1000	0.303000	0.303000	0.284679	
1000	0.307000	1.215226	1000	0.307000	0.307000	0.284724	
1000	0.271000	1.215226	1000	0.271000	0.271000	0.284697	
1000	0.313000	1.215226	1000	0.313000	0.313000	0.284754	
1000	0.292000	1.215226	1000	0.292000	0.292000	0.284769	
1000	0.279000	1.215226	1000	0.279000	0.279000	0.284757	
1000	0.268000	1.215226	1000	0.268000	0.268000	0.284723	
1000	0.286000	1.215226	1000	0.286000	0.286000	0.284726	
1000	0.259000	1.215226	1000	0.259000	0.259000	0.284674	
1000	0.281000	1.215226	1000	0.281000	0.281000	0.284667	
1000	0.309000	1.215226	1000	0.309000	0.309000	0.284715	
1000	0.278000	1.215226	1000	0.278000	0.278000	0.284702	
1000	0.280000	1.215226	1000	0.280000	0.280000	0.284693	
1000	0.309000	1.215226	1000	0.309000	0.309000	0.284741	
1000	0.279000	1.215226	1000	0.279000	0.279000	0.284730	
1000	0.272000	1.215226	1000	0.272000	0.272000	0.284704	
1000	0.285000	1.215226	1000	0.285000	0.285000	0.284705	
1000	0.270000	1.215226	1000	0.270000	0.270000	0.284676	
1000	0.271000	1.215226	1000	0.271000	0.271000	0.284649	
1000	0.292000	1.215226	1000	0.292000	0.292000	0.284663	
1000	0.299000	1.215226	1000	0.299000	0.299000	0.284692	
1000	0.277000	1.215226	1000	0.277000	0.277000	0.284677	
1000	0.290000	1.215226	1000	0.290000	0.290000	0.284687	
1000	0.289000	1.215226	1000	0.289000	0.289000	0.284695	
1000	0.289000	1.215226	1000	0.289000	0.289000	0.284704	
1000	0.313000	1.215226	1000	0.313000	0.313000	0.284759	
1000	0.293000	1.215226	1000	0.293000	0.293000	0.284775	
1000	0.320000	1.215226	1000	0.320000	0.320000	0.284843	
1000	0.298000	1.215226	1000	0.298000	0.298000	0.284868	
1000	0.278000	1.215226	1000	0.278000	0.278000	0.284855	
1000	0.296000	1.215226	1000	0.296000	0.296000	0.284876	
1000	0.316000	1.215226	1000	0.316000	0.316000	0.284936	
1000	0.262000	1.215226	1000	0.262000	0.262000	0.284892	
1000	0.277000	1.215226	1000	0.277000	0.277000	0.284877	
1000	0.310000	1.215226	1000	0.310000	0.310000	0.284925	
1000	0.346000	1.215226	1000	0.346000	0.346000	0.285041	
1000	0.356000	1.215226	1000	0.356000	0.356000	0.285176	
1000	0.331000	1.215226	1000	0.331000	0.331000	0.285263	
1000	0.265000	1.215226	1000	0.265000	0.265000	0.285225	
1000	0.306000	1.215226	1000	0.306000	0.306000	0.285264	
1000	0.276000	1.215226	1000	0.276000	0.276000	0.285247	
1000	0.274000	1.215226	1000	0.274000	0.274000	0.285225	
1000	0.264000	1.215226	1000	0.264000	0.264000	0.285186	
1000	0.279000	1.215226	1000	0.279000	0.279000	0.285174	
1000	0.294000	1.215226	1000	0.294000	0.294000	0.285190	
1000	0.319000	1.215226	1000	0.319000	0.319000	0.285254	
1000	0.279000	1.215226	1000	0.279000	0.279000	0.285242	
1000	0.326000	1.215226	1000	0.326000	0.326000	0.285318	
1000	0.309000	1.215226	1000	0.309000	0.309000	0.285362	
1000	0.299000	1.215226	1000	0.299000	0.299000	0.285387	
1000	0.347000	1.215226	1000	0.347000	0.347000	0.285501	
1000	0.323000	1.215226	1000	0.323000	0.323000	0.285571	
1000	0.284000	1.215226	1000	0.284000	0.284000	0.285568	
1000	0.300000	1.215226	1000	0.300000	0.300000	0.285594	
1000	0.298000	1.215226	1000	0.298000	0.298000	0.285617	
1000	0.291000	1.215226	1000	0.291000	0.291000	0.285627	
1000	0.268000	1.215226	1000	0.268000	0.268000	0.285595	
1000	0.258000	1.215226	1000	0.258000	0.258000	0.285544	
1000	0.249000	1.215226	1000	0.249000	0.249000	0.285478	
1000	0.286000	1.215226	1000	0.286000	0.286000	0.285479	
1000	0.287000	1.215226	1000	0.287000	0.287000	0.285481	
1000	0.263000	1.215226	1000	0.263000	0.263000	0.285440	
1000	0.270000	1.215226	1000	0.270000	0.270000	0.285413	
1000	0.296000	1.215226	1000	0.296000	0.296000	0.285432	
1000	0.292000	1.215226	1000	0.292000	0.292000	0.285444	
1000	0.300000	1.215226	1000	0.300000	0.300000	0.285470	
1000	0.268000	1.215226	1000	0.268000	0.268000	0.285438	
1000	0.295000	1.215226	1000	0.295000	0.295000	0.285456	
1000	0.281000	1.215226	1000	0.281000	0.281000	0.285448	
1000	0.318000	1.215226	1000	0.318000	0.318000	0.285506	
1000	0.298000	1.215226	1000	0.298000	0.298000	0.285528	
1000	0.277000	1.215226	1000	0.277000	0.277000	0.285513	
1000	0.312000	1.215226	1000	0.312000	0.312000	0.285560	
1000	0.293000	1.215226	1000	0.293000	0.293000	0.285573	
1000	0.286000	1.215226	1000	0.286000	0.286000	0.285574	
1000	0.277000	1.215226	1000	0.277000	0.277000	0.285559	
1000	0.283000	1.215226	1000	0.283000	0.283000	0.285554	
1000	0.272000	1.215226	1000	0.272000	0.272000	0.285530	
1000	0.284000	1.215226	1000	0.284000	0.284000	0.285528	
1000	0.299000	1.215226	1000	0.299000	0.299000	0.285551	
1000	0.287000	1.215226	1000	0.287000	0.287000	0.285554	
1000	0.288000	1.215226	1000	0.288000	0.288000	0.285558	
1000	0.252000	1.215226	1000	0.252000	0.252000	0.285500	
1000	0.261000	1.215226	1000	0.261000	0.261000	0.285457	
1000	0.280000	1.215226	1000	0.280000	0.280000	0.285447	
1000	0.309000	1.215226	1000	0.309000	0.309000	0.285488	
1000	0.277000	1.215226	1000	0.277000	0.277000	0.285473	
1000	0.258000	1.215226	1000	0.258000	0.258000	0.285426	
1000	0.283000	1.215226	1000	0.283000	0.283000	0.285422	
1000	0.270000	1.215226	1000	0.270000	0.270000	0.285395	
1000	0.289000	1.215226	1000	0.289000	0.289000	0.285401	
1000	0.292000	1.215226	1000	0.292000	0.292000	0.285413	
1000	0.353000	1.215226	1000	0.353000	0.353000	0.285529	
1000	0.291000	1.215226	1000	0.291000	0.291000	0.285538	
1000	0.262000	1.215226	1000	0.262000	0.262000	0.285498	
1000	0.262000	1.215226	1000	0.262000	0.262000	0.285458	
1000	0.283000	1.215226	1000	0.283000	0.283000	0.285453	
1000	0.282000	1.215226	1000	0.282000	0.282000	0.285448	
1000	0.280000	1.215226	1000	0.280000	0.280000	0.285438	
1000	0.299000	1.215226	1000	0.299000	0.299000	0.285461	
1000	0.270000	1.215226	1000	0.270000	0.270000	0.285435	
1000	0.288000	1.215226	1000	0.288000	0.288000	0.285439	
1000	0.288000	1.215226	1000	0.288000	0.288000	0.285444	
1000	0.269000	1.215226	1000	0.269000	0.269000	0.285416	
1000	0.283000	1.215226	1000	0.283000	0.283000	0.285412	
1000	0.270000	1.215226	1000	0.270000	0.270000	0.285386	
1000	0.252000	1.215226	1000	0.252000	0.252000	0.285330	
1000	0.304000	1.215226	1000	0.304000	0.304000	0.285361	
1000	0.334000	1.215226	1000	0.334000	0.334000	0.285443	
1000	0.264000	1.215226	1000	0.264000	0.264000	0.285407	
1000	0.303000	1.215226	1000	0.303000	0.303000	0.285436	
1000	0.293000	1.215226	1000	0.293000	0.293000	0.285449	
1000	0.268000	1.215226	1000	0.268000	0.268000	0.285420	
1000	0.323000	1.215226	1000	0.323000	0.323000	0.285482	
1000	0.279000	1.215226	1000	0.279000	0.279000	0.285471	
1000	0.305000	1.215226	1000	0.305000	0.305000	0.285504	
1000	0.263000	1.215226	1000	0.263000	0.263000	0.285467	
1000	0.313000	1.215226	1000	0.313000	0.313000	0.285512	
1000	0.335000	1.215226	1000	0.335000	0.335000	0.285593	
1000	0.299000	1.215226	1000	0.299000	0.299000	0.285615	
1000	0.295000	1.215226	1000	0.295000	0.295000	0.285631	
1000	0.278000	1.215226	1000	0.278000	0.278000	0.285618	
1000	0.298000	1.215226	1000	0.298000	0.298000	0.285638	
1000	0.258000	1.215226	1000	0.258000	0.258000	0.285593	
1000	0.295000	1.215226	1000	0.295000	0.295000	0.285609	
1000	0.293000	1.215226	1000	0.293000	0.293000	0.285621	
1000	0.251000	1.215226	1000	0.251000	0.251000	0.285564	
1000	0.291000	1.215226	1000	0.291000	0.291000	0.285573	
1000	0.267000	1.215226	1000	0.267000	0.267000	0.285543	
1000	0.252000	1.215226	1000	0.252000	0.252000	0.285489	
1000	0.288000	1.215226	1000	0.288000	0.288000	0.285493	
1000	0.273000	1.215226	1000	0.273000	0.273000	0.285473	
1000	0.340000	1.215226	1000	0.340000	0.340000	0.285561	
1000	0.282000	1.215226	1000	0.282000	0.282000	0.285555	
1000	0.302000	1.215226	1000	0.302000	0.302000	0.285581	
1000	0.301000	1.215226	1000	0.301000	0.301000	0.285606	
1000	0.270000	1.215226	1000	0.270000	0.270000	0.285581	
1000	0.264000	1.215226	1000	0.264000	0.264000	0.285547	
1000	0.297000	1.215226	1000	0.297000	0.297000	0.285565	
1000	0.292000	1.215226	1000	0.292000	0.292000	0.285575	
1000	0.272000	1.215226	1000	0.272000	0.272000	0.285554	
1000	0.264000	1.215226	1000	0.264000	0.264000	0.285519	
1000	0.287000	1.215226	1000	0.287000	0.287000	0.285522	
1000	0.289000	1.215226	1000	0.289000	0.289000	0.285527	
1000	0.315000	1.215226	1000	0.315000	0.315000	0.285574	
1000	0.282000	1.215226	1000	0.282000	0.282000	0.285568	
1000	0.248000	1.215226	1000	0.248000	0.248000	0.285509	
1000	0.308000	1.215226	1000	0.308000	0.308000	0.285544	
1000	0.287000	1.215226	1000	0.287000	0.287000	0.285547	
1000	0.315000	1.215226	1000	0.315000	0.315000	0.285593	
1000	0.265000	1.215226	1000	0.265000	0.265000	0.285560	
1000	0.293000	1.215226	1000	0.293000	0.293000	0.285572	
1000	0.269000	1.215226	1000	0.269000	0.269000	0.285546	
1000	0.272000	1.215226	1000	0.272000	0.272000	0.285525	
1000	0.240000	1.215226	1000	0.240000	0.240000	0.285455	
1000	0.313000	1.215226	1000	0.313000	0.313000	0.285497	
1000	0.274000	1.215226	1000	0.274000	0.274000	0.285479	
1000	0.309000	1.215226	1000	0.309000	0.309000	0.285516	
1000	0.299000	1.215226	1000	0.299000	0.299000	0.285537	
1000	0.296000	1.215226	1000	0.296000	0.296000	0.285553	
1000	0.290000	1.215226	1000	0.290000	0.290000	0.285560	
1000	0.246000	1.215226	1000	0.246000	0.246000	0.285499	
1000	0.294000	1.215226	1000	0.294000	0.294000	0.285512	
1000	0.311000	1.215226	1000	0.311000	0.311000	0.285551	
1000	0.268000	1.215226	1000	0.268000	0.268000	0.285524	
1000	0.273000	1.215226	1000	0.273000	0.273000	0.285505	
1000	0.277000	1.215226	1000	0.277000	0.277000	0.285492	
1000	0.252000	1.215226	1000	0.252000	0.252000	0.285441	
1000	0.293000	1.215226	1000	0.293000	0.293000	0.285452	
1000	0.291000	1.215226	1000	0.291000	0.291000	0.285461	
1000	0.289000	1.215226	1000	0.289000	0.289000	0.285466	
1000	0.312000	1.215226	1000	0.312000	0.312000	0.285506	
1000	0.303000	1.215226	1000	0.303000	0.303000	0.285533	
1000	0.291000	1.215226	1000	0.291000	0.291000	0.285541	
1000	0.297000	1.215226	1000	0.297000	0.297000	0.285558	
1000	0.300000	1.215226	1000	0.300000	0.300000	0.285580	
1000	0.331000	1.215226	1000	0.331000	0.331000	0.285648	
1000	0.278000	1.215226	1000	0.278000	0.278000	0.285637	
1000	0.255000	1.215226	1000	0.255000	0.255000	0.285591	
1000	0.315000	1.215226	1000	0.315000	0.315000	0.285635	
1000	0.266000	1.215226	1000	0.266000	0.266000	0.285606	
1000	0.305000	1.215226	1000	0.305000	0.305000	0.285634	
1000	0.256000	1.215226	1000	0.256000	0.256000	0.285590	
1000	0.262000	1.215226	1000	0.262000	0.262000	0.285555	
1000	0.268000	1.215226	1000	0.268000	0.268000	0.285529	
1000	0.276000	1.215226	1000	0.276000	0.276000	0.285515	
1000	0.262000	1.215226	1000	0.262000	0.262000	0.285480	
1000	0.274000	1.215226	1000	0.274000	0.274000	0.285463	
1000	0.280000	1.215226	1000	0.280000	0.280000	0.285455	
1000	0.305000	1.215226	1000	0.305000	0.305000	0.285484	
1000	0.291000	1.215226	1000	0.291000	0.291000	0.285492	
1000	0.322000	1.215226	1000	0.322000	0.322000	0.285546	
1000	0.287000	1.215226	1000	0.287000	0.287000	0.285548	
1000	0.258000	1.215226	1000	0.258000	0.258000	0.285508	
1000	0.255000	1.215226	1000	0.255000	0.255000	0.285463	
1000	0.294000	1.215226	1000	0.294000	0.294000	0.285475	
1000	0.316000	1.215226	1000	0.316000	0.316000	0.285520	
1000	0.266000	1.215226	1000	0.266000	0.266000	0.285492	
1000	0.310000	1.215226	1000	0.310000	0.310000	0.285527	
1000	0.242000	1.215226	1000	0.242000	0.242000	0.285464	
1000	0.259000	1.215226	1000	0.259000	0.259000	0.285426	
1000	0.285000	1.215226	1000	0.285000	0.285000	0.285425	
1000	0.265000	1.215226	1000	0.265000	0.265000	0.285396	
1000	0.272000	1.215226	1000	0.272000	0.272000	0.285376	
1000	0.278000	1.215226	1000	0.278000	0.278000	0.285366	
1000	0.303000	1.215226	1000	0.303000	0.303000	0.285391	
1000	0.295000	1.215226	1000	0.295000	0.295000	0.285405	
1000	0.348000	1.215226	1000	0.348000	0.348000	0.285495	
1000	0.338000	1.215226	1000	0.338000	0.338000	0.285570	
1000	0.327000	1.215226	1000	0.327000	0.327000	0.285629	
1000	0.294000	1.215226	1000	0.294000	0.294000	0.285641	
1000	0.318000	1.215226	1000	0.318000	0.318000	0.285687	
1000	0.271000	1.215226	1000	0.271000	0.271000	0.285666	
1000	0.263000	1.215226	1000	0.263000	0.263000	0.285634	
1000	0.276000	1.215226	1000	0.276000	0.276000	0.285620	
1000	0.297000	1.215226	1000	0.297000	0.297000	0.285636	
1000	0.268000	1.215226	1000	0.268000	0.268000	0.285611	
1000	0.315000	1.215226	1000	0.315000	0.315000	0.285653	
1000	0.260000	1.215226	1000	0.260000	0.260000	0.285617	
1000	0.294000	1.215226	1000	0.294000	0.294000	0.285629	
1000	0.279000	1.215226	1000	0.279000	0.279000	0.285619	
1000	0.276000	1.215226	1000	0.276000	0.276000	0.285606	
1000	0.276000	1.215226	1000	0.276000	0.276000	0.285592	
1000	0.282000	1.215226	1000	0.282000	0.282000	0.285587	
1000	0.300000	1.215226	1000	0.300000	0.300000	0.285607	
1000	0.283000	1.215226	1000	0.283000	0.283000	0.285604	
1000	0.275000	1.215226	1000	0.275000	0.275000	0.285589	
1000	0.276000	1.215226	1000	0.276000	0.276000	0.285576	
1000	0.288000	1.215226	1000	0.288000	0.288000	0.285579	
1000	0.282000	1.215226	1000	0.282000	0.282000	0.285574	
1000	0.275000	1.215226	1000	0.275000	0.275000	0.285559	
1000	0.306000	1.215226	1000	0.306000	0.306000	0.285588	
1000	0.311000	1.215226	1000	0.311000	0.311000	0.285623	
1000	0.263000	1.215226	1000	0.263000	0.263000	0.285592	
1000	0.252000	1.215226	1000	0.252000	0.252000	0.285545	
1000	0.259000	1.215226	1000	0.259000	0.259000	0.285509	
1000	0.283000	1.215226	1000	0.283000	0.283000	0.285505	
1000	0.246000	1.215226	1000	0.246000	0.246000	0.285451	
1000	0.294000	1.215226	1000	0.294000	0.294000	0.285463	
1000	0.300000	1.215226	1000	0.300000	0.300000	0.285482	
1000	0.295000	1.215226	1000	0.295000	0.295000	0.285495	
1000	0.294000	1.215226	1000	0.294000	0.294000	0.285507	
1000	0.283000	1.215226	1000	0.283000	0.283000	0.285504	
1000	0.289000	1.215226	1000	0.289000	0.289000	0.285508	
1000	0.263000	1.215226	1000	0.263000	0.263000	0.285478	
1000	0.273000	1.215226	1000	0.273000	0.273000	0.285461	
1000	0.294000	1.215226	1000	0.294000	0.294000	0.285472	
1000	0.280000	1.215226	1000	0.280000	0.280000	0.285465	
1000	0.321000	1.215226	1000	0.321000	0.321000	0.285513	
1000	0.299000	1.215226	1000	0.299000	0.299000	0.285531	
1000	0.267000	1.215226	1000	0.267000	0.267000	0.285506	
1000	0.283000	1.215226	1000	0.283000	0.283000	0.285503	
1000	0.285000	1.215226	1000	0.285000	0.285000	0.285502	
1000	0.260000	1.215226	1000	0.260000	0.260000	0.285468	
1000	0.284000	1.215226	1000	0.284000	0.284000	0.285466	
1000	0.262000	1.215226	1000	0.262000	0.262000	0.285435	
1000	0.258000	1.215226	1000	0.258000	0.258000	0.285398	
1000	0.282000	1.215226	1000	0.282000	0.282000	0.285393	
1000	0.280000	1.215226	1000	0.280000	0.280000	0.285386	
1000	0.269000	1.215226	1000	0.269000	0.269000	0.285364	
1000	0.257000	1.215226	1000	0.257000	0.257000	0.285326	
1000	0.268000	1.215226	1000	0.268000	0.268000	0.285303	
1000	0.298000	1.215226	1000	0.298000	0.298000	0.285320	
1000	0.279000	1.215226	1000	0.279000	0.279000	0.285312	
1000	0.277000	1.215226	1000	0.277000	0.277000	0.285301	
1000	0.281000	1.215226	1000	0.281000	0.281000	0.285295	
1000	0.285000	1.215226	1000	0.285000	0.285000	0.285295	
1000	0.293000	1.215226	1000	0.293000	0.293000	0.285305	
1000	0.279000	1.215226	1000	0.279000	0.279000	0.285296	
1000	0.271000	1.215226	1000	0.271000	0.271000	0.285278	
1000	0.281000	1.215226	1000	0.281000	0.281000	0.285272	
1000	0.279000	1.215226	1000	0.279000	0.279000	0.285264	
1000	0.276000	1.215226	1000	0.276000	0.276000	0.285252	
1000	0.267000	1.215226	1000	0.267000	0.267000	0.285228	
1000	0.272000	1.215226	1000	0.272000	0.272000	0.285210	
1000	0.267000	1.215226	1000	0.267000	0.267000	0.285187	
1000	0.253000	1.215226	1000	0.253000	0.253000	0.285145	
1000	0.276000	1.215226	1000	0.276000	0.276000	0.285133	
1000	0.261000	1.215226	1000	0.261000	0.261000	0.285101	
1000	0.317000	1.215226	1000	0.317000	0.317000	0.285143	
1000	0.278000	1.215226	1000	0.278000	0.278000	0.285133	
1000	0.269000	1.215226	1000	0.269000	0.269000	0.285112	
1000	0.292000	1.215226	1000	0.292000	0.292000	0.285121	
1000	0.269000	1.215226	1000	0.269000	0.269000	0.285101	
1000	0.266000	1.215226	1000	0.266000	0.266000	0.285076	
1000	0.288000	1.215226	1000	0.288000	0.288000	0.285080	
1000	0.270000	1.215226	1000	0.270000	0.270000	0.285060	
1000	0.284000	1.215226	1000	0.284000	0.284000	0.285059	
1000	0.263000	1.215226	1000	0.263000	0.263000	0.285030	
1000	0.307000	1.215226	1000	0.307000	0.307000	0.285059	
1000	0.278000	1.215226	1000	0.278000	0.278000	0.285050	
1000	0.256000	1.215226	1000	0.256000	0.256000	0.285012	
1000	0.239000	1.215226	1000	0.239000	0.239000	0.284954	
1000	0.288000	1.215226	1000	0.288000	0.288000	0.284957	
1000	0.276000	1.215226	1000	0.276000	0.276000	0.284946	
1000	0.322000	1.215226	1000	0.322000	0.322000	0.284993	
1000	0.270000	1.215226	1000	0.270000	0.270000	0.284974	
1000	0.292000	1.215226	1000	0.292000	0.292000	0.284983	
1000	0.298000	1.215226	1000	0.298000	0.298000	0.285000	
1000	0.313000	1.215226	1000	0.313000	0.313000	0.285035	
1000	0.284000	1.215226	1000	0.284000	0.284000	0.285034	
1000	0.286000	1.215226	1000	0.286000	0.286000	0.285035	
1000	0.289000	1.215226	1000	0.289000	0.289000	0.285040	
1000	0.283000	1.215226	1000	0.283000	0.283000	0.285037	
1000	0.266000	1.215226	1000	0.266000	0.266000	0.285013	
1000	0.301000	1.215226	1000	0.301000	0.301000	0.285034	
1000	0.251000	1.215226	1000	0.251000	0.251000	0.284991	
1000	0.282000	1.215226	1000	0.282000	0.282000	0.284987	
1000	0.257000	1.215226	1000	0.257000	0.257000	0.284952	
1000	0.305000	1.215226	1000	0.305000	0.305000	0.284977	
1000	0.284000	1.215226	1000	0.284000	0.284000	0.284976	
1000	0.288000	1.215226	1000	0.288000	0.288000	0.284980	
1000	0.259000	1.215226	1000	0.259000	0.259000	0.284947	
1000	0.259000	1.215226	1000	0.259000	0.259000	0.284915	
1000	0.303000	1.215226	1000	0.303000	0.303000	0.284937	
1000	0.280000	1.215226	1000	0.280000	0.280000	0.284931	
1000	0.289000	1.215226	1000	0.289000	0.289000	0.284936	
1000	0.315000	1.215226	1000	0.315000	0.315000	0.284974	
1000	0.314000	1.215226	1000	0.314000	0.314000	0.285010	
1000	0.273000	1.215226	1000	0.273000	0.273000	0.284995	
1000	0.275000	1.215226	1000	0.275000	0.275000	0.284982	
1000	0.310000	1.215226	1000	0.310000	0.310000	0.285013	
1000	0.263000	1.215226	1000	0.263000	0.263000	0.284986	
1000	0.255000	1.215226	1000	0.255000	0.255000	0.284949	
1000	0.311000	1.215226	1000	0.311000	0.311000	0.284981	
1000	0.307000	1.215226	1000	0.307000	0.307000	0.285008	
1000	0.247000	1.215226	1000	0.247000	0.247000	0.284962	
1000	0.285000	1.215226	1000	0.285000	0.285000	0.284962	
1000	0.289000	1.215226	1000	0.289000	0.289000	0.284967	
1000	0.265000	1.215226	1000	0.265000	0.265000	0.284942	
1000	0.258000	1.215226	1000	0.258000	0.258000	0.284909	
1000	0.253000	1.215226	1000	0.253000	0.253000	0.284871	
1000	0.287000	1.215226	1000	0.287000	0.287000	0.284873	
1000	0.260000	1.215226	1000	0.260000	0.260000	0.284843	
1000	0.278000	1.215226	1000	0.278000	0.278000	0.284835	
1000	0.292000	1.215226	1000	0.292000	0.292000	0.284843	
1000	0.268000	1.215226	1000	0.268000	0.268000	0.284823	
1000	0.298000	1.215226	1000	0.298000	0.298000	0.284839	
1000	0.248000	1.215226	1000	0.248000	0.248000	0.284794	
1000	0.281000	1.215226	1000	0.281000	0.281000	0.284790	
1000	0.262000	1.215226	1000	0.262000	0.262000	0.284762	
1000	0.299000	1.215226	1000	0.299000	0.299000	0.284779	
1000	0.267000	1.215226	1000	0.267000	0.267000	0.284758	
1000	0.299000	1.215226	1000	0.299000	0.299000	0.284775	
1000	0.284000	1.215226	1000	0.284000	0.284000	0.284774	
1000	0.286000	1.215226	1000	0.286000	0.286000	0.284776	
1000	0.286000	1.215226	1000	0.286000	0.286000	0.284777	
1000	0.279000	1.215226	1000	0.279000	0.279000	0.284770	
1000	0.263000	1.215226	1000	0.263000	0.263000	0.284744	
1000	0.264000	1.215226	1000	0.264000	0.264000	0.284720	
1000	0.295000	1.215226	1000	0.295000	0.295000	0.284732	
1000	0.235000	1.215226	1000	0.235000	0.235000	0.284673	
1000	0.282000	1.215226	1000	0.282000	0.282000	0.284669	
1000	0.312000	1.215226	1000	0.312000	0.312000	0.284702	
1000	0.246000	1.215226	1000	0.246000	0.246000	0.284656	
1000	0.296000	1.215226	1000	0.296000	0.296000	0.284669	
1000	0.281000	1.215226	1000	0.281000	0.281000	0.284665	
1000	0.295000	1.215226	1000	0.295000	0.295000	0.284677	
1000	0.279000	1.215226	1000	0.279000	0.279000	0.284671	
1000	0.301000	1.215226	1000	0.301000	0.301000	0.284690	
1000	0.280000	1.215226	1000	0.280000	0.280000	0.284684	
1000	0.293000	1.215226	1000	0.293000	0.293000	0.284694	
1000	0.310000	1.215226	1000	0.310000	0.310000	0.284724	
1000	0.271000	1.215226	1000	0.271000	0.271000	0.284708	
1000	0.277000	1.215226	1000	0.277000	0.277000	0.284699	
1000	0.240000	1.215226	1000	0.240000	0.240000	0.284646	
1000	0.262000	1.215226	1000	0.262000	0.262000	0.284620	
1000	0.263000	1.215226	1000	0.263000	0.263000	0.284595	
1000	0.297000	1.215226	1000	0.297000	0.297000	0.284609	
1000	0.277000	1.215226	1000	0.277000	0.277000	0.284600	
1000	0.272000	1.215226	1000	0.272000	0.272000	0.284586	
1000	0.259000	1.215226	1000	0.259000	0.259000	0.284556	
1000	0.321000	1.215226	1000	0.321000	0.321000	0.284598	
1000	0.293000	1.215226	1000	0.293000	0.293000	0.284608	
1000	0.306000	1.215226	1000	0.306000	0.306000	0.284633	
1000	0.264000	1.215226	1000	0.264000	0.264000	0.284609	
1000	0.296000	1.215226	1000	0.296000	0.296000	0.284622	
1000	0.288000	1.215226	1000	0.288000	0.288000	0.284626	
1000	0.282000	1.215226	1000	0.282000	0.282000	0.284623	
1000	0.280000	1.215226	1000	0.280000	0.280000	0.284618	
1000	0.282000	1.215226	1000	0.282000	0.282000	0.284615	
1000	0.275000	1.215226	1000	0.275000	0.275000	0.284604	
1000	0.249000	1.215226	1000	0.249000	0.249000	0.284563	
1000	0.331000	1.215226	1000	0.331000	0.331000	0.284616	
1000	0.313000	1.215226	1000	0.313000	0.313000	0.284648	
1000	0.274000	1.215226	1000	0.274000	0.274000	0.284636	
1000	0.287000	1.215226	1000	0.287000	0.287000	0.284639	
1000	0.266000	1.215226	1000	0.266000	0.266000	0.284618	
1000	0.292000	1.215226	1000	0.292000	0.292000	0.284626	
1000	0.275000	1.215226	1000	0.275000	0.275000	0.284615	
1000	0.305000	1.215226	1000	0.305000	0.305000	0.284638	
1000	0.312000	1.215226	1000	0.312000	0.312000	0.284669	
1000	0.281000	1.215226	1000	0.281000	0.281000	0.284665	
1000	0.275000	1.215226	1000	0.275000	0.275000	0.284654	
1000	0.291000	1.215226	1000	0.291000	0.291000	0.284661	
1000	0.245000	1.215226	1000	0.245000	0.245000	0.284617	
1000	0.272000	1.215226	1000	0.272000	0.272000	0.284602	
1000	0.281000	1.215226	1000	0.281000	0.281000	0.284598	
1000	0.254000	1.215226	1000	0.254000	0.254000	0.284564	
1000	0.256000	1.215226	1000	0.256000	0.256000	0.284532	
1000	0.267000	1.215226	1000	0.267000	0.267000	0.284512	
1000	0.270000	1.215226	1000	0.270000	0.270000	0.284496	
1000	0.290000	1.215226	1000	0.290000	0.290000	0.284502	
1000	0.263000	1.215226	1000	0.263000	0.263000	0.284478	
1000	0.277000	1.215226	1000	0.277000	0.277000	0.284469	
1000	0.261000	1.215226	1000	0.261000	0.261000	0.284443	
1000	0.281000	1.215226	1000	0.281000	0.281000	0.284439	
1000	0.271000	1.215226	1000	0.271000	0.271000	0.284424	
1000	0.283000	1.215226	1000	0.283000	0.283000	0.284423	
1000	0.298000	1.215226	1000	0.298000	0.298000	0.284438	
1000	0.292000	1.215226	1000	0.292000	0.292000	0.284446	
1000	0.264000	1.215226	1000	0.264000	0.264000	0.284424	
1000	0.283000	1.215226	1000	0.283000	0.283000	0.284422	
1000	0.294000	1.215226	1000	0.294000	0.294000	0.284433	
1000	0.318000	1.215226	1000	0.318000	0.318000	0.284470	
1000	0.291000	1.215226	1000	0.291000	0.291000	0.284477	
1000	0.277000	1.215226	1000	0.277000	0.277000	0.284469	
1000	0.277000	1.215226	1000	0.277000	0.277000	0.284461	
1000	0.258000	1.215226	1000	0.258000	0.258000	0.284431	
1000	0.271000	1.215226	1000	0.271000	0.271000	0.284417	
1000	0.311000	1.215226	1000	0.311000	0.311000	0.284446	
1000	0.286000	1.215226	1000	0.286000	0.286000	0.284448	
1000	0.315000	1.215226	1000	0.315000	0.315000	0.284481	
1000	0.254000	1.215226	1000	0.254000	0.254000	0.284448	
1000	0.310000	1.215226	1000	0.310000	0.310000	0.284476	
1000	0.260000	1.215226	1000	0.260000	0.260000	0.284449	
1000	0.282000	1.215226	1000	0.282000	0.282000	0.284446	
1000	0.307000	1.215226	1000	0.307000	0.307000	0.284471	
1000	0.276000	1.215226	1000	0.276000	0.276000	0.284462	
1000	0.315000	1.215226	1000	0.315000	0.315000	0.284495	
1000	0.309000	1.215226	1000	0.309000	0.309000	0.284521	
1000	0.285000	1.215226	1000	0.285000	0.285000	0.284522	
1000	0.278000	1.215226	1000	0.278000	0.278000	0.284515	
1000	0.284000	1.215226	1000	0.284000	0.284000	0.284514	
1000	0.293000	1.215226	1000	0.293000	0.293000	0.284524	
1000	0.279000	1.215226	1000	0.279000	0.279000	0.284518	
1000	0.273000	1.215226	1000	0.273000	0.273000	0.284505	
1000	0.256000	1.215226	1000	0.256000	0.256000	0.284474	
1000	0.279000	1.215226	1000	0.279000	0.279000	0.284468	
1000	0.294000	1.215226	1000	0.294000	0.294000	0.284479	
1000	0.331000	1.215226	1000	0.331000	0.331000	0.284529	
1000	0.303000	1.215226	1000	0.303000	0.303000	0.284549	
1000	0.269000	1.215226	1000	0.269000	0.269000	0.284532	
1000	0.276000	1.215226	1000	0.276000	0.276000	0.284523	
1000	0.237000	1.215226	1000	0.237000	0.237000	0.284472	
1000	0.315000	1.215226	1000	0.315000	0.315000	0.284505	
1000	0.282000	1.215226	1000	0.282000	0.282000	0.284502	
1000	0.281000	1.215226	1000	0.281000	0.281000	0.284498	
1000	0.265000	1.215226	1000	0.265000	0.265000	0.284477	
1000	0.289000	1.215226	1000	0.289000	0.289000	0.284482	
1000	0.319000	1.215226	1000	0.319000	0.319000	0.284519	
1000	0.267000	1.215226	1000	0.267000	0.267000	0.284500	
1000	0.255000	1.215226	1000	0.255000	0.255000	0.284469	
1000	0.260000	1.215226	1000	0.260000	0.260000	0.284443	
1000	0.280000	1.215226	1000	0.280000	0.280000	0.284438	
1000	0.286000	1.215226	1000	0.286000	0.286000	0.284440	
1000	0.274000	1.215226	1000	0.274000	0.274000	0.284429	
1000	0.300000	1.215226	1000	0.300000	0.300000	0.284445	
1000	0.351000	1.215226	1000	0.351000	0.351000	0.284516	
1000	0.304000	1.215226	1000	0.304000	0.304000	0.284536	
1000	0.306000	1.215226	1000	0.306000	0.306000	0.284559	
1000	0.279000	1.215226	1000	0.279000	0.279000	0.284553	
1000	0.260000	1.215226	1000	0.260000	0.260000	0.284527	
1000	0.279000	1.215226	1000	0.279000	0.279000	0.284521	
1000	0.312000	1.215226	1000	0.312000	0.312000	0.284550	
1000	0.290000	1.215226	1000	0.290000	0.290000	0.284556	
1000	0.307000	1.215226	1000	0.307000	0.307000	0.284579	
1000	0.282000	1.215226	1000	0.282000	0.282000	0.284577	
1000	0.266000	1.215226	1000	0.266000	0.266000	0.284557	
1000	0.345000	1.215226	1000	0.345000	0.345000	0.284620	
1000	0.301000	1.215226	1000	0.301000	0.301000	0.284637	
1000	0.277000	1.215226	1000	0.277000	0.277000	0.284629	
1000	0.301000	1.215226	1000	0.301000	0.301000	0.284646	
1000	0.285000	1.215226	1000	0.285000	0.285000	0.284647	
1000	0.298000	1.215226	1000	0.298000	0.298000	0.284660	
1000	0.287000	1.215226	1000	0.287000	0.287000	0.284663	
1000	0.259000	1.215226	1000	0.259000	0.259000	0.284636	
1000	0.258000	1.215226	1000	0.258000	0.258000	0.284609	
1000	0.297000	1.215226	1000	0.297000	0.297000	0.284622	
1000	0.273000	1.215226	1000	0.273000	0.273000	0.284610	
1000	0.306000	1.215226	1000	0.306000	0.306000	0.284632	
1000	0.265000	1.215226	1000	0.265000	0.265000	0.284611	
1000	0.279000	1.215226	1000	0.279000	0.279000	0.284606	
1000	0.295000	1.215226	1000	0.295000	0.295000	0.284616	
1000	0.335000	1.215226	1000	0.335000	0.335000	0.284668	
1000	0.271000	1.215226	1000	0.271000	0.271000	0.284654	
1000	0.241000	1.215226	1000	0.241000	0.241000	0.284609	
1000	0.285000	1.215226	1000	0.285000	0.285000	0.284610	
1000	0.284000	1.215226	1000	0.284000	0.284000	0.284609	
1000	0.258000	1.215226	1000	0.258000	0.258000	0.284582	
1000	0.336000	1.215226	1000	0.336000	0.336000	0.284634	
1000	0.327000	1.215226	1000	0.327000	0.327000	0.284678	
1000	0.275000	1.215226	1000	0.275000	0.275000	0.284668	
1000	0.270000	1.215226	1000	0.270000	0.270000	0.284653	
1000	0.219000	1.215226	1000	0.219000	0.219000	0.284586	
1000	0.294000	1.215226	1000	0.294000	0.294000	0.284596	
1000	0.294000	1.215226	1000	0.294000	0.294000	0.284605	
1000	0.261000	1.215226	1000	0.261000	0.261000	0.284581	
1000	0.290000	1.215226	1000	0.290000	0.290000	0.284587	
1000	0.269000	1.215226	1000	0.269000	0.269000	0.284571	
1000	0.283000	1.215226	1000	0.283000	0.283000	0.284569	
1000	0.297000	1.215226	1000	0.297000	0.297000	0.284582	
1000	0.286000	1.215226	1000	0.286000	0.286000	0.284583	
1000	0.294000	1.215226	1000	0.294000	0.294000	0.284593	
1000	0.267000	1.215226	1000	0.267000	0.267000	0.284575	
1000	0.326000	1.215226	1000	0.326000	0.326000	0.284617	
1000	0.295000	1.215226	1000	0.295000	0.295000	0.284627	
1000	0.294000	1.215226	1000	0.294000	0.294000	0.284637	
1000	0.272000	1.215226	1000	0.272000	0.272000	0.284624	
1000	0.248000	1.215226	1000	0.248000	0.248000	0.284587	
1000	0.276000	1.215226	1000	0.276000	0.276000	0.284579	
1000	0.261000	1.215226	1000	0.261000	0.261000	0.284555	
1000	0.315000	1.215226	1000	0.315000	0.315000	0.284586	
1000	0.322000	1.215226	1000	0.322000	0.322000	0.284623	
1000	0.347000	1.215226	1000	0.347000	0.347000	0.284685	
1000	0.321000	1.215226	1000	0.321000	0.321000	0.284721	
1000	0.275000	1.215226	1000	0.275000	0.275000	0.284711	
1000	0.276000	1.215226	1000	0.276000	0.276000	0.284703	
1000	0.285000	1.215226	1000	0.285000	0.285000	0.284703	
1000	0.263000	1.215226	1000	0.263000	0.263000	0.284682	
1000	0.279000	1.215226	1000	0.279000	0.279000	0.284676	
