Default schedule
Rate	100.00
Rate Tried	% Accepted	Rates - Dev	Rates - Tried	Rates - Accepted	Sample Ave Acceptance	Total Ave Acceptance	
1000	0.249000	1.450420	1000	0.249000	0.249000	0.277248	
1000	0.294000	1.450420	1000	0.294000	0.294000	0.278643	
1000	0.312000	1.450420	1000	0.312000	0.312000	0.281209	
1000	0.266000	1.450420	1000	0.266000	0.266000	0.280123	
1000	0.287000	1.450420	1000	0.287000	0.287000	0.280581	
1000	0.302000	1.450420	1000	0.302000	0.302000	0.281920	
1000	0.310000	1.450420	1000	0.310000	0.310000	0.283572	
1000	0.298000	1.450420	1000	0.298000	0.298000	0.284373	
1000	0.296000	1.450420	1000	0.296000	0.296000	0.284985	
1000	0.314000	1.450420	1000	0.314000	0.314000	0.286436	
1000	0.304000	1.450420	1000	0.304000	0.304000	0.287272	
1000	0.305000	1.450420	1000	0.305000	0.305000	0.288078	
1000	0.270000	1.450420	1000	0.270000	0.270000	0.287292	
1000	0.314000	1.450420	1000	0.314000	0.314000	0.288405	
1000	0.267000	1.450420	1000	0.267000	0.267000	0.287548	
1000	0.308000	1.450420	1000	0.308000	0.308000	0.288335	
1000	0.283000	1.450420	1000	0.283000	0.283000	0.288137	
1000	0.279000	1.450420	1000	0.279000	0.279000	0.287811	
1000	0.292000	1.450420	1000	0.292000	0.292000	0.287956	
1000	0.262000	1.450420	1000	0.262000	0.262000	0.287090	
1000	0.310000	1.450420	1000	0.310000	0.310000	0.287829	
1000	0.291000	1.450420	1000	0.291000	0.291000	0.287929	
1000	0.293000	1.450420	1000	0.293000	0.293000	0.288082	
1000	0.320000	1.450420	1000	0.320000	0.320000	0.289021	
1000	0.319000	1.450420	1000	0.319000	0.319000	0.289877	
1000	0.261000	1.450420	1000	0.261000	0.261000	0.289075	
1000	0.312000	1.450420	1000	0.312000	0.312000	0.289695	
1000	0.306000	1.450420	1000	0.306000	0.306000	0.290124	
1000	0.354000	1.450420	1000	0.354000	0.354000	0.291762	
1000	0.297000	1.450420	1000	0.297000	0.297000	0.291893	
1000	0.267000	1.450420	1000	0.267000	0.267000	0.291286	
1000	0.284000	1.450420	1000	0.284000	0.284000	0.291112	
1000	0.276000	1.450420	1000	0.276000	0.276000	0.290761	
1000	0.253000	1.450420	1000	0.253000	0.253000	0.289903	
1000	0.302000	1.450420	1000	0.302000	0.302000	0.290171	
1000	0.326000	1.450420	1000	0.326000	0.326000	0.290950	
1000	0.286000	1.450420	1000	0.286000	0.286000	0.290845	
1000	0.298000	1.450420	1000	0.298000	0.298000	0.290994	
1000	0.283000	1.450420	1000	0.283000	0.283000	0.290831	
1000	0.317000	1.450420	1000	0.317000	0.317000	0.291354	
1000	0.265000	1.450420	1000	0.265000	0.265000	0.290837	
1000	0.285000	1.450420	1000	0.285000	0.285000	0.290725	
1000	0.284000	1.450420	1000	0.284000	0.284000	0.290598	
1000	0.286000	1.450420	1000	0.286000	0.286000	0.290513	
1000	0.302000	1.450420	1000	0.302000	0.302000	0.290722	
1000	0.301000	1.450420	1000	0.301000	0.301000	0.290906	
1000	0.295000	1.450420	1000	0.295000	0.295000	0.290977	
1000	0.265000	1.450420	1000	0.265000	0.265000	0.290529	
1000	0.281000	1.450420	1000	0.281000	0.281000	0.290368	
1000	0.286000	1.450420	1000	0.286000	0.286000	0.290295	
1000	0.301000	1.450420	1000	0.301000	0.301000	0.290471	
1000	0.294000	1.450420	1000	0.294000	0.294000	0.290528	
1000	0.282000	1.450420	1000	0.282000	0.282000	0.290392	
1000	0.277000	1.450420	1000	0.277000	0.277000	0.290183	
1000	0.304000	1.450420	1000	0.304000	0.304000	0.290396	
1000	0.309000	1.450420	1000	0.309000	0.309000	0.290677	
1000	0.296000	1.450420	1000	0.296000	0.296000	0.290757	
1000	0.279000	1.450420	1000	0.279000	0.279000	0.290584	
1000	0.284000	1.450420	1000	0.284000	0.284000	0.290489	
1000	0.298000	1.450420	1000	0.298000	0.298000	0.290596	
1000	0.311000	1.450420	1000	0.311000	0.311000	0.290883	
1000	0.302000	1.450420	1000	0.302000	0.302000	0.291038	
1000	0.283000	1.450420	1000	0.283000	0.283000	0.290928	
1000	0.296000	1.450420	1000	0.296000	0.296000	0.290996	
1000	0.297000	1.450420	1000	0.297000	0.297000	0.291076	
1000	0.274000	1.450420	1000	0.274000	0.274000	0.290851	
1000	0.312000	1.450420	1000	0.312000	0.312000	0.291126	
1000	0.292000	1.450420	1000	0.292000	0.292000	0.291137	
1000	0.295000	1.450420	1000	0.295000	0.295000	0.291186	
1000	0.290000	1.450420	1000	0.290000	0.290000	0.291171	
1000	0.321000	1.450420	1000	0.321000	0.321000	0.291540	
1000	0.337000	1.450420	1000	0.337000	0.337000	0.292094	
1000	0.310000	1.450420	1000	0.310000	0.310000	0.292310	
1000	0.328000	1.450420	1000	0.328000	0.328000	0.292735	
1000	0.309000	1.450420	1000	0.309000	0.309000	0.292926	
1000	0.282000	1.450420	1000	0.282000	0.282000	0.292799	
1000	0.306000	1.450420	1000	0.306000	0.306000	0.292951	
1000	0.319000	1.450420	1000	0.319000	0.319000	0.293247	
1000	0.288000	1.450420	1000	0.288000	0.288000	0.293188	
1000	0.313000	1.450420	1000	0.313000	0.313000	0.293408	
1000	0.288000	1.450420	1000	0.288000	0.288000	0.293348	
1000	0.299000	1.450420	1000	0.299000	0.299000	0.293410	
1000	0.303000	1.450420	1000	0.303000	0.303000	0.293513	
1000	0.299000	1.450420	1000	0.299000	0.299000	0.293571	
1000	0.282000	1.450420	1000	0.282000	0.282000	0.293450	
1000	0.291000	1.450420	1000	0.291000	0.291000	0.293424	
1000	0.294000	1.450420	1000	0.294000	0.294000	0.293430	
1000	0.302000	1.450420	1000	0.302000	0.302000	0.293517	
1000	0.300000	1.450420	1000	0.300000	0.300000	0.293583	
1000	0.310000	1.450420	1000	0.310000	0.310000	0.293747	
1000	0.290000	1.450420	1000	0.290000	0.290000	0.293710	
1000	0.279000	1.450420	1000	0.279000	0.279000	0.293566	
1000	0.298000	1.450420	1000	0.298000	0.298000	0.293609	
1000	0.287000	1.450420	1000	0.287000	0.287000	0.293545	
1000	0.272000	1.450420	1000	0.272000	0.272000	0.293340	
1000	0.291000	1.450420	1000	0.291000	0.291000	0.293318	
1000	0.308000	1.450420	1000	0.308000	0.308000	0.293455	
1000	0.296000	1.450420	1000	0.296000	0.296000	0.293479	
1000	0.309000	1.450420	1000	0.309000	0.309000	0.293621	
1000	0.257000	1.450420	1000	0.257000	0.257000	0.293288	
1000	0.308000	1.450420	1000	0.308000	0.308000	0.293421	
1000	0.292000	1.450420	1000	0.292000	0.292000	0.293408	
1000	0.315000	1.450420	1000	0.315000	0.315000	0.293599	
1000	0.320000	1.450420	1000	0.320000	0.320000	0.293831	
1000	0.309000	1.450420	1000	0.309000	0.309000	0.293963	
1000	0.269000	1.450420	1000	0.269000	0.269000	0.293747	
1000	0.252000	1.450420	1000	0.252000	0.252000	0.293391	
1000	0.270000	1.450420	1000	0.270000	0.270000	0.293192	
1000	0.306000	1.450420	1000	0.306000	0.306000	0.293300	
1000	0.304000	1.450420	1000	0.304000	0.304000	0.293389	
1000	0.292000	1.450420	1000	0.292000	0.292000	0.293378	
1000	0.306000	1.450420	1000	0.306000	0.306000	0.293481	
1000	0.317000	1.450420	1000	0.317000	0.317000	0.293672	
1000	0.285000	1.450420	1000	0.285000	0.285000	0.293602	
1000	0.313000	1.450420	1000	0.313000	0.313000	0.293758	
1000	0.268000	1.450420	1000	0.268000	0.268000	0.293553	
1000	0.298000	1.450420	1000	0.298000	0.298000	0.293588	
1000	0.297000	1.450420	1000	0.297000	0.297000	0.293615	
1000	0.309000	1.450420	1000	0.309000	0.309000	0.293734	
1000	0.278000	1.450420	1000	0.278000	0.278000	0.293613	
1000	0.283000	1.450420	1000	0.283000	0.283000	0.293532	
1000	0.287000	1.450420	1000	0.287000	0.287000	0.293483	
1000	0.275000	1.450420	1000	0.275000	0.275000	0.293344	
1000	0.269000	1.450420	1000	0.269000	0.269000	0.293162	
1000	0.316000	1.450420	1000	0.316000	0.316000	0.293331	
1000	0.299000	1.450420	1000	0.299000	0.299000	0.293373	
1000	0.288000	1.450420	1000	0.288000	0.288000	0.293334	
1000	0.281000	1.450420	1000	0.281000	0.281000	0.293244	
1000	0.327000	1.450420	1000	0.327000	0.327000	0.293487	
1000	0.288000	1.450420	1000	0.288000	0.288000	0.293448	
1000	0.280000	1.450420	1000	0.280000	0.280000	0.293353	
1000	0.282000	1.450420	1000	0.282000	0.282000	0.293273	
1000	0.306000	1.450420	1000	0.306000	0.306000	0.293362	
1000	0.298000	1.450420	1000	0.298000	0.298000	0.293394	
1000	0.304000	1.450420	1000	0.304000	0.304000	0.293467	
1000	0.290000	1.450420	1000	0.290000	0.290000	0.293443	
1000	0.283000	1.450420	1000	0.283000	0.283000	0.293372	
1000	0.303000	1.450420	1000	0.303000	0.303000	0.293437	
1000	0.300000	1.450420	1000	0.300000	0.300000	0.293481	
1000	0.305000	1.450420	1000	0.305000	0.305000	0.293558	
1000	0.286000	1.450420	1000	0.286000	0.286000	0.293508	
1000	0.288000	1.450420	1000	0.288000	0.288000	0.293472	
1000	0.272000	1.450420	1000	0.272000	0.272000	0.293331	
1000	0.279000	1.450420	1000	0.279000	0.279000	0.293238	
1000	0.269000	1.450420	1000	0.269000	0.269000	0.293082	
1000	0.287000	1.450420	1000	0.287000	0.287000	0.293043	
1000	0.270000	1.450420	1000	0.270000	0.270000	0.292896	
1000	0.291000	1.450420	1000	0.291000	0.291000	0.292884	
1000	0.289000	1.450420	1000	0.289000	0.289000	0.292860	
1000	0.296000	1.450420	1000	0.296000	0.296000	0.292879	
1000	0.301000	1.450420	1000	0.301000	0.301000	0.292930	
1000	0.320000	1.450420	1000	0.320000	0.320000	0.293097	
1000	0.305000	1.450420	1000	0.305000	0.305000	0.293170	
1000	0.277000	1.450420	1000	0.277000	0.277000	0.293071	
1000	0.296000	1.450420	1000	0.296000	0.296000	0.293089	
1000	0.307000	1.450420	1000	0.307000	0.307000	0.293173	
1000	0.315000	1.450420	1000	0.315000	0.315000	0.293304	
1000	0.312000	1.450420	1000	0.312000	0.312000	0.293415	
1000	0.236000	1.450420	1000	0.236000	0.236000	0.293075	
1000	0.269000	1.450420	1000	0.269000	0.269000	0.292934	
1000	0.257000	1.450420	1000	0.257000	0.257000	0.292723	
1000	0.312000	1.450420	1000	0.312000	0.312000	0.292836	
1000	0.314000	1.450420	1000	0.314000	0.314000	0.292958	
1000	0.278000	1.450420	1000	0.278000	0.278000	0.292872	
1000	0.266000	1.450420	1000	0.266000	0.266000	0.292718	
1000	0.298000	1.450420	1000	0.298000	0.298000	0.292748	
1000	0.288000	1.450420	1000	0.288000	0.288000	0.292722	
1000	0.318000	1.450420	1000	0.318000	0.318000	0.292864	
1000	0.285000	1.450420	1000	0.285000	0.285000	0.292820	
1000	0.285000	1.450420	1000	0.285000	0.285000	0.292776	
1000	0.302000	1.450420	1000	0.302000	0.302000	0.292827	
1000	0.303000	1.450420	1000	0.303000	0.303000	0.292883	
1000	0.309000	1.450420	1000	0.309000	0.309000	0.292971	
1000	0.255000	1.450420	1000	0.255000	0.255000	0.292765	
1000	0.278000	1.450420	1000	0.278000	0.278000	0.292685	
1000	0.293000	1.450420	1000	0.293000	0.293000	0.292687	
1000	0.325000	1.450420	1000	0.325000	0.325000	0.292859	
1000	0.277000	1.450420	1000	0.277000	0.277000	0.292775	
1000	0.287000	1.450420	1000	0.287000	0.287000	0.292744	
1000	0.296000	1.450420	1000	0.296000	0.296000	0.292762	
1000	0.323000	1.450420	1000	0.323000	0.323000	0.292920	
1000	0.276000	1.450420	1000	0.276000	0.276000	0.292832	
1000	0.287000	1.450420	1000	0.287000	0.287000	0.292802	
1000	0.287000	1.450420	1000	0.287000	0.287000	0.292772	
1000	0.311000	1.450420	1000	0.311000	0.311000	0.292865	
1000	0.298000	1.450420	1000	0.298000	0.298000	0.292891	
1000	0.290000	1.450420	1000	0.290000	0.290000	0.292877	
1000	0.274000	1.450420	1000	0.274000	0.274000	0.292781	
1000	0.292000	1.450420	1000	0.292000	0.292000	0.292777	
1000	0.296000	1.450420	1000	0.296000	0.296000	0.292794	
1000	0.322000	1.450420	1000	0.322000	0.322000	0.292939	
1000	0.284000	1.450420	1000	0.284000	0.284000	0.292895	
1000	0.304000	1.450420	1000	0.304000	0.304000	0.292949	
1000	0.292000	1.450420	1000	0.292000	0.292000	0.292945	
1000	0.294000	1.450420	1000	0.294000	0.294000	0.292950	
1000	0.294000	1.450420	1000	0.294000	0.294000	0.292955	
1000	0.280000	1.450420	1000	0.280000	0.280000	0.292892	
1000	0.282000	1.450420	1000	0.282000	0.282000	0.292840	
1000	0.319000	1.450420	1000	0.319000	0.319000	0.292965	
1000	0.318000	1.450420	1000	0.318000	0.318000	0.293084	
1000	0.305000	1.450420	1000	0.305000	0.305000	0.293141	
1000	0.288000	1.450420	1000	0.288000	0.288000	0.293117	
1000	0.289000	1.450420	1000	0.289000	0.289000	0.293097	
1000	0.322000	1.450420	1000	0.322000	0.322000	0.293232	
1000	0.284000	1.450420	1000	0.284000	0.284000	0.293189	
1000	0.281000	1.450420	1000	0.281000	0.281000	0.293133	
1000	0.302000	1.450420	1000	0.302000	0.302000	0.293174	
1000	0.278000	1.450420	1000	0.278000	0.278000	0.293104	
1000	0.294000	1.450420	1000	0.294000	0.294000	0.293108	
1000	0.311000	1.450420	1000	0.311000	0.311000	0.293190	
1000	0.299000	1.450420	1000	0.299000	0.299000	0.293216	
1000	0.279000	1.450420	1000	0.279000	0.279000	0.293152	
1000	0.274000	1.450420	1000	0.274000	0.274000	0.293066	
1000	0.309000	1.450420	1000	0.309000	0.309000	0.293137	
1000	0.312000	1.450420	1000	0.312000	0.312000	0.293221	
1000	0.285000	1.450420	1000	0.285000	0.285000	0.293185	
1000	0.293000	1.450420	1000	0.293000	0.293000	0.293184	
1000	0.308000	1.450420	1000	0.308000	0.308000	0.293249	
1000	0.302000	1.450420	1000	0.302000	0.302000	0.293287	
1000	0.310000	1.450420	1000	0.310000	0.310000	0.293360	
1000	0.302000	1.450420	1000	0.302000	0.302000	0.293397	
1000	0.298000	1.450420	1000	0.298000	0.298000	0.293417	
1000	0.272000	1.450420	1000	0.272000	0.272000	0.293325	
1000	0.279000	1.450420	1000	0.279000	0.279000	0.293264	
1000	0.280000	1.450420	1000	0.280000	0.280000	0.293207	
1000	0.269000	1.450420	1000	0.269000	0.269000	0.293105	
1000	0.308000	1.450420	1000	0.308000	0.308000	0.293168	
1000	0.301000	1.450420	1000	0.301000	0.301000	0.293200	
1000	0.271000	1.450420	1000	0.271000	0.271000	0.293108	
1000	0.347000	1.450420	1000	0.347000	0.347000	0.293332	
1000	0.290000	1.450420	1000	0.290000	0.290000	0.293318	
1000	0.285000	1.450420	1000	0.285000	0.285000	0.293284	
1000	0.293000	1.450420	1000	0.293000	0.293000	0.293283	
1000	0.293000	1.450420	1000	0.293000	0.293000	0.293282	
1000	0.302000	1.450420	1000	0.302000	0.302000	0.293317	
1000	0.279000	1.450420	1000	0.279000	0.279000	0.293259	
1000	0.295000	1.450420	1000	0.295000	0.295000	0.293266	
1000	0.324000	1.450420	1000	0.324000	0.324000	0.293390	
1000	0.313000	1.450420	1000	0.313000	0.313000	0.293469	
1000	0.283000	1.450420	1000	0.283000	0.283000	0.293427	
1000	0.268000	1.450420	1000	0.268000	0.268000	0.293326	
1000	0.331000	1.450420	1000	0.331000	0.331000	0.293475	
1000	0.290000	1.450420	1000	0.290000	0.290000	0.293461	
1000	0.269000	1.450420	1000	0.269000	0.269000	0.293365	
1000	0.300000	1.450420	1000	0.300000	0.300000	0.293391	
1000	0.279000	1.450420	1000	0.279000	0.279000	0.293335	
1000	0.313000	1.450420	1000	0.313000	0.313000	0.293411	
1000	0.277000	1.450420	1000	0.277000	0.277000	0.293348	
1000	0.278000	1.450420	1000	0.278000	0.278000	0.293288	
1000	0.344000	1.450420	1000	0.344000	0.344000	0.293483	
1000	0.307000	1.450420	1000	0.307000	0.307000	0.293535	
1000	0.310000	1.450420	1000	0.310000	0.310000	0.293598	
1000	0.279000	1.450420	1000	0.279000	0.279000	0.293543	
1000	0.318000	1.450420	1000	0.318000	0.318000	0.293635	
1000	0.316000	1.450420	1000	0.316000	0.316000	0.293720	
1000	0.278000	1.450420	1000	0.278000	0.278000	0.293661	
1000	0.285000	1.450420	1000	0.285000	0.285000	0.293628	
1000	0.280000	1.450420	1000	0.280000	0.280000	0.293577	
1000	0.321000	1.450420	1000	0.321000	0.321000	0.293679	
1000	0.305000	1.450420	1000	0.305000	0.305000	0.293721	
1000	0.304000	1.450420	1000	0.304000	0.304000	0.293759	
1000	0.316000	1.450420	1000	0.316000	0.316000	0.293841	
1000	0.276000	1.450420	1000	0.276000	0.276000	0.293775	
1000	0.291000	1.450420	1000	0.291000	0.291000	0.293765	
1000	0.293000	1.450420	1000	0.293000	0.293000	0.293763	
1000	0.314000	1.450420	1000	0.314000	0.314000	0.293836	
1000	0.291000	1.450420	1000	0.291000	0.291000	0.293826	
1000	0.296000	1.450420	1000	0.296000	0.296000	0.293833	
1000	0.283000	1.450420	1000	0.283000	0.283000	0.293795	
1000	0.306000	1.450420	1000	0.306000	0.306000	0.293838	
1000	0.281000	1.450420	1000	0.281000	0.281000	0.293793	
1000	0.277000	1.450420	1000	0.277000	0.277000	0.293733	
1000	0.274000	1.450420	1000	0.274000	0.274000	0.293663	
1000	0.291000	1.450420	1000	0.291000	0.291000	0.293654	
1000	0.282000	1.450420	1000	0.282000	0.282000	0.293613	
1000	0.263000	1.450420	1000	0.263000	0.263000	0.293506	
1000	0.313000	1.450420	1000	0.313000	0.313000	0.293574	
1000	0.285000	1.450420	1000	0.285000	0.285000	0.293544	
1000	0.268000	1.450420	1000	0.268000	0.268000	0.293456	
1000	0.284000	1.450420	1000	0.284000	0.284000	0.293423	
1000	0.314000	1.450420	1000	0.314000	0.314000	0.293494	
1000	0.282000	1.450420	1000	0.282000	0.282000	0.293454	
1000	0.308000	1.450420	1000	0.308000	0.308000	0.293504	
1000	0.314000	1.450420	1000	0.314000	0.314000	0.293574	
1000	0.307000	1.450420	1000	0.307000	0.307000	0.293619	
1000	0.318000	1.450420	1000	0.318000	0.318000	0.293702	
1000	0.299000	1.450420	1000	0.299000	0.299000	0.293720	
1000	0.322000	1.450420	1000	0.322000	0.322000	0.293814	
1000	0.309000	1.450420	1000	0.309000	0.309000	0.293865	
1000	0.308000	1.450420	1000	0.308000	0.308000	0.293912	
1000	0.296000	1.450420	1000	0.296000	0.296000	0.293919	
1000	0.276000	1.450420	1000	0.276000	0.276000	0.293860	
1000	0.335000	1.450420	1000	0.335000	0.335000	0.293996	
1000	0.325000	1.450420	1000	0.325000	0.325000	0.294098	
1000	0.306000	1.450420	1000	0.306000	0.306000	0.294137	
1000	0.292000	1.450420	1000	0.292000	0.292000	0.294130	
1000	0.300000	1.450420	1000	0.300000	0.300000	0.294149	
1000	0.285000	1.450420	1000	0.285000	0.285000	0.294119	
1000	0.289000	1.450420	1000	0.289000	0.289000	0.294103	
1000	0.316000	1.450420	1000	0.316000	0.316000	0.294173	
1000	0.320000	1.450420	1000	0.320000	0.320000	0.294256	
1000	0.292000	1.450420	1000	0.292000	0.292000	0.294249	
1000	0.338000	1.450420	1000	0.338000	0.338000	0.294389	
1000	0.273000	1.450420	1000	0.273000	0.273000	0.294321	
1000	0.301000	1.450420	1000	0.301000	0.301000	0.294342	
1000	0.298000	1.450420	1000	0.298000	0.298000	0.294353	
1000	0.301000	1.450420	1000	0.301000	0.301000	0.294374	
1000	0.303000	1.450420	1000	0.303000	0.303000	0.294402	
1000	0.273000	1.450420	1000	0.273000	0.273000	0.294335	
1000	0.298000	1.450420	1000	0.298000	0.298000	0.294346	
1000	0.300000	1.450420	1000	0.300000	0.300000	0.294364	
1000	0.288000	1.450420	1000	0.288000	0.288000	0.294344	
1000	0.300000	1.450420	1000	0.300000	0.300000	0.294361	
1000	0.275000	1.450420	1000	0.275000	0.275000	0.294302	
1000	0.279000	1.450420	1000	0.279000	0.279000	0.294254	
1000	0.266000	1.450420	1000	0.266000	0.266000	0.294168	
1000	0.296000	1.450420	1000	0.296000	0.296000	0.294173	
1000	0.294000	1.450420	1000	0.294000	0.294000	0.294173	
1000	0.290000	1.450420	1000	0.290000	0.290000	0.294160	
1000	0.296000	1.450420	1000	0.296000	0.296000	0.294166	
1000	0.293000	1.450420	1000	0.293000	0.293000	0.294162	
1000	0.294000	1.450420	1000	0.294000	0.294000	0.294162	
1000	0.296000	1.450420	1000	0.296000	0.296000	0.294167	
1000	0.293000	1.450420	1000	0.293000	0.293000	0.294164	
1000	0.306000	1.450420	1000	0.306000	0.306000	0.294199	
1000	0.328000	1.450420	1000	0.328000	0.328000	0.294300	
1000	0.290000	1.450420	1000	0.290000	0.290000	0.294287	
1000	0.298000	1.450420	1000	0.298000	0.298000	0.294298	
1000	0.311000	1.450420	1000	0.311000	0.311000	0.294347	
1000	0.290000	1.450420	1000	0.290000	0.290000	0.294334	
1000	0.306000	1.450420	1000	0.306000	0.306000	0.294369	
1000	0.298000	1.450420	1000	0.298000	0.298000	0.294379	
1000	0.261000	1.450420	1000	0.261000	0.261000	0.294282	
1000	0.293000	1.450420	1000	0.293000	0.293000	0.294278	
1000	0.308000	1.450420	1000	0.308000	0.308000	0.294318	
1000	0.302000	1.450420	1000	0.302000	0.302000	0.294340	
1000	0.299000	1.450420	1000	0.299000	0.299000	0.294354	
1000	0.309000	1.450420	1000	0.309000	0.309000	0.294396	
1000	0.294000	1.450420	1000	0.294000	0.294000	0.294395	
1000	0.296000	1.450420	1000	0.296000	0.296000	0.294399	
1000	0.286000	1.450420	1000	0.286000	0.286000	0.294375	
1000	0.255000	1.450420	1000	0.255000	0.255000	0.294263	
1000	0.315000	1.450420	1000	0.315000	0.315000	0.294322	
1000	0.303000	1.450420	1000	0.303000	0.303000	0.294347	
1000	0.311000	1.450420	1000	0.311000	0.311000	0.294394	
1000	0.342000	1.450420	1000	0.342000	0.342000	0.294527	
1000	0.281000	1.450420	1000	0.281000	0.281000	0.294489	
1000	0.294000	1.450420	1000	0.294000	0.294000	0.294488	
1000	0.301000	1.450420	1000	0.301000	0.301000	0.294506	
1000	0.305000	1.450420	1000	0.305000	0.305000	0.294535	
1000	0.274000	1.450420	1000	0.274000	0.274000	0.294478	
1000	0.300000	1.450420	1000	0.300000	0.300000	0.294494	
1000	0.286000	1.450420	1000	0.286000	0.286000	0.294470	
1000	0.298000	1.450420	1000	0.298000	0.298000	0.294480	
1000	0.300000	1.450420	1000	0.300000	0.300000	0.294495	
1000	0.274000	1.450420	1000	0.274000	0.274000	0.294439	
1000	0.316000	1.450420	1000	0.316000	0.316000	0.294498	
1000	0.302000	1.450420	1000	0.302000	0.302000	0.294518	
1000	0.294000	1.450420	1000	0.294000	0.294000	0.294517	
1000	0.287000	1.450420	1000	0.287000	0.287000	0.294497	
1000	0.274000	1.450420	1000	0.274000	0.274000	0.294441	
1000	0.299000	1.450420	1000	0.299000	0.299000	0.294454	
1000	0.317000	1.450420	1000	0.317000	0.317000	0.294514	
1000	0.285000	1.450420	1000	0.285000	0.285000	0.294489	
1000	0.263000	1.450420	1000	0.263000	0.263000	0.294405	
1000	0.295000	1.450420	1000	0.295000	0.295000	0.294406	
1000	0.278000	1.450420	1000	0.278000	0.278000	0.294363	
1000	0.276000	1.450420	1000	0.276000	0.276000	0.294314	
1000	0.307000	1.450420	1000	0.307000	0.307000	0.294348	
1000	0.304000	1.450420	1000	0.304000	0.304000	0.294373	
1000	0.296000	1.450420	1000	0.296000	0.296000	0.294377	
1000	0.299000	1.450420	1000	0.299000	0.299000	0.294389	
1000	0.305000	1.450420	1000	0.305000	0.305000	0.294417	
1000	0.286000	1.450420	1000	0.286000	0.286000	0.294395	
1000	0.318000	1.450420	1000	0.318000	0.318000	0.294456	
1000	0.280000	1.450420	1000	0.280000	0.280000	0.294419	
1000	0.301000	1.450420	1000	0.301000	0.301000	0.294436	
1000	0.297000	1.450420	1000	0.297000	0.297000	0.294443	
1000	0.294000	1.450420	1000	0.294000	0.294000	0.294441	
1000	0.290000	1.450420	1000	0.290000	0.290000	0.294430	
1000	0.326000	1.450420	1000	0.326000	0.326000	0.294511	
1000	0.297000	1.450420	1000	0.297000	0.297000	0.294517	
1000	0.289000	1.450420	1000	0.289000	0.289000	0.294503	
1000	0.310000	1.450420	1000	0.310000	0.310000	0.294542	
1000	0.290000	1.450420	1000	0.290000	0.290000	0.294531	
1000	0.274000	1.450420	1000	0.274000	0.274000	0.294479	
1000	0.299000	1.450420	1000	0.299000	0.299000	0.294490	
1000	0.283000	1.450420	1000	0.283000	0.283000	0.294462	
1000	0.304000	1.450420	1000	0.304000	0.304000	0.294485	
1000	0.328000	1.450420	1000	0.328000	0.328000	0.294569	
1000	0.295000	1.450420	1000	0.295000	0.295000	0.294570	
1000	0.262000	1.450420	1000	0.262000	0.262000	0.294489	
1000	0.283000	1.450420	1000	0.283000	0.283000	0.294461	
1000	0.275000	1.450420	1000	0.275000	0.275000	0.294413	
1000	0.298000	1.450420	1000	0.298000	0.298000	0.294421	
1000	0.296000	1.450420	1000	0.296000	0.296000	0.294425	
1000	0.303000	1.450420	1000	0.303000	0.303000	0.294446	
1000	0.298000	1.450420	1000	0.298000	0.298000	0.294455	
1000	0.303000	1.450420	1000	0.303000	0.303000	0.294476	
1000	0.307000	1.450420	1000	0.307000	0.307000	0.294507	
1000	0.299000	1.450420	1000	0.299000	0.299000	0.294518	
1000	0.298000	1.450420	1000	0.298000	0.298000	0.294526	
1000	0.303000	1.450420	1000	0.303000	0.303000	0.294547	
1000	0.311000	1.450420	1000	0.311000	0.311000	0.294586	
1000	0.330000	1.450420	1000	0.330000	0.330000	0.294672	
1000	0.297000	1.450420	1000	0.297000	0.297000	0.294677	
1000	0.323000	1.450420	1000	0.323000	0.323000	0.294745	
1000	0.310000	1.450420	1000	0.310000	0.310000	0.294782	
1000	0.335000	1.450420	1000	0.335000	0.335000	0.294878	
1000	0.299000	1.450420	1000	0.299000	0.299000	0.294887	
1000	0.260000	1.450420	1000	0.260000	0.260000	0.294805	
1000	0.301000	1.450420	1000	0.301000	0.301000	0.294819	
1000	0.327000	1.450420	1000	0.327000	0.327000	0.294895	
1000	0.323000	1.450420	1000	0.323000	0.323000	0.294962	
1000	0.300000	1.450420	1000	0.300000	0.300000	0.294973	
1000	0.272000	1.450420	1000	0.272000	0.272000	0.294919	
1000	0.291000	1.450420	1000	0.291000	0.291000	0.294910	
1000	0.307000	1.450420	1000	0.307000	0.307000	0.294939	
1000	0.301000	1.450420	1000	0.301000	0.301000	0.294953	
1000	0.311000	1.450420	1000	0.311000	0.311000	0.294990	
1000	0.279000	1.450420	1000	0.279000	0.279000	0.294953	
1000	0.256000	1.450420	1000	0.256000	0.256000	0.294863	
1000	0.292000	1.450420	1000	0.292000	0.292000	0.294856	
1000	0.290000	1.450420	1000	0.290000	0.290000	0.294845	
1000	0.316000	1.450420	1000	0.316000	0.316000	0.294894	
1000	0.325000	1.450420	1000	0.325000	0.325000	0.294963	
1000	0.319000	1.450420	1000	0.319000	0.319000	0.295018	
1000	0.272000	1.450420	1000	0.272000	0.272000	0.294965	
1000	0.297000	1.450420	1000	0.297000	0.297000	0.294970	
1000	0.301000	1.450420	1000	0.301000	0.301000	0.294983	
1000	0.282000	1.450420	1000	0.282000	0.282000	0.294954	
1000	0.288000	1.450420	1000	0.288000	0.288000	0.294938	
1000	0.284000	1.450420	1000	0.284000	0.284000	0.294914	
1000	0.277000	1.450420	1000	0.277000	0.277000	0.294873	
1000	0.310000	1.450420	1000	0.310000	0.310000	0.294907	
1000	0.302000	1.450420	1000	0.302000	0.302000	0.294923	
1000	0.303000	1.450420	1000	0.303000	0.303000	0.294941	
1000	0.300000	1.450420	1000	0.300000	0.300000	0.294952	
1000	0.292000	1.450420	1000	0.292000	0.292000	0.294946	
1000	0.302000	1.450420	1000	0.302000	0.302000	0.294962	
1000	0.294000	1.450420	1000	0.294000	0.294000	0.294959	
1000	0.295000	1.450420	1000	0.295000	0.295000	0.294960	
1000	0.261000	1.450420	1000	0.261000	0.261000	0.294885	
1000	0.301000	1.450420	1000	0.301000	0.301000	0.294898	
1000	0.307000	1.450420	1000	0.307000	0.307000	0.294925	
1000	0.322000	1.450420	1000	0.322000	0.322000	0.294984	
1000	0.327000	1.450420	1000	0.327000	0.327000	0.295054	
1000	0.288000	1.450420	1000	0.288000	0.288000	0.295039	
1000	0.290000	1.450420	1000	0.290000	0.290000	0.295028	
1000	0.274000	1.450420	1000	0.274000	0.274000	0.294982	
1000	0.316000	1.450420	1000	0.316000	0.316000	0.295028	
1000	0.281000	1.450420	1000	0.281000	0.281000	0.294997	
1000	0.306000	1.450420	1000	0.306000	0.306000	0.295021	
1000	0.290000	1.450420	1000	0.290000	0.290000	0.295010	
1000	0.267000	1.450420	1000	0.267000	0.267000	0.294950	
1000	0.306000	1.450420	1000	0.306000	0.306000	0.294974	
1000	0.271000	1.450420	1000	0.271000	0.271000	0.294922	
1000	0.293000	1.450420	1000	0.293000	0.293000	0.294918	
1000	0.291000	1.450420	1000	0.291000	0.291000	0.294910	
1000	0.293000	1.450420	1000	0.293000	0.293000	0.294906	
1000	0.282000	1.450420	1000	0.282000	0.282000	0.294878	
1000	0.312000	1.450420	1000	0.312000	0.312000	0.294915	
1000	0.304000	1.450420	1000	0.304000	0.304000	0.294934	
1000	0.290000	1.450420	1000	0.290000	0.290000	0.294923	
1000	0.297000	1.450420	1000	0.297000	0.297000	0.294928	
1000	0.257000	1.450420	1000	0.257000	0.257000	0.294848	
1000	0.269000	1.450420	1000	0.269000	0.269000	0.294794	
1000	0.298000	1.450420	1000	0.298000	0.298000	0.294801	
1000	0.283000	1.450420	1000	0.283000	0.283000	0.294776	
1000	0.305000	1.450420	1000	0.305000	0.305000	0.294797	
1000	0.274000	1.450420	1000	0.274000	0.274000	0.294754	
1000	0.322000	1.450420	1000	0.322000	0.322000	0.294811	
1000	0.320000	1.450420	1000	0.320000	0.320000	0.294863	
1000	0.273000	1.450420	1000	0.273000	0.273000	0.294818	
1000	0.296000	1.450420	1000	0.296000	0.296000	0.294820	
1000	0.290000	1.450420	1000	0.290000	0.290000	0.294810	
1000	0.318000	1.450420	1000	0.318000	0.318000	0.294858	
1000	0.324000	1.450420	1000	0.324000	0.324000	0.294917	
1000	0.291000	1.450420	1000	0.291000	0.291000	0.294909	
1000	0.272000	1.450420	1000	0.272000	0.272000	0.294863	
1000	0.300000	1.450420	1000	0.300000	0.300000	0.294873	
1000	0.311000	1.450420	1000	0.311000	0.311000	0.294906	
1000	0.272000	1.450420	1000	0.272000	0.272000	0.294859	
1000	0.318000	1.450420	1000	0.318000	0.318000	0.294906	
1000	0.302000	1.450420	1000	0.302000	0.302000	0.294921	
1000	0.288000	1.450420	1000	0.288000	0.288000	0.294907	
1000	0.275000	1.450420	1000	0.275000	0.275000	0.294867	
1000	0.266000	1.450420	1000	0.266000	0.266000	0.294809	
1000	0.314000	1.450420	1000	0.314000	0.314000	0.294847	
1000	0.283000	1.450420	1000	0.283000	0.283000	0.294823	
1000	0.305000	1.450420	1000	0.305000	0.305000	0.294844	
1000	0.305000	1.450420	1000	0.305000	0.305000	0.294864	
1000	0.254000	1.450420	1000	0.254000	0.254000	0.294783	
1000	0.315000	1.450420	1000	0.315000	0.315000	0.294823	
1000	0.282000	1.450420	1000	0.282000	0.282000	0.294797	
1000	0.284000	1.450420	1000	0.284000	0.284000	0.294776	
1000	0.292000	1.450420	1000	0.292000	0.292000	0.294771	
1000	0.281000	1.450420	1000	0.281000	0.281000	0.294744	
1000	0.298000	1.450420	1000	0.298000	0.298000	0.294750	
1000	0.271000	1.450420	1000	0.271000	0.271000	0.294703	
1000	0.295000	1.450420	1000	0.295000	0.295000	0.294704	
1000	0.307000	1.450420	1000	0.307000	0.307000	0.294728	
1000	0.294000	1.450420	1000	0.294000	0.294000	0.294727	
1000	0.293000	1.450420	1000	0.293000	0.293000	0.294723	
1000	0.309000	1.450420	1000	0.309000	0.309000	0.294751	
1000	0.276000	1.450420	1000	0.276000	0.276000	0.294715	
1000	0.310000	1.450420	1000	0.310000	0.310000	0.294744	
1000	0.272000	1.450420	1000	0.272000	0.272000	0.294700	
1000	0.282000	1.450420	1000	0.282000	0.282000	0.294676	
1000	0.304000	1.450420	1000	0.304000	0.304000	0.294694	
1000	0.290000	1.450420	1000	0.290000	0.290000	0.294685	
1000	0.297000	1.450420	1000	0.297000	0.297000	0.294689	
1000	0.319000	1.450420	1000	0.319000	0.319000	0.294736	
1000	0.306000	1.450420	1000	0.306000	0.306000	0.294757	
1000	0.286000	1.450420	1000	0.286000	0.286000	0.294740	
1000	0.310000	1.450420	1000	0.310000	0.310000	0.294769	
1000	0.301000	1.450420	1000	0.301000	0.301000	0.294781	
1000	0.279000	1.450420	1000	0.279000	0.279000	0.294751	
1000	0.308000	1.450420	1000	0.308000	0.308000	0.294776	
1000	0.287000	1.450420	1000	0.287000	0.287000	0.294762	
1000	0.321000	1.450420	1000	0.321000	0.321000	0.294811	
1000	0.302000	1.450420	1000	0.302000	0.302000	0.294825	
1000	0.286000	1.450420	1000	0.286000	0.286000	0.294808	
1000	0.300000	1.450420	1000	0.300000	0.300000	0.294818	
1000	0.280000	1.450420	1000	0.280000	0.280000	0.294790	
1000	0.316000	1.450420	1000	0.316000	0.316000	0.294830	
1000	0.305000	1.450420	1000	0.305000	0.305000	0.294849	
1000	0.280000	1.450420	1000	0.280000	0.280000	0.294821	
1000	0.294000	1.450420	1000	0.294000	0.294000	0.294819	
1000	0.302000	1.450420	1000	0.302000	0.302000	0.294833	
1000	0.289000	1.450420	1000	0.289000	0.289000	0.294822	
1000	0.287000	1.450420	1000	0.287000	0.287000	0.294808	
1000	0.300000	1.450420	1000	0.300000	0.300000	0.294817	
1000	0.305000	1.450420	1000	0.305000	0.305000	0.294836	
1000	0.322000	1.450420	1000	0.322000	0.322000	0.294886	
1000	0.280000	1.450420	1000	0.280000	0.280000	0.294858	
1000	0.307000	1.450420	1000	0.307000	0.307000	0.294881	
1000	0.273000	1.450420	1000	0.273000	0.273000	0.294841	
1000	0.282000	1.450420	1000	0.282000	0.282000	0.294817	
1000	0.298000	1.450420	1000	0.298000	0.298000	0.294823	
1000	0.276000	1.450420	1000	0.276000	0.276000	0.294789	
1000	0.285000	1.450420	1000	0.285000	0.285000	0.294771	
1000	0.289000	1.450420	1000	0.289000	0.289000	0.294761	
1000	0.326000	1.450420	1000	0.326000	0.326000	0.294817	
1000	0.301000	1.450420	1000	0.301000	0.301000	0.294828	
1000	0.278000	1.450420	1000	0.278000	0.278000	0.294798	
1000	0.301000	1.450420	1000	0.301000	0.301000	0.294809	
1000	0.275000	1.450420	1000	0.275000	0.275000	0.294774	
1000	0.300000	1.450420	1000	0.300000	0.300000	0.294783	
1000	0.323000	1.450420	1000	0.323000	0.323000	0.294833	
1000	0.324000	1.450420	1000	0.324000	0.324000	0.294885	
1000	0.316000	1.450420	1000	0.316000	0.316000	0.294923	
1000	0.315000	1.450420	1000	0.315000	0.315000	0.294959	
1000	0.271000	1.450420	1000	0.271000	0.271000	0.294916	
1000	0.296000	1.450420	1000	0.296000	0.296000	0.294918	
1000	0.290000	1.450420	1000	0.290000	0.290000	0.294909	
1000	0.308000	1.450420	1000	0.308000	0.308000	0.294932	
1000	0.295000	1.450420	1000	0.295000	0.295000	0.294933	
1000	0.261000	1.450420	1000	0.261000	0.261000	0.294873	
1000	0.297000	1.450420	1000	0.297000	0.297000	0.294877	
1000	0.312000	1.450420	1000	0.312000	0.312000	0.294907	
1000	0.299000	1.450420	1000	0.299000	0.299000	0.294914	
1000	0.277000	1.450420	1000	0.277000	0.277000	0.294883	
1000	0.315000	1.450420	1000	0.315000	0.315000	0.294918	
1000	0.300000	1.450420	1000	0.300000	0.300000	0.294926	
1000	0.282000	1.450420	1000	0.282000	0.282000	0.294904	
1000	0.301000	1.450420	1000	0.301000	0.301000	0.294915	
1000	0.287000	1.450420	1000	0.287000	0.287000	0.294901	
1000	0.263000	1.450420	1000	0.263000	0.263000	0.294846	
1000	0.284000	1.450420	1000	0.284000	0.284000	0.294827	
1000	0.304000	1.450420	1000	0.304000	0.304000	0.294843	
1000	0.308000	1.450420	1000	0.308000	0.308000	0.294865	
1000	0.311000	1.450420	1000	0.311000	0.311000	0.294893	
1000	0.318000	1.450420	1000	0.318000	0.318000	0.294933	
1000	0.298000	1.450420	1000	0.298000	0.298000	0.294938	
1000	0.296000	1.450420	1000	0.296000	0.296000	0.294940	
1000	0.332000	1.450420	1000	0.332000	0.332000	0.295003	
1000	0.297000	1.450420	1000	0.297000	0.297000	0.295006	
1000	0.295000	1.450420	1000	0.295000	0.295000	0.295006	
1000	0.301000	1.450420	1000	0.301000	0.301000	0.295016	
1000	0.326000	1.450420	1000	0.326000	0.326000	0.295069	
1000	0.292000	1.450420	1000	0.292000	0.292000	0.295064	
1000	0.300000	1.450420	1000	0.300000	0.300000	0.295072	
1000	0.285000	1.450420	1000	0.285000	0.285000	0.295055	
1000	0.275000	1.450420	1000	0.275000	0.275000	0.295021	
1000	0.303000	1.450420	1000	0.303000	0.303000	0.295035	
1000	0.273000	1.450420	1000	0.273000	0.273000	0.294998	
1000	0.308000	1.450420	1000	0.308000	0.308000	0.295020	
1000	0.308000	1.450420	1000	0.308000	0.308000	0.295041	
1000	0.337000	1.450420	1000	0.337000	0.337000	0.295111	
1000	0.299000	1.450420	1000	0.299000	0.299000	0.295118	
1000	0.298000	1.450420	1000	0.298000	0.298000	0.295122	
1000	0.312000	1.450420	1000	0.312000	0.312000	0.295150	
1000	0.300000	1.450420	1000	0.300000	0.300000	0.295158	
1000	0.315000	1.450420	1000	0.315000	0.315000	0.295191	
1000	0.295000	1.450420	1000	0.295000	0.295000	0.295191	
1000	0.248000	1.450420	1000	0.248000	0.248000	0.295113	
1000	0.315000	1.450420	1000	0.315000	0.315000	0.295146	
1000	0.305000	1.450420	1000	0.305000	0.305000	0.295162	
1000	0.278000	1.450420	1000	0.278000	0.278000	0.295134	
1000	0.293000	1.450420	1000	0.293000	0.293000	0.295130	
1000	0.273000	1.450420	1000	0.273000	0.273000	0.295094	
1000	0.283000	1.450420	1000	0.283000	0.283000	0.295075	
1000	0.318000	1.450420	1000	0.318000	0.318000	0.295112	
1000	0.297000	1.450420	1000	0.297000	0.297000	0.295115	
1000	0.291000	1.450420	1000	0.291000	0.291000	0.295108	
1000	0.303000	1.450420	1000	0.303000	0.303000	0.295121	
1000	0.264000	1.450420	1000	0.264000	0.264000	0.295071	
1000	0.311000	1.450420	1000	0.311000	0.311000	0.295096	
1000	0.302000	1.450420	1000	0.302000	0.302000	0.295108	
1000	0.294000	1.450420	1000	0.294000	0.294000	0.295106	
1000	0.321000	1.450420	1000	0.321000	0.321000	0.295147	
1000	0.297000	1.450420	1000	0.297000	0.297000	0.295150	
1000	0.317000	1.450420	1000	0.317000	0.317000	0.295185	
1000	0.277000	1.450420	1000	0.277000	0.277000	0.295156	
1000	0.306000	1.450420	1000	0.306000	0.306000	0.295174	
1000	0.311000	1.450420	1000	0.311000	0.311000	0.295199	
1000	0.313000	1.450420	1000	0.313000	0.313000	0.295227	
1000	0.322000	1.450420	1000	0.322000	0.322000	0.295270	
1000	0.295000	1.450420	1000	0.295000	0.295000	0.295269	
1000	0.320000	1.450420	1000	0.320000	0.320000	0.295309	
1000	0.304000	1.450420	1000	0.304000	0.304000	0.295322	
1000	0.278000	1.450420	1000	0.278000	0.278000	0.295295	
1000	0.308000	1.450420	1000	0.308000	0.308000	0.295315	
1000	0.313000	1.450420	1000	0.313000	0.313000	0.295343	
1000	0.319000	1.450420	1000	0.319000	0.319000	0.295380	
1000	0.308000	1.450420	1000	0.308000	0.308000	0.295400	
1000	0.296000	1.450420	1000	0.296000	0.296000	0.295401	
1000	0.309000	1.450420	1000	0.309000	0.309000	0.295422	
1000	0.263000	1.450420	1000	0.263000	0.263000	0.295371	
1000	0.297000	1.450420	1000	0.297000	0.297000	0.295374	
1000	0.279000	1.450420	1000	0.279000	0.279000	0.295348	
1000	0.306000	1.450420	1000	0.306000	0.306000	0.295365	
1000	0.303000	1.450420	1000	0.303000	0.303000	0.295377	
1000	0.329000	1.450420	1000	0.329000	0.329000	0.295429	
1000	0.303000	1.450420	1000	0.303000	0.303000	0.295441	
1000	0.313000	1.450420	1000	0.313000	0.313000	0.295468	
1000	0.261000	1.450420	1000	0.261000	0.261000	0.295415	
1000	0.309000	1.450420	1000	0.309000	0.309000	0.295436	
1000	0.311000	1.450420	1000	0.311000	0.311000	0.295460	
1000	0.291000	1.450420	1000	0.291000	0.291000	0.295453	
1000	0.276000	1.450420	1000	0.276000	0.276000	0.295423	
1000	0.314000	1.450420	1000	0.314000	0.314000	0.295451	
1000	0.265000	1.450420	1000	0.265000	0.265000	0.295405	
1000	0.310000	1.450420	1000	0.310000	0.310000	0.295427	
1000	0.271000	1.450420	1000	0.271000	0.271000	0.295390	
1000	0.305000	1.450420	1000	0.305000	0.305000	0.295404	
1000	0.292000	1.450420	1000	0.292000	0.292000	0.295399	
1000	0.303000	1.450420	1000	0.303000	0.303000	0.295411	
1000	0.309000	1.450420	1000	0.309000	0.309000	0.295431	
1000	0.292000	1.450420	1000	0.292000	0.292000	0.295426	
1000	0.305000	1.450420	1000	0.305000	0.305000	0.295441	
1000	0.294000	1.450420	1000	0.294000	0.294000	0.295438	
1000	0.284000	1.450420	1000	0.284000	0.284000	0.295421	
1000	0.309000	1.450420	1000	0.309000	0.309000	0.295442	
1000	0.285000	1.450420	1000	0.285000	0.285000	0.295426	
1000	0.296000	1.450420	1000	0.296000	0.296000	0.295427	
1000	0.286000	1.450420	1000	0.286000	0.286000	0.295413	
1000	0.270000	1.450420	1000	0.270000	0.270000	0.295375	
1000	0.292000	1.450420	1000	0.292000	0.292000	0.295370	
1000	0.285000	1.450420	1000	0.285000	0.285000	0.295354	
1000	0.304000	1.450420	1000	0.304000	0.304000	0.295367	
1000	0.266000	1.450420	1000	0.266000	0.266000	0.295323	
1000	0.289000	1.450420	1000	0.289000	0.289000	0.295314	
1000	0.288000	1.450420	1000	0.288000	0.288000	0.295303	
1000	0.325000	1.450420	1000	0.325000	0.325000	0.295347	
1000	0.284000	1.450420	1000	0.284000	0.284000	0.295330	
1000	0.302000	1.450420	1000	0.302000	0.302000	0.295340	
1000	0.291000	1.450420	1000	0.291000	0.291000	0.295334	
1000	0.309000	1.450420	1000	0.309000	0.309000	0.295354	
1000	0.301000	1.450420	1000	0.301000	0.301000	0.295362	
1000	0.295000	1.450420	1000	0.295000	0.295000	0.295362	
1000	0.288000	1.450420	1000	0.288000	0.288000	0.295351	
1000	0.287000	1.450420	1000	0.287000	0.287000	0.295339	
1000	0.311000	1.450420	1000	0.311000	0.311000	0.295362	
1000	0.318000	1.450420	1000	0.318000	0.318000	0.295395	
1000	0.284000	1.450420	1000	0.284000	0.284000	0.295378	
1000	0.311000	1.450420	1000	0.311000	0.311000	0.295401	
1000	0.293000	1.450420	1000	0.293000	0.293000	0.295397	
1000	0.276000	1.450420	1000	0.276000	0.276000	0.295369	
1000	0.295000	1.450420	1000	0.295000	0.295000	0.295369	
1000	0.313000	1.450420	1000	0.313000	0.313000	0.295394	
1000	0.284000	1.450420	1000	0.284000	0.284000	0.295378	
1000	0.268000	1.450420	1000	0.268000	0.268000	0.295338	
1000	0.294000	1.450420	1000	0.294000	0.294000	0.295336	
1000	0.290000	1.450420	1000	0.290000	0.290000	0.295329	
1000	0.302000	1.450420	1000	0.302000	0.302000	0.295338	
1000	0.305000	1.450420	1000	0.305000	0.305000	0.295352	
1000	0.309000	1.450420	1000	0.309000	0.309000	0.295372	
1000	0.288000	1.450420	1000	0.288000	0.288000	0.295361	
1000	0.303000	1.450420	1000	0.303000	0.303000	0.295372	
1000	0.298000	1.450420	1000	0.298000	0.298000	0.295376	
1000	0.310000	1.450420	1000	0.310000	0.310000	0.295396	
1000	0.309000	1.450420	1000	0.309000	0.309000	0.295416	
1000	0.316000	1.450420	1000	0.316000	0.316000	0.295445	
1000	0.309000	1.450420	1000	0.309000	0.309000	0.295464	
1000	0.301000	1.450420	1000	0.301000	0.301000	0.295472	
1000	0.304000	1.450420	1000	0.304000	0.304000	0.295484	
1000	0.296000	1.450420	1000	0.296000	0.296000	0.295485	
1000	0.312000	1.450420	1000	0.312000	0.312000	0.295508	
1000	0.323000	1.450420	1000	0.323000	0.323000	0.295547	
1000	0.266000	1.450420	1000	0.266000	0.266000	0.295505	
1000	0.289000	1.450420	1000	0.289000	0.289000	0.295496	
1000	0.271000	1.450420	1000	0.271000	0.271000	0.295462	
1000	0.281000	1.450420	1000	0.281000	0.281000	0.295442	
1000	0.294000	1.450420	1000	0.294000	0.294000	0.295440	
1000	0.318000	1.450420	1000	0.318000	0.318000	0.295471	
1000	0.291000	1.450420	1000	0.291000	0.291000	0.295465	
1000	0.301000	1.450420	1000	0.301000	0.301000	0.295472	
1000	0.308000	1.450420	1000	0.308000	0.308000	0.295490	
1000	0.286000	1.450420	1000	0.286000	0.286000	0.295477	
1000	0.318000	1.450420	1000	0.318000	0.318000	0.295508	
1000	0.312000	1.450420	1000	0.312000	0.312000	0.295531	
1000	0.291000	1.450420	1000	0.291000	0.291000	0.295524	
1000	0.329000	1.450420	1000	0.329000	0.329000	0.295571	
1000	0.302000	1.450420	1000	0.302000	0.302000	0.295579	
1000	0.267000	1.450420	1000	0.267000	0.267000	0.295540	
1000	0.307000	1.450420	1000	0.307000	0.307000	0.295556	
1000	0.298000	1.450420	1000	0.298000	0.298000	0.295559	
1000	0.307000	1.450420	1000	0.307000	0.307000	0.295575	
1000	0.289000	1.450420	1000	0.289000	0.289000	0.295566	
1000	0.318000	1.450420	1000	0.318000	0.318000	0.295597	
1000	0.319000	1.450420	1000	0.319000	0.319000	0.295629	
1000	0.294000	1.450420	1000	0.294000	0.294000	0.295626	
1000	0.283000	1.450420	1000	0.283000	0.283000	0.295609	
1000	0.314000	1.450420	1000	0.314000	0.314000	0.295634	
1000	0.266000	1.450420	1000	0.266000	0.266000	0.295594	
1000	0.297000	1.450420	1000	0.297000	0.297000	0.295596	
1000	0.268000	1.450420	1000	0.268000	0.268000	0.295558	
1000	0.301000	1.450420	1000	0.301000	0.301000	0.295566	
1000	0.303000	1.450420	1000	0.303000	0.303000	0.295576	
1000	0.300000	1.450420	1000	0.300000	0.300000	0.295582	
1000	0.296000	1.450420	1000	0.296000	0.296000	0.295582	
1000	0.325000	1.450420	1000	0.325000	0.325000	0.295622	
1000	0.289000	1.450420	1000	0.289000	0.289000	0.295613	
1000	0.289000	1.450420	1000	0.289000	0.289000	0.295604	
1000	0.308000	1.450420	1000	0.308000	0.308000	0.295621	
1000	0.266000	1.450420	1000	0.266000	0.266000	0.295581	
1000	0.261000	1.450420	1000	0.261000	0.261000	0.295535	
1000	0.296000	1.450420	1000	0.296000	0.296000	0.295536	
1000	0.289000	1.450420	1000	0.289000	0.289000	0.295527	
1000	0.300000	1.450420	1000	0.300000	0.300000	0.295533	
1000	0.271000	1.450420	1000	0.271000	0.271000	0.295500	
1000	0.308000	1.450420	1000	0.308000	0.308000	0.295517	
1000	0.326000	1.450420	1000	0.326000	0.326000	0.295557	
1000	0.314000	1.450420	1000	0.314000	0.314000	0.295582	
1000	0.294000	1.450420	1000	0.294000	0.294000	0.295580	
1000	0.307000	1.450420	1000	0.307000	0.307000	0.295595	
1000	0.299000	1.450420	1000	0.299000	0.299000	0.295599	
1000	0.293000	1.450420	1000	0.293000	0.293000	0.295596	
1000	0.302000	1.450420	1000	0.302000	0.302000	0.295604	
1000	0.290000	1.450420	1000	0.290000	0.290000	0.295597	
1000	0.299000	1.450420	1000	0.299000	0.299000	0.295601	
1000	0.302000	1.450420	1000	0.302000	0.302000	0.295610	
1000	0.304000	1.450420	1000	0.304000	0.304000	0.295621	
1000	0.300000	1.450420	1000	0.300000	0.300000	0.295626	
1000	0.299000	1.450420	1000	0.299000	0.299000	0.295631	
1000	0.301000	1.450420	1000	0.301000	0.301000	0.295638	
1000	0.273000	1.450420	1000	0.273000	0.273000	0.295608	
1000	0.322000	1.450420	1000	0.322000	0.322000	0.295642	
1000	0.283000	1.450420	1000	0.283000	0.283000	0.295626	
1000	0.290000	1.450420	1000	0.290000	0.290000	0.295619	
1000	0.292000	1.450420	1000	0.292000	0.292000	0.295614	
1000	0.312000	1.450420	1000	0.312000	0.312000	0.295635	
1000	0.286000	1.450420	1000	0.286000	0.286000	0.295623	
1000	0.323000	1.450420	1000	0.323000	0.323000	0.295658	
1000	0.291000	1.450420	1000	0.291000	0.291000	0.295652	
1000	0.310000	1.450420	1000	0.310000	0.310000	0.295671	
1000	0.310000	1.450420	1000	0.310000	0.310000	0.295689	
1000	0.303000	1.450420	1000	0.303000	0.303000	0.295698	
1000	0.287000	1.450420	1000	0.287000	0.287000	0.295687	
1000	0.312000	1.450420	1000	0.312000	0.312000	0.295708	
1000	0.301000	1.450420	1000	0.301000	0.301000	0.295715	
1000	0.316000	1.450420	1000	0.316000	0.316000	0.295741	
1000	0.312000	1.450420	1000	0.312000	0.312000	0.295761	
1000	0.317000	1.450420	1000	0.317000	0.317000	0.295788	
1000	0.286000	1.450420	1000	0.286000	0.286000	0.295776	
1000	0.291000	1.450420	1000	0.291000	0.291000	0.295770	
1000	0.272000	1.450420	1000	0.272000	0.272000	0.295740	
1000	0.258000	1.450420	1000	0.258000	0.258000	0.295692	
1000	0.284000	1.450420	1000	0.284000	0.284000	0.295677	
1000	0.279000	1.450420	1000	0.279000	0.279000	0.295656	
1000	0.287000	1.450420	1000	0.287000	0.287000	0.295645	
1000	0.312000	1.450420	1000	0.312000	0.312000	0.295666	
1000	0.300000	1.450420	1000	0.300000	0.300000	0.295671	
1000	0.300000	1.450420	1000	0.300000	0.300000	0.295677	
1000	0.298000	1.450420	1000	0.298000	0.298000	0.295680	
1000	0.282000	1.450420	1000	0.282000	0.282000	0.295663	
1000	0.281000	1.450420	1000	0.281000	0.281000	0.295644	
1000	0.304000	1.450420	1000	0.304000	0.304000	0.295655	
1000	0.286000	1.450420	1000	0.286000	0.286000	0.295643	
1000	0.262000	1.450420	1000	0.262000	0.262000	0.295601	
1000	0.317000	1.450420	1000	0.317000	0.317000	0.295627	
1000	0.284000	1.450420	1000	0.284000	0.284000	0.295613	
1000	0.262000	1.450420	1000	0.262000	0.262000	0.295571	
1000	0.314000	1.450420	1000	0.314000	0.314000	0.295594	
1000	0.274000	1.450420	1000	0.274000	0.274000	0.295567	
1000	0.305000	1.450420	1000	0.305000	0.305000	0.295579	
1000	0.278000	1.450420	1000	0.278000	0.278000	0.295557	
1000	0.296000	1.450420	1000	0.296000	0.296000	0.295558	
1000	0.290000	1.450420	1000	0.290000	0.290000	0.295551	
1000	0.295000	1.450420	1000	0.295000	0.295000	0.295550	
1000	0.299000	1.450420	1000	0.299000	0.299000	0.295554	
1000	0.306000	1.450420	1000	0.306000	0.306000	0.295567	
1000	0.342000	1.450420	1000	0.342000	0.342000	0.295624	
1000	0.297000	1.450420	1000	0.297000	0.297000	0.295626	
1000	0.310000	1.450420	1000	0.310000	0.310000	0.295643	
1000	0.298000	1.450420	1000	0.298000	0.298000	0.295646	
1000	0.288000	1.450420	1000	0.288000	0.288000	0.295637	
1000	0.286000	1.450420	1000	0.286000	0.286000	0.295625	
1000	0.284000	1.450420	1000	0.284000	0.284000	0.295611	
1000	0.296000	1.450420	1000	0.296000	0.296000	0.295612	
1000	0.299000	1.450420	1000	0.299000	0.299000	0.295616	
1000	0.293000	1.450420	1000	0.293000	0.293000	0.295613	
1000	0.311000	1.450420	1000	0.311000	0.311000	0.295631	
1000	0.313000	1.450420	1000	0.313000	0.313000	0.295652	
1000	0.270000	1.450420	1000	0.270000	0.270000	0.295621	
1000	0.288000	1.450420	1000	0.288000	0.288000	0.295612	
1000	0.309000	1.450420	1000	0.309000	0.309000	0.295628	
1000	0.295000	1.450420	1000	0.295000	0.295000	0.295627	
1000	0.306000	1.450420	1000	0.306000	0.306000	0.295640	
1000	0.306000	1.450420	1000	0.306000	0.306000	0.295652	
1000	0.294000	1.450420	1000	0.294000	0.294000	0.295650	
1000	0.285000	1.450420	1000	0.285000	0.285000	0.295638	
1000	0.291000	1.450420	1000	0.291000	0.291000	0.295632	
1000	0.329000	1.450420	1000	0.329000	0.329000	0.295672	
1000	0.255000	1.450420	1000	0.255000	0.255000	0.295623	
1000	0.279000	1.450420	1000	0.279000	0.279000	0.295603	
1000	0.278000	1.450420	1000	0.278000	0.278000	0.295582	
1000	0.293000	1.450420	1000	0.293000	0.293000	0.295579	
1000	0.303000	1.450420	1000	0.303000	0.303000	0.295588	
1000	0.292000	1.450420	1000	0.292000	0.292000	0.295584	
1000	0.280000	1.450420	1000	0.280000	0.280000	0.295565	
1000	0.292000	1.450420	1000	0.292000	0.292000	0.295561	
1000	0.295000	1.450420	1000	0.295000	0.295000	0.295561	
1000	0.318000	1.450420	1000	0.318000	0.318000	0.295587	
1000	0.287000	1.450420	1000	0.287000	0.287000	0.295577	
1000	0.276000	1.450420	1000	0.276000	0.276000	0.295554	
1000	0.318000	1.450420	1000	0.318000	0.318000	0.295580	
1000	0.306000	1.450420	1000	0.306000	0.306000	0.295593	
1000	0.298000	1.450420	1000	0.298000	0.298000	0.295595	
1000	0.290000	1.450420	1000	0.290000	0.290000	0.295589	
1000	0.305000	1.450420	1000	0.305000	0.305000	0.295600	
1000	0.295000	1.450420	1000	0.295000	0.295000	0.295599	
1000	0.283000	1.450420	1000	0.283000	0.283000	0.295584	
1000	0.303000	1.450420	1000	0.303000	0.303000	0.295593	
1000	0.323000	1.450420	1000	0.323000	0.323000	0.295625	
1000	0.307000	1.450420	1000	0.307000	0.307000	0.295638	
1000	0.303000	1.450420	1000	0.303000	0.303000	0.295647	
1000	0.302000	1.450420	1000	0.302000	0.302000	0.295654	
1000	0.311000	1.450420	1000	0.311000	0.311000	0.295672	
1000	0.289000	1.450420	1000	0.289000	0.289000	0.295664	
1000	0.317000	1.450420	1000	0.317000	0.317000	0.295689	
1000	0.295000	1.450420	1000	0.295000	0.295000	0.295688	
1000	0.304000	1.450420	1000	0.304000	0.304000	0.295698	
1000	0.300000	1.450420	1000	0.300000	0.300000	0.295703	
1000	0.305000	1.450420	1000	0.305000	0.305000	0.295714	
1000	0.317000	1.450420	1000	0.317000	0.317000	0.295738	
1000	0.324000	1.450420	1000	0.324000	0.324000	0.295771	
1000	0.307000	1.450420	1000	0.307000	0.307000	0.295784	
1000	0.309000	1.450420	1000	0.309000	0.309000	0.295799	
1000	0.312000	1.450420	1000	0.312000	0.312000	0.295817	
1000	0.284000	1.450420	1000	0.284000	0.284000	0.295804	
1000	0.277000	1.450420	1000	0.277000	0.277000	0.295782	
1000	0.307000	1.450420	1000	0.307000	0.307000	0.295795	
1000	0.309000	1.450420	1000	0.309000	0.309000	0.295810	
1000	0.287000	1.450420	1000	0.287000	0.287000	0.295800	
1000	0.298000	1.450420	1000	0.298000	0.298000	0.295803	
1000	0.313000	1.450420	1000	0.313000	0.313000	0.295822	
1000	0.312000	1.450420	1000	0.312000	0.312000	0.295841	
1000	0.293000	1.450420	1000	0.293000	0.293000	0.295837	
1000	0.322000	1.450420	1000	0.322000	0.322000	0.295867	
1000	0.298000	1.450420	1000	0.298000	0.298000	0.295869	
1000	0.301000	1.450420	1000	0.301000	0.301000	0.295875	
1000	0.293000	1.450420	1000	0.293000	0.293000	0.295872	
1000	0.318000	1.450420	1000	0.318000	0.318000	0.295897	
1000	0.300000	1.450420	1000	0.300000	0.300000	0.295902	
1000	0.272000	1.450420	1000	0.272000	0.272000	0.295875	
1000	0.308000	1.450420	1000	0.308000	0.308000	0.295888	
1000	0.288000	1.450420	1000	0.288000	0.288000	0.295879	
1000	0.299000	1.450420	1000	0.299000	0.299000	0.295883	
1000	0.312000	1.450420	1000	0.312000	0.312000	0.295901	
1000	0.269000	1.450420	1000	0.269000	0.269000	0.295871	
1000	0.288000	1.450420	1000	0.288000	0.288000	0.295862	
1000	0.269000	1.450420	1000	0.269000	0.269000	0.295832	
1000	0.310000	1.450420	1000	0.310000	0.310000	0.295848	
1000	0.282000	1.450420	1000	0.282000	0.282000	0.295832	
1000	0.306000	1.450420	1000	0.306000	0.306000	0.295844	
1000	0.303000	1.450420	1000	0.303000	0.303000	0.295852	
1000	0.267000	1.450420	1000	0.267000	0.267000	0.295820	
1000	0.324000	1.450420	1000	0.324000	0.324000	0.295851	
1000	0.291000	1.450420	1000	0.291000	0.291000	0.295846	
1000	0.288000	1.450420	1000	0.288000	0.288000	0.295837	
1000	0.298000	1.450420	1000	0.298000	0.298000	0.295839	
1000	0.304000	1.450420	1000	0.304000	0.304000	0.295848	
1000	0.267000	1.450420	1000	0.267000	0.267000	0.295816	
1000	0.290000	1.450420	1000	0.290000	0.290000	0.295810	
1000	0.288000	1.450420	1000	0.288000	0.288000	0.295801	
1000	0.322000	1.450420	1000	0.322000	0.322000	0.295830	
1000	0.283000	1.450420	1000	0.283000	0.283000	0.295816	
1000	0.286000	1.450420	1000	0.286000	0.286000	0.295805	
1000	0.286000	1.450420	1000	0.286000	0.286000	0.295795	
1000	0.287000	1.450420	1000	0.287000	0.287000	0.295785	
1000	0.297000	1.450420	1000	0.297000	0.297000	0.295786	
1000	0.280000	1.450420	1000	0.280000	0.280000	0.295769	
1000	0.311000	1.450420	1000	0.311000	0.311000	0.295786	
1000	0.323000	1.450420	1000	0.323000	0.323000	0.295815	
1000	0.288000	1.450420	1000	0.288000	0.288000	0.295807	
1000	0.275000	1.450420	1000	0.275000	0.275000	0.295784	
1000	0.284000	1.450420	1000	0.284000	0.284000	0.295771	
1000	0.281000	1.450420	1000	0.281000	0.281000	0.295755	
1000	0.305000	1.450420	1000	0.305000	0.305000	0.295765	
1000	0.296000	1.450420	1000	0.296000	0.296000	0.295766	
1000	0.266000	1.450420	1000	0.266000	0.266000	0.295733	
1000	0.303000	1.450420	1000	0.303000	0.303000	0.295741	
1000	0.299000	1.450420	1000	0.299000	0.299000	0.295745	
1000	0.296000	1.450420	1000	0.296000	0.296000	0.295745	
1000	0.281000	1.450420	1000	0.281000	0.281000	0.295729	
1000	0.293000	1.450420	1000	0.293000	0.293000	0.295726	
1000	0.301000	1.450420	1000	0.301000	0.301000	0.295732	
1000	0.319000	1.450420	1000	0.319000	0.319000	0.295757	
1000	0.301000	1.450420	1000	0.301000	0.301000	0.295763	
1000	0.324000	1.450420	1000	0.324000	0.324000	0.295793	
1000	0.287000	1.450420	1000	0.287000	0.287000	0.295783	
1000	0.305000	1.450420	1000	0.305000	0.305000	0.295793	
1000	0.314000	1.450420	1000	0.314000	0.314000	0.295813	
1000	0.274000	1.450420	1000	0.274000	0.274000	0.295789	
1000	0.311000	1.450420	1000	0.311000	0.311000	0.295806	
1000	0.297000	1.450420	1000	0.297000	0.297000	0.295807	
1000	0.311000	1.450420	1000	0.311000	0.311000	0.295823	
1000	0.306000	1.450420	1000	0.306000	0.306000	0.295834	
1000	0.293000	1.450420	1000	0.293000	0.293000	0.295831	
1000	0.278000	1.450420	1000	0.278000	0.278000	0.295812	
1000	0.304000	1.450420	1000	0.304000	0.304000	0.295821	
1000	0.305000	1.450420	1000	0.305000	0.305000	0.295830	
1000	0.278000	1.450420	1000	0.278000	0.278000	0.295812	
1000	0.329000	1.450420	1000	0.329000	0.329000	0.295847	
1000	0.309000	1.450420	1000	0.309000	0.309000	0.295860	
1000	0.291000	1.450420	1000	0.291000	0.291000	0.295855	
1000	0.298000	1.450420	1000	0.298000	0.298000	0.295858	
1000	0.298000	1.450420	1000	0.298000	0.298000	0.295860	
1000	0.283000	1.450420	1000	0.283000	0.283000	0.295846	
1000	0.291000	1.450420	1000	0.291000	0.291000	0.295841	
1000	0.295000	1.450420	1000	0.295000	0.295000	0.295840	
1000	0.304000	1.450420	1000	0.304000	0.304000	0.295849	
1000	0.312000	1.450420	1000	0.312000	0.312000	0.295866	
1000	0.276000	1.450420	1000	0.276000	0.276000	0.295845	
1000	0.302000	1.450420	1000	0.302000	0.302000	0.295851	
1000	0.297000	1.450420	1000	0.297000	0.297000	0.295853	
1000	0.304000	1.450420	1000	0.304000	0.304000	0.295861	
1000	0.304000	1.450420	1000	0.304000	0.304000	0.295870	
1000	0.293000	1.450420	1000	0.293000	0.293000	0.295867	
1000	0.274000	1.450420	1000	0.274000	0.274000	0.295844	
1000	0.317000	1.450420	1000	0.317000	0.317000	0.295866	
1000	0.290000	1.450420	1000	0.290000	0.290000	0.295860	
1000	0.337000	1.450420	1000	0.337000	0.337000	0.295902	
1000	0.287000	1.450420	1000	0.287000	0.287000	0.295893	
1000	0.313000	1.450420	1000	0.313000	0.313000	0.295911	
1000	0.288000	1.450420	1000	0.288000	0.288000	0.295903	
1000	0.285000	1.450420	1000	0.285000	0.285000	0.295891	
1000	0.301000	1.450420	1000	0.301000	0.301000	0.295897	
1000	0.310000	1.450420	1000	0.310000	0.310000	0.295911	
1000	0.320000	1.450420	1000	0.320000	0.320000	0.295936	
1000	0.316000	1.450420	1000	0.316000	0.316000	0.295957	
1000	0.283000	1.450420	1000	0.283000	0.283000	0.295943	
1000	0.276000	1.450420	1000	0.276000	0.276000	0.295923	
1000	0.318000	1.450420	1000	0.318000	0.318000	0.295945	
1000	0.313000	1.450420	1000	0.313000	0.313000	0.295963	
1000	0.292000	1.450420	1000	0.292000	0.292000	0.295959	
1000	0.315000	1.450420	1000	0.315000	0.315000	0.295978	
1000	0.284000	1.450420	1000	0.284000	0.284000	0.295966	
1000	0.295000	1.450420	1000	0.295000	0.295000	0.295965	
1000	0.291000	1.450420	1000	0.291000	0.291000	0.295960	
1000	0.294000	1.450420	1000	0.294000	0.294000	0.295958	
1000	0.295000	1.450420	1000	0.295000	0.295000	0.295957	
1000	0.285000	1.450420	1000	0.285000	0.285000	0.295946	
1000	0.275000	1.450420	1000	0.275000	0.275000	0.295925	
1000	0.293000	1.450420	1000	0.293000	0.293000	0.295922	
1000	0.297000	1.450420	1000	0.297000	0.297000	0.295923	
1000	0.300000	1.450420	1000	0.300000	0.300000	0.295927	
1000	0.297000	1.450420	1000	0.297000	0.297000	0.295928	
1000	0.314000	1.450420	1000	0.314000	0.314000	0.295946	
1000	0.297000	1.450420	1000	0.297000	0.297000	0.295947	
1000	0.284000	1.450420	1000	0.284000	0.284000	0.295935	
1000	0.302000	1.450420	1000	0.302000	0.302000	0.295941	
1000	0.321000	1.450420	1000	0.321000	0.321000	0.295967	
1000	0.280000	1.450420	1000	0.280000	0.280000	0.295951	
1000	0.284000	1.450420	1000	0.284000	0.284000	0.295939	
1000	0.280000	1.450420	1000	0.280000	0.280000	0.295923	
1000	0.274000	1.450420	1000	0.274000	0.274000	0.295901	
1000	0.296000	1.450420	1000	0.296000	0.296000	0.295901	
1000	0.303000	1.450420	1000	0.303000	0.303000	0.295908	
1000	0.287000	1.450420	1000	0.287000	0.287000	0.295899	
1000	0.293000	1.450420	1000	0.293000	0.293000	0.295896	
1000	0.291000	1.450420	1000	0.291000	0.291000	0.295891	
1000	0.285000	1.450420	1000	0.285000	0.285000	0.295880	
1000	0.291000	1.450420	1000	0.291000	0.291000	0.295876	
1000	0.269000	1.450420	1000	0.269000	0.269000	0.295849	
1000	0.292000	1.450420	1000	0.292000	0.292000	0.295845	
1000	0.316000	1.450420	1000	0.316000	0.316000	0.295865	
