Default schedule
Rate	100.00
Rate Tried	% Accepted	Rates - Dev	Rates - Tried	Rates - Accepted	Sample Ave Acceptance	Total Ave Acceptance	
1000	0.380000	1.013894	1000	0.380000	0.380000	0.289337	
1000	0.350000	1.013894	1000	0.350000	0.350000	0.294392	
1000	0.345000	1.013894	1000	0.345000	0.345000	0.298285	
1000	0.369000	1.013894	1000	0.369000	0.369000	0.303335	
1000	0.342000	1.013894	1000	0.342000	0.342000	0.305913	
1000	0.343000	1.013894	1000	0.343000	0.343000	0.308231	
1000	0.366000	1.013894	1000	0.366000	0.366000	0.311629	
1000	0.398000	1.013894	1000	0.398000	0.398000	0.316427	
1000	0.406000	1.013894	1000	0.406000	0.406000	0.321141	
1000	0.317000	1.156911	1000	0.317000	0.317000	0.320934	
1000	0.292000	1.156911	1000	0.292000	0.292000	0.319556	
1000	0.279000	1.156911	1000	0.279000	0.279000	0.317713	
1000	0.291000	1.156911	1000	0.291000	0.291000	0.316551	
1000	0.283000	1.156911	1000	0.283000	0.283000	0.315154	
1000	0.288000	1.156911	1000	0.288000	0.288000	0.314067	
1000	0.291000	1.156911	1000	0.291000	0.291000	0.313180	
1000	0.267000	1.156911	1000	0.267000	0.267000	0.311470	
1000	0.325000	1.156911	1000	0.325000	0.325000	0.311953	
1000	0.254000	1.156911	1000	0.254000	0.254000	0.309955	
1000	0.335000	1.156911	1000	0.335000	0.335000	0.310790	
1000	0.246000	1.156911	1000	0.246000	0.246000	0.308700	
1000	0.278000	1.156911	1000	0.278000	0.278000	0.307740	
1000	0.309000	1.156911	1000	0.309000	0.309000	0.307779	
1000	0.284000	1.156911	1000	0.284000	0.284000	0.307079	
1000	0.308000	1.156911	1000	0.308000	0.308000	0.307106	
1000	0.328000	1.156911	1000	0.328000	0.328000	0.307686	
1000	0.350000	1.156911	1000	0.350000	0.350000	0.308829	
1000	0.360000	1.156911	1000	0.360000	0.360000	0.310176	
1000	0.265000	1.156911	1000	0.265000	0.265000	0.309018	
1000	0.316000	1.156911	1000	0.316000	0.316000	0.309192	
1000	0.320000	1.156911	1000	0.320000	0.320000	0.309456	
1000	0.375000	1.156911	1000	0.375000	0.375000	0.311016	
1000	0.316000	1.156911	1000	0.316000	0.316000	0.311132	
1000	0.310000	1.156911	1000	0.310000	0.310000	0.311107	
1000	0.312000	1.156911	1000	0.312000	0.312000	0.311126	
1000	0.298000	1.156911	1000	0.298000	0.298000	0.310841	
1000	0.262000	1.156911	1000	0.262000	0.262000	0.309802	
1000	0.305000	1.156911	1000	0.305000	0.305000	0.309702	
1000	0.320000	1.156911	1000	0.320000	0.320000	0.309912	
1000	0.286000	1.156911	1000	0.286000	0.286000	0.309434	
1000	0.278000	1.156911	1000	0.278000	0.278000	0.308817	
1000	0.318000	1.156911	1000	0.318000	0.318000	0.308994	
1000	0.379000	1.156911	1000	0.379000	0.379000	0.310315	
1000	0.291000	1.156911	1000	0.291000	0.291000	0.309957	
1000	0.295000	1.156911	1000	0.295000	0.295000	0.309685	
1000	0.234000	1.156911	1000	0.234000	0.234000	0.308334	
1000	0.262000	1.156911	1000	0.262000	0.262000	0.307521	
1000	0.289000	1.156911	1000	0.289000	0.289000	0.307202	
1000	0.274000	1.156911	1000	0.274000	0.274000	0.306639	
1000	0.275000	1.156911	1000	0.275000	0.275000	0.306112	
1000	0.315000	1.156911	1000	0.315000	0.315000	0.306257	
1000	0.329000	1.156911	1000	0.329000	0.329000	0.306624	
1000	0.339000	1.156911	1000	0.339000	0.339000	0.307138	
1000	0.328000	1.156911	1000	0.328000	0.328000	0.307464	
1000	0.297000	1.156911	1000	0.297000	0.297000	0.307303	
1000	0.287000	1.156911	1000	0.287000	0.287000	0.306995	
1000	0.338000	1.156911	1000	0.338000	0.338000	0.307458	
1000	0.301000	1.156911	1000	0.301000	0.301000	0.307363	
1000	0.300000	1.156911	1000	0.300000	0.300000	0.307256	
1000	0.290000	1.156911	1000	0.290000	0.290000	0.307010	
1000	0.321000	1.156911	1000	0.321000	0.321000	0.307207	
1000	0.363000	1.156911	1000	0.363000	0.363000	0.307982	
1000	0.270000	1.156911	1000	0.270000	0.270000	0.307462	
1000	0.277000	1.156911	1000	0.277000	0.277000	0.307050	
1000	0.272000	1.156911	1000	0.272000	0.272000	0.306583	
1000	0.279000	1.156911	1000	0.279000	0.279000	0.306220	
1000	0.312000	1.156911	1000	0.312000	0.312000	0.306295	
1000	0.301000	1.156911	1000	0.301000	0.301000	0.306227	
1000	0.312000	1.156911	1000	0.312000	0.312000	0.306300	
1000	0.327000	1.156911	1000	0.327000	0.327000	0.306559	
1000	0.279000	1.156911	1000	0.279000	0.279000	0.306218	
1000	0.293000	1.156911	1000	0.293000	0.293000	0.306057	
1000	0.324000	1.156911	1000	0.324000	0.324000	0.306273	
1000	0.298000	1.156911	1000	0.298000	0.298000	0.306175	
1000	0.312000	1.156911	1000	0.312000	0.312000	0.306243	
1000	0.352000	1.156911	1000	0.352000	0.352000	0.306776	
1000	0.308000	1.156911	1000	0.308000	0.308000	0.306790	
1000	0.294000	1.156911	1000	0.294000	0.294000	0.306644	
1000	0.283000	1.156911	1000	0.283000	0.283000	0.306379	
1000	0.280000	1.156911	1000	0.280000	0.280000	0.306085	
1000	0.285000	1.156911	1000	0.285000	0.285000	0.305854	
1000	0.279000	1.156911	1000	0.279000	0.279000	0.305562	
1000	0.320000	1.156911	1000	0.320000	0.320000	0.305717	
1000	0.364000	1.156911	1000	0.364000	0.364000	0.306337	
1000	0.385000	1.156911	1000	0.385000	0.385000	0.307165	
1000	0.368000	1.156911	1000	0.368000	0.368000	0.307799	
1000	0.321000	1.156911	1000	0.321000	0.321000	0.307935	
1000	0.356000	1.156911	1000	0.356000	0.356000	0.308425	
1000	0.348000	1.156911	1000	0.348000	0.348000	0.308825	
1000	0.329000	1.156911	1000	0.329000	0.329000	0.309027	
1000	0.298000	1.156911	1000	0.298000	0.298000	0.308918	
1000	0.321000	1.156911	1000	0.321000	0.321000	0.309036	
1000	0.300000	1.156911	1000	0.300000	0.300000	0.308948	
1000	0.312000	1.156911	1000	0.312000	0.312000	0.308978	
1000	0.296000	1.156911	1000	0.296000	0.296000	0.308854	
1000	0.305000	1.156911	1000	0.305000	0.305000	0.308818	
1000	0.346000	1.156911	1000	0.346000	0.346000	0.309165	
1000	0.356000	1.156911	1000	0.356000	0.356000	0.309599	
1000	0.364000	1.156911	1000	0.364000	0.364000	0.310098	
1000	0.345000	1.156911	1000	0.345000	0.345000	0.310415	
1000	0.279000	1.156911	1000	0.279000	0.279000	0.310132	
1000	0.285000	1.156911	1000	0.285000	0.285000	0.309908	
1000	0.293000	1.156911	1000	0.293000	0.293000	0.309758	
1000	0.298000	1.156911	1000	0.298000	0.298000	0.309655	
1000	0.290000	1.156911	1000	0.290000	0.290000	0.309484	
1000	0.292000	1.156911	1000	0.292000	0.292000	0.309334	
1000	0.339000	1.156911	1000	0.339000	0.339000	0.309587	
1000	0.322000	1.156911	1000	0.322000	0.322000	0.309692	
1000	0.290000	1.156911	1000	0.290000	0.290000	0.309527	
1000	0.302000	1.156911	1000	0.302000	0.302000	0.309464	
1000	0.329000	1.156911	1000	0.329000	0.329000	0.309626	
1000	0.274000	1.156911	1000	0.274000	0.274000	0.309334	
1000	0.290000	1.156911	1000	0.290000	0.290000	0.309176	
1000	0.335000	1.156911	1000	0.335000	0.335000	0.309385	
1000	0.288000	1.156911	1000	0.288000	0.288000	0.309214	
1000	0.305000	1.156911	1000	0.305000	0.305000	0.309180	
1000	0.294000	1.156911	1000	0.294000	0.294000	0.309061	
1000	0.310000	1.156911	1000	0.310000	0.310000	0.309068	
1000	0.279000	1.156911	1000	0.279000	0.279000	0.308835	
1000	0.285000	1.156911	1000	0.285000	0.285000	0.308651	
1000	0.264000	1.156911	1000	0.264000	0.264000	0.308311	
1000	0.272000	1.156911	1000	0.272000	0.272000	0.308036	
1000	0.287000	1.156911	1000	0.287000	0.287000	0.307877	
1000	0.313000	1.156911	1000	0.313000	0.313000	0.307916	
1000	0.271000	1.156911	1000	0.271000	0.271000	0.307642	
1000	0.281000	1.156911	1000	0.281000	0.281000	0.307446	
1000	0.325000	1.156911	1000	0.325000	0.325000	0.307574	
1000	0.324000	1.156911	1000	0.324000	0.324000	0.307693	
1000	0.289000	1.156911	1000	0.289000	0.289000	0.307559	
1000	0.318000	1.156911	1000	0.318000	0.318000	0.307634	
1000	0.295000	1.156911	1000	0.295000	0.295000	0.307544	
1000	0.286000	1.156911	1000	0.286000	0.286000	0.307392	
1000	0.279000	1.156911	1000	0.279000	0.279000	0.307194	
1000	0.278000	1.156911	1000	0.278000	0.278000	0.306991	
1000	0.308000	1.156911	1000	0.308000	0.308000	0.306998	
1000	0.293000	1.156911	1000	0.293000	0.293000	0.306902	
1000	0.316000	1.156911	1000	0.316000	0.316000	0.306964	
1000	0.289000	1.156911	1000	0.289000	0.289000	0.306843	
1000	0.306000	1.156911	1000	0.306000	0.306000	0.306837	
1000	0.300000	1.156911	1000	0.300000	0.300000	0.306791	
1000	0.326000	1.156911	1000	0.326000	0.326000	0.306918	
1000	0.293000	1.156911	1000	0.293000	0.293000	0.306827	
1000	0.335000	1.156911	1000	0.335000	0.335000	0.307011	
1000	0.351000	1.156911	1000	0.351000	0.351000	0.307297	
1000	0.331000	1.156911	1000	0.331000	0.331000	0.307450	
1000	0.298000	1.156911	1000	0.298000	0.298000	0.307389	
1000	0.276000	1.156911	1000	0.276000	0.276000	0.307189	
1000	0.301000	1.156911	1000	0.301000	0.301000	0.307150	
1000	0.285000	1.156911	1000	0.285000	0.285000	0.307011	
1000	0.303000	1.156911	1000	0.303000	0.303000	0.306986	
1000	0.292000	1.156911	1000	0.292000	0.292000	0.306893	
1000	0.314000	1.156911	1000	0.314000	0.314000	0.306936	
1000	0.276000	1.156911	1000	0.276000	0.276000	0.306747	
1000	0.302000	1.156911	1000	0.302000	0.302000	0.306718	
1000	0.284000	1.156911	1000	0.284000	0.284000	0.306580	
1000	0.308000	1.156911	1000	0.308000	0.308000	0.306589	
1000	0.289000	1.156911	1000	0.289000	0.289000	0.306483	
1000	0.335000	1.156911	1000	0.335000	0.335000	0.306653	
1000	0.289000	1.156911	1000	0.289000	0.289000	0.306548	
1000	0.306000	1.156911	1000	0.306000	0.306000	0.306545	
1000	0.304000	1.156911	1000	0.304000	0.304000	0.306530	
1000	0.293000	1.156911	1000	0.293000	0.293000	0.306452	
1000	0.295000	1.156911	1000	0.295000	0.295000	0.306386	
1000	0.283000	1.156911	1000	0.283000	0.283000	0.306251	
1000	0.288000	1.156911	1000	0.288000	0.288000	0.306147	
1000	0.274000	1.156911	1000	0.274000	0.274000	0.305964	
1000	0.331000	1.156911	1000	0.331000	0.331000	0.306106	
1000	0.295000	1.156911	1000	0.295000	0.295000	0.306043	
1000	0.302000	1.156911	1000	0.302000	0.302000	0.306021	
1000	0.299000	1.156911	1000	0.299000	0.299000	0.305982	
1000	0.297000	1.156911	1000	0.297000	0.297000	0.305932	
1000	0.334000	1.156911	1000	0.334000	0.334000	0.306086	
1000	0.344000	1.156911	1000	0.344000	0.344000	0.306293	
1000	0.287000	1.156911	1000	0.287000	0.287000	0.306189	
1000	0.272000	1.156911	1000	0.272000	0.272000	0.306004	
1000	0.336000	1.156911	1000	0.336000	0.336000	0.306165	
1000	0.308000	1.156911	1000	0.308000	0.308000	0.306175	
1000	0.323000	1.156911	1000	0.323000	0.323000	0.306264	
1000	0.297000	1.156911	1000	0.297000	0.297000	0.306215	
1000	0.332000	1.156911	1000	0.332000	0.332000	0.306351	
1000	0.314000	1.156911	1000	0.314000	0.314000	0.306391	
1000	0.316000	1.156911	1000	0.316000	0.316000	0.306441	
1000	0.360000	1.156911	1000	0.360000	0.360000	0.306719	
1000	0.348000	1.156911	1000	0.348000	0.348000	0.306931	
1000	0.282000	1.156911	1000	0.282000	0.282000	0.306804	
1000	0.271000	1.156911	1000	0.271000	0.271000	0.306621	
1000	0.326000	1.156911	1000	0.326000	0.326000	0.306719	
1000	0.359000	1.156911	1000	0.359000	0.359000	0.306983	
1000	0.323000	1.156911	1000	0.323000	0.323000	0.307064	
1000	0.317000	1.156911	1000	0.317000	0.317000	0.307113	
1000	0.305000	1.156911	1000	0.305000	0.305000	0.307103	
1000	0.304000	1.156911	1000	0.304000	0.304000	0.307088	
1000	0.290000	1.156911	1000	0.290000	0.290000	0.307003	
1000	0.310000	1.156911	1000	0.310000	0.310000	0.307018	
1000	0.300000	1.156911	1000	0.300000	0.300000	0.306984	
1000	0.300000	1.156911	1000	0.300000	0.300000	0.306950	
1000	0.291000	1.156911	1000	0.291000	0.291000	0.306873	
1000	0.301000	1.156911	1000	0.301000	0.301000	0.306845	
1000	0.256000	1.156911	1000	0.256000	0.256000	0.306601	
1000	0.330000	1.156911	1000	0.330000	0.330000	0.306713	
1000	0.377000	1.156911	1000	0.377000	0.377000	0.307046	
1000	0.315000	1.156911	1000	0.315000	0.315000	0.307083	
1000	0.373000	1.156911	1000	0.373000	0.373000	0.307393	
1000	0.338000	1.156911	1000	0.338000	0.338000	0.307536	
1000	0.311000	1.156911	1000	0.311000	0.311000	0.307552	
1000	0.276000	1.156911	1000	0.276000	0.276000	0.307406	
1000	0.274000	1.156911	1000	0.274000	0.274000	0.307252	
1000	0.265000	1.156911	1000	0.265000	0.265000	0.307058	
1000	0.284000	1.156911	1000	0.284000	0.284000	0.306953	
1000	0.288000	1.156911	1000	0.288000	0.288000	0.306867	
1000	0.263000	1.156911	1000	0.263000	0.263000	0.306668	
1000	0.290000	1.156911	1000	0.290000	0.290000	0.306593	
1000	0.372000	1.156911	1000	0.372000	0.372000	0.306887	
1000	0.329000	1.156911	1000	0.329000	0.329000	0.306985	
1000	0.354000	1.156911	1000	0.354000	0.354000	0.307194	
1000	0.336000	1.156911	1000	0.336000	0.336000	0.307322	
1000	0.277000	1.156911	1000	0.277000	0.277000	0.307188	
1000	0.266000	1.156911	1000	0.266000	0.266000	0.307007	
1000	0.273000	1.156911	1000	0.273000	0.273000	0.306859	
1000	0.274000	1.156911	1000	0.274000	0.274000	0.306716	
1000	0.277000	1.156911	1000	0.277000	0.277000	0.306587	
1000	0.288000	1.156911	1000	0.288000	0.288000	0.306507	
1000	0.373000	1.156911	1000	0.373000	0.373000	0.306793	
1000	0.286000	1.156911	1000	0.286000	0.286000	0.306704	
1000	0.309000	1.156911	1000	0.309000	0.309000	0.306714	
1000	0.290000	1.156911	1000	0.290000	0.290000	0.306643	
1000	0.296000	1.156911	1000	0.296000	0.296000	0.306598	
1000	0.313000	1.156911	1000	0.313000	0.313000	0.306625	
1000	0.286000	1.156911	1000	0.286000	0.286000	0.306538	
1000	0.295000	1.156911	1000	0.295000	0.295000	0.306490	
1000	0.294000	1.156911	1000	0.294000	0.294000	0.306439	
1000	0.304000	1.156911	1000	0.304000	0.304000	0.306428	
1000	0.289000	1.156911	1000	0.289000	0.289000	0.306357	
1000	0.289000	1.156911	1000	0.289000	0.289000	0.306286	
1000	0.260000	1.156911	1000	0.260000	0.260000	0.306097	
1000	0.270000	1.156911	1000	0.270000	0.270000	0.305950	
1000	0.307000	1.156911	1000	0.307000	0.307000	0.305954	
1000	0.300000	1.156911	1000	0.300000	0.300000	0.305930	
1000	0.264000	1.156911	1000	0.264000	0.264000	0.305762	
1000	0.305000	1.156911	1000	0.305000	0.305000	0.305759	
1000	0.284000	1.156911	1000	0.284000	0.284000	0.305672	
1000	0.262000	1.156911	1000	0.262000	0.262000	0.305499	
1000	0.305000	1.156911	1000	0.305000	0.305000	0.305497	
1000	0.253000	1.156911	1000	0.253000	0.253000	0.305290	
1000	0.259000	1.156911	1000	0.259000	0.259000	0.305109	
1000	0.315000	1.156911	1000	0.315000	0.315000	0.305147	
1000	0.319000	1.156911	1000	0.319000	0.319000	0.305201	
1000	0.283000	1.156911	1000	0.283000	0.283000	0.305115	
1000	0.290000	1.156911	1000	0.290000	0.290000	0.305057	
1000	0.278000	1.156911	1000	0.278000	0.278000	0.304953	
1000	0.332000	1.156911	1000	0.332000	0.332000	0.305056	
1000	0.269000	1.156911	1000	0.269000	0.269000	0.304919	
1000	0.303000	1.156911	1000	0.303000	0.303000	0.304911	
1000	0.274000	1.156911	1000	0.274000	0.274000	0.304794	
1000	0.285000	1.156911	1000	0.285000	0.285000	0.304720	
1000	0.263000	1.156911	1000	0.263000	0.263000	0.304563	
1000	0.299000	1.156911	1000	0.299000	0.299000	0.304542	
1000	0.310000	1.156911	1000	0.310000	0.310000	0.304562	
1000	0.294000	1.156911	1000	0.294000	0.294000	0.304523	
1000	0.279000	1.156911	1000	0.279000	0.279000	0.304429	
1000	0.293000	1.156911	1000	0.293000	0.293000	0.304386	
1000	0.295000	1.156911	1000	0.295000	0.295000	0.304352	
1000	0.257000	1.156911	1000	0.257000	0.257000	0.304178	
1000	0.322000	1.156911	1000	0.322000	0.322000	0.304243	
1000	0.268000	1.156911	1000	0.268000	0.268000	0.304112	
1000	0.268000	1.156911	1000	0.268000	0.268000	0.303981	
1000	0.290000	1.156911	1000	0.290000	0.290000	0.303930	
1000	0.321000	1.156911	1000	0.321000	0.321000	0.303992	
1000	0.279000	1.156911	1000	0.279000	0.279000	0.303902	
1000	0.294000	1.156911	1000	0.294000	0.294000	0.303867	
1000	0.285000	1.156911	1000	0.285000	0.285000	0.303800	
1000	0.302000	1.156911	1000	0.302000	0.302000	0.303793	
1000	0.331000	1.156911	1000	0.331000	0.331000	0.303889	
1000	0.357000	1.156911	1000	0.357000	0.357000	0.304076	
1000	0.372000	1.156911	1000	0.372000	0.372000	0.304315	
1000	0.333000	1.156911	1000	0.333000	0.333000	0.304415	
1000	0.338000	1.156911	1000	0.338000	0.338000	0.304532	
1000	0.324000	1.156911	1000	0.324000	0.324000	0.304600	
1000	0.308000	1.156911	1000	0.308000	0.308000	0.304611	
1000	0.308000	1.156911	1000	0.308000	0.308000	0.304623	
1000	0.280000	1.156911	1000	0.280000	0.280000	0.304538	
1000	0.277000	1.156911	1000	0.277000	0.277000	0.304444	
1000	0.316000	1.156911	1000	0.316000	0.316000	0.304484	
1000	0.335000	1.156911	1000	0.335000	0.335000	0.304587	
1000	0.260000	1.156911	1000	0.260000	0.260000	0.304436	
1000	0.270000	1.156911	1000	0.270000	0.270000	0.304320	
1000	0.283000	1.156911	1000	0.283000	0.283000	0.304248	
1000	0.279000	1.156911	1000	0.279000	0.279000	0.304163	
1000	0.285000	1.156911	1000	0.285000	0.285000	0.304099	
1000	0.290000	1.156911	1000	0.290000	0.290000	0.304052	
1000	0.288000	1.156911	1000	0.288000	0.288000	0.303999	
1000	0.300000	1.156911	1000	0.300000	0.300000	0.303986	
1000	0.296000	1.156911	1000	0.296000	0.296000	0.303959	
1000	0.289000	1.156911	1000	0.289000	0.289000	0.303910	
1000	0.286000	1.156911	1000	0.286000	0.286000	0.303851	
1000	0.303000	1.156911	1000	0.303000	0.303000	0.303849	
1000	0.328000	1.156911	1000	0.328000	0.328000	0.303927	
1000	0.354000	1.156911	1000	0.354000	0.354000	0.304090	
1000	0.306000	1.156911	1000	0.306000	0.306000	0.304096	
1000	0.373000	1.156911	1000	0.373000	0.373000	0.304318	
1000	0.331000	1.156911	1000	0.331000	0.331000	0.304404	
1000	0.386000	1.156911	1000	0.386000	0.386000	0.304666	
1000	0.291000	1.156911	1000	0.291000	0.291000	0.304622	
1000	0.277000	1.156911	1000	0.277000	0.277000	0.304534	
1000	0.274000	1.156911	1000	0.274000	0.274000	0.304437	
1000	0.281000	1.156911	1000	0.281000	0.281000	0.304363	
1000	0.307000	1.156911	1000	0.307000	0.307000	0.304371	
1000	0.371000	1.156911	1000	0.371000	0.371000	0.304581	
1000	0.272000	1.156911	1000	0.272000	0.272000	0.304479	
1000	0.293000	1.156911	1000	0.293000	0.293000	0.304443	
1000	0.269000	1.156911	1000	0.269000	0.269000	0.304332	
1000	0.303000	1.156911	1000	0.303000	0.303000	0.304328	
1000	0.248000	1.156911	1000	0.248000	0.248000	0.304154	
1000	0.290000	1.156911	1000	0.290000	0.290000	0.304110	
1000	0.287000	1.156911	1000	0.287000	0.287000	0.304058	
1000	0.261000	1.156911	1000	0.261000	0.261000	0.303925	
1000	0.265000	1.156911	1000	0.265000	0.265000	0.303806	
1000	0.265000	1.156911	1000	0.265000	0.265000	0.303688	
1000	0.280000	1.156911	1000	0.280000	0.280000	0.303616	
1000	0.295000	1.156911	1000	0.295000	0.295000	0.303590	
1000	0.358000	1.156911	1000	0.358000	0.358000	0.303754	
1000	0.355000	1.156911	1000	0.355000	0.355000	0.303909	
1000	0.311000	1.156911	1000	0.311000	0.311000	0.303930	
1000	0.307000	1.156911	1000	0.307000	0.307000	0.303939	
1000	0.296000	1.156911	1000	0.296000	0.296000	0.303916	
1000	0.281000	1.156911	1000	0.281000	0.281000	0.303847	
1000	0.298000	1.156911	1000	0.298000	0.298000	0.303830	
1000	0.299000	1.156911	1000	0.299000	0.299000	0.303816	
1000	0.274000	1.156911	1000	0.274000	0.274000	0.303728	
1000	0.286000	1.156911	1000	0.286000	0.286000	0.303676	
1000	0.305000	1.156911	1000	0.305000	0.305000	0.303679	
1000	0.297000	1.156911	1000	0.297000	0.297000	0.303660	
1000	0.277000	1.156911	1000	0.277000	0.277000	0.303582	
1000	0.294000	1.156911	1000	0.294000	0.294000	0.303554	
1000	0.320000	1.156911	1000	0.320000	0.320000	0.303602	
1000	0.295000	1.156911	1000	0.295000	0.295000	0.303577	
1000	0.307000	1.156911	1000	0.307000	0.307000	0.303587	
1000	0.286000	1.156911	1000	0.286000	0.286000	0.303536	
1000	0.319000	1.156911	1000	0.319000	0.319000	0.303581	
1000	0.307000	1.156911	1000	0.307000	0.307000	0.303591	
1000	0.381000	1.156911	1000	0.381000	0.381000	0.303811	
1000	0.302000	1.156911	1000	0.302000	0.302000	0.303806	
1000	0.323000	1.156911	1000	0.323000	0.323000	0.303860	
1000	0.322000	1.156911	1000	0.322000	0.322000	0.303912	
1000	0.374000	1.156911	1000	0.374000	0.374000	0.304109	
1000	0.354000	1.156911	1000	0.354000	0.354000	0.304249	
1000	0.332000	1.156911	1000	0.332000	0.332000	0.304327	
1000	0.339000	1.156911	1000	0.339000	0.339000	0.304424	
1000	0.344000	1.156911	1000	0.344000	0.344000	0.304534	
1000	0.330000	1.156911	1000	0.330000	0.330000	0.304605	
1000	0.360000	1.156911	1000	0.360000	0.360000	0.304758	
1000	0.329000	1.156911	1000	0.329000	0.329000	0.304825	
1000	0.355000	1.156911	1000	0.355000	0.355000	0.304963	
1000	0.334000	1.156911	1000	0.334000	0.334000	0.305043	
1000	0.259000	1.156911	1000	0.259000	0.259000	0.304917	
1000	0.291000	1.156911	1000	0.291000	0.291000	0.304879	
1000	0.310000	1.156911	1000	0.310000	0.310000	0.304893	
1000	0.306000	1.156911	1000	0.306000	0.306000	0.304896	
1000	0.357000	1.156911	1000	0.357000	0.357000	0.305037	
1000	0.356000	1.156911	1000	0.356000	0.356000	0.305175	
1000	0.304000	1.156911	1000	0.304000	0.304000	0.305172	
1000	0.287000	1.156911	1000	0.287000	0.287000	0.305123	
1000	0.268000	1.156911	1000	0.268000	0.268000	0.305023	
1000	0.293000	1.156911	1000	0.293000	0.293000	0.304991	
1000	0.268000	1.156911	1000	0.268000	0.268000	0.304893	
1000	0.343000	1.156911	1000	0.343000	0.343000	0.304994	
1000	0.375000	1.156911	1000	0.375000	0.375000	0.305180	
1000	0.339000	1.156911	1000	0.339000	0.339000	0.305269	
1000	0.354000	1.156911	1000	0.354000	0.354000	0.305398	
1000	0.317000	1.156911	1000	0.317000	0.317000	0.305428	
1000	0.277000	1.156911	1000	0.277000	0.277000	0.305354	
1000	0.306000	1.156911	1000	0.306000	0.306000	0.305355	
1000	0.269000	1.156911	1000	0.269000	0.269000	0.305260	
1000	0.297000	1.156911	1000	0.297000	0.297000	0.305239	
1000	0.290000	1.156911	1000	0.290000	0.290000	0.305199	
1000	0.335000	1.156911	1000	0.335000	0.335000	0.305276	
1000	0.278000	1.156911	1000	0.278000	0.278000	0.305206	
1000	0.312000	1.156911	1000	0.312000	0.312000	0.305223	
1000	0.291000	1.156911	1000	0.291000	0.291000	0.305187	
1000	0.280000	1.156911	1000	0.280000	0.280000	0.305122	
1000	0.266000	1.156911	1000	0.266000	0.266000	0.305022	
1000	0.298000	1.156911	1000	0.298000	0.298000	0.305004	
1000	0.305000	1.156911	1000	0.305000	0.305000	0.305004	
1000	0.296000	1.156911	1000	0.296000	0.296000	0.304981	
1000	0.275000	1.156911	1000	0.275000	0.275000	0.304906	
1000	0.274000	1.156911	1000	0.274000	0.274000	0.304828	
1000	0.277000	1.156911	1000	0.277000	0.277000	0.304757	
1000	0.273000	1.156911	1000	0.273000	0.273000	0.304678	
1000	0.282000	1.156911	1000	0.282000	0.282000	0.304621	
1000	0.287000	1.156911	1000	0.287000	0.287000	0.304577	
1000	0.298000	1.156911	1000	0.298000	0.298000	0.304560	
1000	0.279000	1.156911	1000	0.279000	0.279000	0.304497	
1000	0.317000	1.156911	1000	0.317000	0.317000	0.304528	
1000	0.290000	1.156911	1000	0.290000	0.290000	0.304492	
1000	0.282000	1.156911	1000	0.282000	0.282000	0.304436	
1000	0.274000	1.156911	1000	0.274000	0.274000	0.304361	
1000	0.288000	1.156911	1000	0.288000	0.288000	0.304321	
1000	0.298000	1.156911	1000	0.298000	0.298000	0.304306	
1000	0.314000	1.156911	1000	0.314000	0.314000	0.304329	
1000	0.278000	1.156911	1000	0.278000	0.278000	0.304265	
1000	0.309000	1.156911	1000	0.309000	0.309000	0.304277	
1000	0.336000	1.156911	1000	0.336000	0.336000	0.304354	
1000	0.299000	1.156911	1000	0.299000	0.299000	0.304341	
1000	0.277000	1.156911	1000	0.277000	0.277000	0.304275	
1000	0.295000	1.156911	1000	0.295000	0.295000	0.304252	
1000	0.316000	1.156911	1000	0.316000	0.316000	0.304281	
1000	0.290000	1.156911	1000	0.290000	0.290000	0.304246	
1000	0.343000	1.156911	1000	0.343000	0.343000	0.304339	
1000	0.346000	1.156911	1000	0.346000	0.346000	0.304438	
1000	0.340000	1.156911	1000	0.340000	0.340000	0.304523	
1000	0.293000	1.156911	1000	0.293000	0.293000	0.304496	
1000	0.360000	1.156911	1000	0.360000	0.360000	0.304627	
1000	0.339000	1.156911	1000	0.339000	0.339000	0.304708	
1000	0.302000	1.156911	1000	0.302000	0.302000	0.304702	
1000	0.328000	1.156911	1000	0.328000	0.328000	0.304757	
1000	0.333000	1.156911	1000	0.333000	0.333000	0.304823	
1000	0.323000	1.156911	1000	0.323000	0.323000	0.304866	
1000	0.319000	1.156911	1000	0.319000	0.319000	0.304899	
1000	0.258000	1.156911	1000	0.258000	0.258000	0.304789	
1000	0.284000	1.156911	1000	0.284000	0.284000	0.304741	
1000	0.256000	1.156911	1000	0.256000	0.256000	0.304628	
1000	0.269000	1.156911	1000	0.269000	0.269000	0.304546	
1000	0.300000	1.156911	1000	0.300000	0.300000	0.304535	
1000	0.332000	1.156911	1000	0.332000	0.332000	0.304598	
1000	0.308000	1.156911	1000	0.308000	0.308000	0.304606	
1000	0.283000	1.156911	1000	0.283000	0.283000	0.304557	
1000	0.317000	1.156911	1000	0.317000	0.317000	0.304585	
1000	0.300000	1.156911	1000	0.300000	0.300000	0.304575	
1000	0.354000	1.156911	1000	0.354000	0.354000	0.304687	
1000	0.296000	1.156911	1000	0.296000	0.296000	0.304667	
1000	0.324000	1.156911	1000	0.324000	0.324000	0.304711	
1000	0.360000	1.156911	1000	0.360000	0.360000	0.304836	
1000	0.285000	1.156911	1000	0.285000	0.285000	0.304792	
1000	0.302000	1.156911	1000	0.302000	0.302000	0.304785	
1000	0.290000	1.156911	1000	0.290000	0.290000	0.304752	
1000	0.358000	1.156911	1000	0.358000	0.358000	0.304872	
1000	0.356000	1.156911	1000	0.356000	0.356000	0.304986	
1000	0.343000	1.156911	1000	0.343000	0.343000	0.305071	
1000	0.342000	1.156911	1000	0.342000	0.342000	0.305153	
1000	0.349000	1.156911	1000	0.349000	0.349000	0.305250	
1000	0.345000	1.156911	1000	0.345000	0.345000	0.305339	
1000	0.281000	1.156911	1000	0.281000	0.281000	0.305285	
1000	0.304000	1.156911	1000	0.304000	0.304000	0.305282	
1000	0.290000	1.156911	1000	0.290000	0.290000	0.305248	
1000	0.262000	1.156911	1000	0.262000	0.262000	0.305153	
1000	0.286000	1.156911	1000	0.286000	0.286000	0.305111	
1000	0.291000	1.156911	1000	0.291000	0.291000	0.305080	
1000	0.309000	1.156911	1000	0.309000	0.309000	0.305089	
1000	0.312000	1.156911	1000	0.312000	0.312000	0.305104	
1000	0.314000	1.156911	1000	0.314000	0.314000	0.305123	
1000	0.311000	1.156911	1000	0.311000	0.311000	0.305136	
1000	0.279000	1.156911	1000	0.279000	0.279000	0.305079	
1000	0.294000	1.156911	1000	0.294000	0.294000	0.305055	
1000	0.286000	1.156911	1000	0.286000	0.286000	0.305014	
1000	0.292000	1.156911	1000	0.292000	0.292000	0.304986	
1000	0.289000	1.156911	1000	0.289000	0.289000	0.304952	
1000	0.329000	1.156911	1000	0.329000	0.329000	0.305004	
1000	0.314000	1.156911	1000	0.314000	0.314000	0.305023	
1000	0.284000	1.156911	1000	0.284000	0.284000	0.304978	
1000	0.297000	1.156911	1000	0.297000	0.297000	0.304961	
1000	0.301000	1.156911	1000	0.301000	0.301000	0.304953	
1000	0.299000	1.156911	1000	0.299000	0.299000	0.304940	
1000	0.317000	1.156911	1000	0.317000	0.317000	0.304966	
1000	0.352000	1.156911	1000	0.352000	0.352000	0.305065	
1000	0.351000	1.156911	1000	0.351000	0.351000	0.305161	
1000	0.282000	1.156911	1000	0.282000	0.282000	0.305113	
1000	0.314000	1.156911	1000	0.314000	0.314000	0.305131	
1000	0.297000	1.156911	1000	0.297000	0.297000	0.305114	
1000	0.318000	1.156911	1000	0.318000	0.318000	0.305141	
1000	0.393000	1.156911	1000	0.393000	0.393000	0.305324	
1000	0.334000	1.156911	1000	0.334000	0.334000	0.305384	
1000	0.331000	1.156911	1000	0.331000	0.331000	0.305437	
1000	0.357000	1.156911	1000	0.357000	0.357000	0.305544	
1000	0.368000	1.156911	1000	0.368000	0.368000	0.305673	
1000	0.286000	1.156911	1000	0.286000	0.286000	0.305632	
1000	0.304000	1.156911	1000	0.304000	0.304000	0.305629	
1000	0.266000	1.156911	1000	0.266000	0.266000	0.305548	
1000	0.284000	1.156911	1000	0.284000	0.284000	0.305503	
1000	0.291000	1.156911	1000	0.291000	0.291000	0.305474	
1000	0.291000	1.156911	1000	0.291000	0.291000	0.305444	
1000	0.299000	1.156911	1000	0.299000	0.299000	0.305431	
1000	0.321000	1.156911	1000	0.321000	0.321000	0.305463	
1000	0.360000	1.156911	1000	0.360000	0.360000	0.305573	
1000	0.386000	1.156911	1000	0.386000	0.386000	0.305736	
1000	0.358000	1.156911	1000	0.358000	0.358000	0.305842	
1000	0.299000	1.156911	1000	0.299000	0.299000	0.305828	
1000	0.282000	1.156911	1000	0.282000	0.282000	0.305780	
1000	0.305000	1.156911	1000	0.305000	0.305000	0.305779	
1000	0.275000	1.156911	1000	0.275000	0.275000	0.305717	
1000	0.271000	1.156911	1000	0.271000	0.271000	0.305647	
1000	0.278000	1.156911	1000	0.278000	0.278000	0.305592	
1000	0.267000	1.156911	1000	0.267000	0.267000	0.305515	
1000	0.288000	1.156911	1000	0.288000	0.288000	0.305481	
1000	0.291000	1.156911	1000	0.291000	0.291000	0.305452	
1000	0.347000	1.156911	1000	0.347000	0.347000	0.305534	
1000	0.356000	1.156911	1000	0.356000	0.356000	0.305634	
1000	0.321000	1.156911	1000	0.321000	0.321000	0.305664	
1000	0.290000	1.156911	1000	0.290000	0.290000	0.305633	
1000	0.285000	1.156911	1000	0.285000	0.285000	0.305593	
1000	0.313000	1.156911	1000	0.313000	0.313000	0.305607	
1000	0.328000	1.156911	1000	0.328000	0.328000	0.305651	
1000	0.322000	1.156911	1000	0.322000	0.322000	0.305683	
1000	0.335000	1.156911	1000	0.335000	0.335000	0.305740	
1000	0.278000	1.156911	1000	0.278000	0.278000	0.305686	
1000	0.305000	1.156911	1000	0.305000	0.305000	0.305685	
1000	0.278000	1.156911	1000	0.278000	0.278000	0.305631	
1000	0.308000	1.156911	1000	0.308000	0.308000	0.305636	
1000	0.295000	1.156911	1000	0.295000	0.295000	0.305615	
1000	0.299000	1.156911	1000	0.299000	0.299000	0.305602	
1000	0.302000	1.156911	1000	0.302000	0.302000	0.305596	
1000	0.298000	1.156911	1000	0.298000	0.298000	0.305581	
1000	0.348000	1.156911	1000	0.348000	0.348000	0.305662	
1000	0.339000	1.156911	1000	0.339000	0.339000	0.305726	
1000	0.332000	1.156911	1000	0.332000	0.332000	0.305776	
1000	0.370000	1.156911	1000	0.370000	0.370000	0.305898	
1000	0.346000	1.156911	1000	0.346000	0.346000	0.305975	
1000	0.345000	1.156911	1000	0.345000	0.345000	0.306049	
1000	0.309000	1.156911	1000	0.309000	0.309000	0.306054	
1000	0.280000	1.156911	1000	0.280000	0.280000	0.306005	
1000	0.307000	1.156911	1000	0.307000	0.307000	0.306007	
1000	0.341000	1.156911	1000	0.341000	0.341000	0.306073	
1000	0.281000	1.156911	1000	0.281000	0.281000	0.306026	
1000	0.327000	1.156911	1000	0.327000	0.327000	0.306065	
1000	0.313000	1.156911	1000	0.313000	0.313000	0.306078	
1000	0.338000	1.156911	1000	0.338000	0.338000	0.306138	
1000	0.278000	1.156911	1000	0.278000	0.278000	0.306085	
1000	0.313000	1.156911	1000	0.313000	0.313000	0.306098	
1000	0.302000	1.156911	1000	0.302000	0.302000	0.306091	
1000	0.314000	1.156911	1000	0.314000	0.314000	0.306105	
1000	0.261000	1.156911	1000	0.261000	0.261000	0.306022	
1000	0.293000	1.156911	1000	0.293000	0.293000	0.305998	
1000	0.293000	1.156911	1000	0.293000	0.293000	0.305974	
1000	0.308000	1.156911	1000	0.308000	0.308000	0.305977	
1000	0.308000	1.156911	1000	0.308000	0.308000	0.305981	
1000	0.281000	1.156911	1000	0.281000	0.281000	0.305935	
1000	0.295000	1.156911	1000	0.295000	0.295000	0.305915	
1000	0.284000	1.156911	1000	0.284000	0.284000	0.305875	
1000	0.325000	1.156911	1000	0.325000	0.325000	0.305910	
1000	0.304000	1.156911	1000	0.304000	0.304000	0.305907	
1000	0.341000	1.156911	1000	0.341000	0.341000	0.305970	
1000	0.352000	1.156911	1000	0.352000	0.352000	0.306054	
1000	0.325000	1.156911	1000	0.325000	0.325000	0.306088	
1000	0.340000	1.156911	1000	0.340000	0.340000	0.306150	
1000	0.315000	1.156911	1000	0.315000	0.315000	0.306166	
1000	0.301000	1.156911	1000	0.301000	0.301000	0.306156	
1000	0.285000	1.156911	1000	0.285000	0.285000	0.306118	
1000	0.289000	1.156911	1000	0.289000	0.289000	0.306087	
1000	0.272000	1.156911	1000	0.272000	0.272000	0.306026	
1000	0.345000	1.156911	1000	0.345000	0.345000	0.306096	
1000	0.326000	1.156911	1000	0.326000	0.326000	0.306132	
1000	0.311000	1.156911	1000	0.311000	0.311000	0.306140	
1000	0.300000	1.156911	1000	0.300000	0.300000	0.306129	
1000	0.311000	1.156911	1000	0.311000	0.311000	0.306138	
1000	0.265000	1.156911	1000	0.265000	0.265000	0.306065	
1000	0.323000	1.156911	1000	0.323000	0.323000	0.306095	
1000	0.313000	1.156911	1000	0.313000	0.313000	0.306107	
1000	0.268000	1.156911	1000	0.268000	0.268000	0.306040	
1000	0.340000	1.156911	1000	0.340000	0.340000	0.306100	
1000	0.294000	1.156911	1000	0.294000	0.294000	0.306079	
1000	0.321000	1.156911	1000	0.321000	0.321000	0.306105	
1000	0.293000	1.156911	1000	0.293000	0.293000	0.306082	
1000	0.318000	1.156911	1000	0.318000	0.318000	0.306103	
1000	0.310000	1.156911	1000	0.310000	0.310000	0.306109	
1000	0.336000	1.156911	1000	0.336000	0.336000	0.306161	
1000	0.344000	1.156911	1000	0.344000	0.344000	0.306227	
1000	0.335000	1.156911	1000	0.335000	0.335000	0.306277	
1000	0.326000	1.156911	1000	0.326000	0.326000	0.306311	
1000	0.341000	1.156911	1000	0.341000	0.341000	0.306371	
1000	0.323000	1.156911	1000	0.323000	0.323000	0.306400	
1000	0.285000	1.156911	1000	0.285000	0.285000	0.306363	
1000	0.329000	1.156911	1000	0.329000	0.329000	0.306402	
1000	0.306000	1.156911	1000	0.306000	0.306000	0.306402	
1000	0.314000	1.156911	1000	0.314000	0.314000	0.306415	
1000	0.304000	1.156911	1000	0.304000	0.304000	0.306410	
1000	0.287000	1.156911	1000	0.287000	0.287000	0.306377	
1000	0.267000	1.156911	1000	0.267000	0.267000	0.306310	
1000	0.319000	1.156911	1000	0.319000	0.319000	0.306332	
1000	0.310000	1.156911	1000	0.310000	0.310000	0.306338	
1000	0.310000	1.156911	1000	0.310000	0.310000	0.306344	
1000	0.355000	1.156911	1000	0.355000	0.355000	0.306427	
1000	0.287000	1.156911	1000	0.287000	0.287000	0.306394	
1000	0.272000	1.156911	1000	0.272000	0.272000	0.306336	
1000	0.283000	1.156911	1000	0.283000	0.283000	0.306296	
1000	0.270000	1.156911	1000	0.270000	0.270000	0.306235	
1000	0.356000	1.156911	1000	0.356000	0.356000	0.306319	
1000	0.290000	1.156911	1000	0.290000	0.290000	0.306291	
1000	0.292000	1.156911	1000	0.292000	0.292000	0.306267	
1000	0.343000	1.156911	1000	0.343000	0.343000	0.306329	
1000	0.367000	1.156911	1000	0.367000	0.367000	0.306430	
1000	0.355000	1.156911	1000	0.355000	0.355000	0.306511	
1000	0.348000	1.156911	1000	0.348000	0.348000	0.306580	
1000	0.289000	1.156911	1000	0.289000	0.289000	0.306551	
1000	0.297000	1.156911	1000	0.297000	0.297000	0.306535	
1000	0.283000	1.156911	1000	0.283000	0.283000	0.306496	
1000	0.301000	1.156911	1000	0.301000	0.301000	0.306487	
1000	0.299000	1.156911	1000	0.299000	0.299000	0.306475	
1000	0.292000	1.156911	1000	0.292000	0.292000	0.306451	
1000	0.352000	1.156911	1000	0.352000	0.352000	0.306526	
1000	0.310000	1.156911	1000	0.310000	0.310000	0.306532	
1000	0.299000	1.156911	1000	0.299000	0.299000	0.306519	
1000	0.313000	1.156911	1000	0.313000	0.313000	0.306530	
1000	0.341000	1.156911	1000	0.341000	0.341000	0.306586	
1000	0.310000	1.156911	1000	0.310000	0.310000	0.306592	
1000	0.311000	1.156911	1000	0.311000	0.311000	0.306599	
1000	0.307000	1.156911	1000	0.307000	0.307000	0.306600	
1000	0.332000	1.156911	1000	0.332000	0.332000	0.306641	
1000	0.360000	1.156911	1000	0.360000	0.360000	0.306727	
1000	0.346000	1.156911	1000	0.346000	0.346000	0.306791	
1000	0.363000	1.156911	1000	0.363000	0.363000	0.306882	
1000	0.284000	1.156911	1000	0.284000	0.284000	0.306845	
1000	0.307000	1.156911	1000	0.307000	0.307000	0.306845	
1000	0.287000	1.156911	1000	0.287000	0.287000	0.306813	
1000	0.326000	1.156911	1000	0.326000	0.326000	0.306844	
1000	0.304000	1.156911	1000	0.304000	0.304000	0.306839	
1000	0.294000	1.156911	1000	0.294000	0.294000	0.306819	
1000	0.294000	1.156911	1000	0.294000	0.294000	0.306798	
1000	0.298000	1.156911	1000	0.298000	0.298000	0.306784	
1000	0.297000	1.156911	1000	0.297000	0.297000	0.306769	
1000	0.295000	1.156911	1000	0.295000	0.295000	0.306750	
1000	0.327000	1.156911	1000	0.327000	0.327000	0.306782	
1000	0.349000	1.156911	1000	0.349000	0.349000	0.306849	
1000	0.348000	1.156911	1000	0.348000	0.348000	0.306914	
1000	0.330000	1.156911	1000	0.330000	0.330000	0.306951	
1000	0.339000	1.156911	1000	0.339000	0.339000	0.307001	
1000	0.345000	1.156911	1000	0.345000	0.345000	0.307061	
1000	0.300000	1.156911	1000	0.300000	0.300000	0.307050	
1000	0.291000	1.156911	1000	0.291000	0.291000	0.307025	
1000	0.291000	1.156911	1000	0.291000	0.291000	0.307000	
1000	0.294000	1.156911	1000	0.294000	0.294000	0.306979	
1000	0.290000	1.156911	1000	0.290000	0.290000	0.306953	
1000	0.317000	1.156911	1000	0.317000	0.317000	0.306968	
1000	0.299000	1.156911	1000	0.299000	0.299000	0.306956	
1000	0.320000	1.156911	1000	0.320000	0.320000	0.306976	
1000	0.335000	1.156911	1000	0.335000	0.335000	0.307020	
1000	0.288000	1.156911	1000	0.288000	0.288000	0.306990	
1000	0.316000	1.156911	1000	0.316000	0.316000	0.307004	
1000	0.326000	1.156911	1000	0.326000	0.326000	0.307034	
1000	0.357000	1.156911	1000	0.357000	0.357000	0.307111	
1000	0.361000	1.156911	1000	0.361000	0.361000	0.307194	
1000	0.290000	1.156911	1000	0.290000	0.290000	0.307167	
1000	0.317000	1.156911	1000	0.317000	0.317000	0.307182	
1000	0.308000	1.156911	1000	0.308000	0.308000	0.307184	
1000	0.315000	1.156911	1000	0.315000	0.315000	0.307196	
1000	0.317000	1.156911	1000	0.317000	0.317000	0.307211	
1000	0.292000	1.156911	1000	0.292000	0.292000	0.307187	
1000	0.269000	1.156911	1000	0.269000	0.269000	0.307129	
1000	0.279000	1.156911	1000	0.279000	0.279000	0.307086	
1000	0.283000	1.156911	1000	0.283000	0.283000	0.307050	
1000	0.314000	1.156911	1000	0.314000	0.314000	0.307060	
1000	0.338000	1.156911	1000	0.338000	0.338000	0.307107	
1000	0.332000	1.156911	1000	0.332000	0.332000	0.307145	
1000	0.283000	1.156911	1000	0.283000	0.283000	0.307108	
1000	0.329000	1.156911	1000	0.329000	0.329000	0.307141	
1000	0.344000	1.156911	1000	0.344000	0.344000	0.307197	
1000	0.346000	1.156911	1000	0.346000	0.346000	0.307255	
1000	0.352000	1.156911	1000	0.352000	0.352000	0.307322	
1000	0.375000	1.156911	1000	0.375000	0.375000	0.307424	
1000	0.276000	1.156911	1000	0.276000	0.276000	0.307377	
1000	0.282000	1.156911	1000	0.282000	0.282000	0.307339	
1000	0.284000	1.156911	1000	0.284000	0.284000	0.307304	
1000	0.313000	1.156911	1000	0.313000	0.313000	0.307313	
1000	0.359000	1.156911	1000	0.359000	0.359000	0.307389	
1000	0.247000	1.156911	1000	0.247000	0.247000	0.307300	
1000	0.303000	1.156911	1000	0.303000	0.303000	0.307293	
1000	0.273000	1.156911	1000	0.273000	0.273000	0.307243	
1000	0.275000	1.156911	1000	0.275000	0.275000	0.307195	
1000	0.308000	1.156911	1000	0.308000	0.308000	0.307196	
1000	0.255000	1.156911	1000	0.255000	0.255000	0.307119	
1000	0.308000	1.156911	1000	0.308000	0.308000	0.307120	
1000	0.307000	1.156911	1000	0.307000	0.307000	0.307120	
1000	0.323000	1.156911	1000	0.323000	0.323000	0.307143	
1000	0.310000	1.156911	1000	0.310000	0.310000	0.307148	
1000	0.291000	1.156911	1000	0.291000	0.291000	0.307124	
1000	0.316000	1.156911	1000	0.316000	0.316000	0.307137	
1000	0.307000	1.156911	1000	0.307000	0.307000	0.307137	
1000	0.315000	1.156911	1000	0.315000	0.315000	0.307148	
1000	0.309000	1.156911	1000	0.309000	0.309000	0.307151	
1000	0.306000	1.156911	1000	0.306000	0.306000	0.307149	
1000	0.315000	1.156911	1000	0.315000	0.315000	0.307161	
1000	0.315000	1.156911	1000	0.315000	0.315000	0.307172	
1000	0.278000	1.156911	1000	0.278000	0.278000	0.307130	
1000	0.313000	1.156911	1000	0.313000	0.313000	0.307138	
1000	0.332000	1.156911	1000	0.332000	0.332000	0.307174	
1000	0.345000	1.156911	1000	0.345000	0.345000	0.307229	
1000	0.321000	1.156911	1000	0.321000	0.321000	0.307248	
1000	0.357000	1.156911	1000	0.357000	0.357000	0.307320	
1000	0.327000	1.156911	1000	0.327000	0.327000	0.307348	
1000	0.335000	1.156911	1000	0.335000	0.335000	0.307388	
1000	0.323000	1.156911	1000	0.323000	0.323000	0.307410	
1000	0.345000	1.156911	1000	0.345000	0.345000	0.307464	
1000	0.327000	1.156911	1000	0.327000	0.327000	0.307492	
1000	0.292000	1.156911	1000	0.292000	0.292000	0.307470	
1000	0.275000	1.156911	1000	0.275000	0.275000	0.307423	
1000	0.331000	1.156911	1000	0.331000	0.331000	0.307457	
1000	0.357000	1.156911	1000	0.357000	0.357000	0.307527	
1000	0.363000	1.156911	1000	0.363000	0.363000	0.307606	
1000	0.345000	1.156911	1000	0.345000	0.345000	0.307659	
1000	0.322000	1.156911	1000	0.322000	0.322000	0.307679	
1000	0.288000	1.156911	1000	0.288000	0.288000	0.307651	
1000	0.264000	1.156911	1000	0.264000	0.264000	0.307590	
1000	0.283000	1.156911	1000	0.283000	0.283000	0.307555	
1000	0.305000	1.156911	1000	0.305000	0.305000	0.307552	
1000	0.309000	1.156911	1000	0.309000	0.309000	0.307554	
1000	0.296000	1.156911	1000	0.296000	0.296000	0.307537	
1000	0.306000	1.156911	1000	0.306000	0.306000	0.307535	
1000	0.288000	1.156911	1000	0.288000	0.288000	0.307508	
1000	0.324000	1.156911	1000	0.324000	0.324000	0.307531	
1000	0.321000	1.156911	1000	0.321000	0.321000	0.307550	
1000	0.296000	1.156911	1000	0.296000	0.296000	0.307534	
1000	0.269000	1.156911	1000	0.269000	0.269000	0.307480	
1000	0.274000	1.156911	1000	0.274000	0.274000	0.307434	
1000	0.305000	1.156911	1000	0.305000	0.305000	0.307430	
1000	0.282000	1.156911	1000	0.282000	0.282000	0.307395	
1000	0.260000	1.156911	1000	0.260000	0.260000	0.307330	
1000	0.264000	1.156911	1000	0.264000	0.264000	0.307270	
1000	0.289000	1.156911	1000	0.289000	0.289000	0.307245	
1000	0.311000	1.156911	1000	0.311000	0.311000	0.307250	
1000	0.314000	1.156911	1000	0.314000	0.314000	0.307259	
1000	0.305000	1.156911	1000	0.305000	0.305000	0.307256	
1000	0.253000	1.156911	1000	0.253000	0.253000	0.307182	
1000	0.276000	1.156911	1000	0.276000	0.276000	0.307139	
1000	0.288000	1.156911	1000	0.288000	0.288000	0.307113	
1000	0.346000	1.156911	1000	0.346000	0.346000	0.307166	
1000	0.295000	1.156911	1000	0.295000	0.295000	0.307149	
1000	0.264000	1.156911	1000	0.264000	0.264000	0.307091	
1000	0.292000	1.156911	1000	0.292000	0.292000	0.307070	
1000	0.327000	1.156911	1000	0.327000	0.327000	0.307097	
1000	0.259000	1.156911	1000	0.259000	0.259000	0.307032	
1000	0.289000	1.156911	1000	0.289000	0.289000	0.307008	
1000	0.301000	1.156911	1000	0.301000	0.301000	0.307000	
1000	0.286000	1.156911	1000	0.286000	0.286000	0.306971	
1000	0.308000	1.156911	1000	0.308000	0.308000	0.306973	
1000	0.307000	1.156911	1000	0.307000	0.307000	0.306973	
1000	0.310000	1.156911	1000	0.310000	0.310000	0.306977	
1000	0.291000	1.156911	1000	0.291000	0.291000	0.306955	
1000	0.278000	1.156911	1000	0.278000	0.278000	0.306916	
1000	0.296000	1.156911	1000	0.296000	0.296000	0.306902	
1000	0.313000	1.156911	1000	0.313000	0.313000	0.306910	
1000	0.389000	1.156911	1000	0.389000	0.389000	0.307020	
1000	0.332000	1.156911	1000	0.332000	0.332000	0.307053	
1000	0.315000	1.156911	1000	0.315000	0.315000	0.307064	
1000	0.344000	1.156911	1000	0.344000	0.344000	0.307113	
1000	0.319000	1.156911	1000	0.319000	0.319000	0.307128	
1000	0.299000	1.156911	1000	0.299000	0.299000	0.307118	
1000	0.300000	1.156911	1000	0.300000	0.300000	0.307108	
1000	0.283000	1.156911	1000	0.283000	0.283000	0.307076	
1000	0.275000	1.156911	1000	0.275000	0.275000	0.307034	
1000	0.306000	1.156911	1000	0.306000	0.306000	0.307033	
1000	0.316000	1.156911	1000	0.316000	0.316000	0.307044	
1000	0.313000	1.156911	1000	0.313000	0.313000	0.307052	
1000	0.372000	1.156911	1000	0.372000	0.372000	0.307138	
1000	0.297000	1.156911	1000	0.297000	0.297000	0.307124	
1000	0.355000	1.156911	1000	0.355000	0.355000	0.307187	
1000	0.360000	1.156911	1000	0.360000	0.360000	0.307256	
1000	0.326000	1.156911	1000	0.326000	0.326000	0.307281	
1000	0.288000	1.156911	1000	0.288000	0.288000	0.307255	
1000	0.295000	1.156911	1000	0.295000	0.295000	0.307239	
1000	0.344000	1.156911	1000	0.344000	0.344000	0.307287	
1000	0.359000	1.156911	1000	0.359000	0.359000	0.307355	
1000	0.319000	1.156911	1000	0.319000	0.319000	0.307370	
1000	0.316000	1.156911	1000	0.316000	0.316000	0.307381	
1000	0.363000	1.156911	1000	0.363000	0.363000	0.307453	
1000	0.354000	1.156911	1000	0.354000	0.354000	0.307513	
1000	0.324000	1.156911	1000	0.324000	0.324000	0.307534	
1000	0.294000	1.156911	1000	0.294000	0.294000	0.307517	
1000	0.293000	1.156911	1000	0.293000	0.293000	0.307498	
1000	0.291000	1.156911	1000	0.291000	0.291000	0.307477	
1000	0.303000	1.156911	1000	0.303000	0.303000	0.307471	
1000	0.296000	1.156911	1000	0.296000	0.296000	0.307457	
1000	0.315000	1.156911	1000	0.315000	0.315000	0.307466	
1000	0.284000	1.156911	1000	0.284000	0.284000	0.307436	
1000	0.312000	1.156911	1000	0.312000	0.312000	0.307442	
1000	0.277000	1.156911	1000	0.277000	0.277000	0.307403	
1000	0.279000	1.156911	1000	0.279000	0.279000	0.307367	
1000	0.314000	1.156911	1000	0.314000	0.314000	0.307375	
1000	0.333000	1.156911	1000	0.333000	0.333000	0.307408	
1000	0.367000	1.156911	1000	0.367000	0.367000	0.307484	
1000	0.328000	1.156911	1000	0.328000	0.328000	0.307510	
1000	0.369000	1.156911	1000	0.369000	0.369000	0.307588	
1000	0.339000	1.156911	1000	0.339000	0.339000	0.307627	
1000	0.341000	1.156911	1000	0.341000	0.341000	0.307670	
1000	0.295000	1.156911	1000	0.295000	0.295000	0.307654	
1000	0.307000	1.156911	1000	0.307000	0.307000	0.307653	
1000	0.264000	1.156911	1000	0.264000	0.264000	0.307598	
1000	0.299000	1.156911	1000	0.299000	0.299000	0.307587	
1000	0.311000	1.156911	1000	0.311000	0.311000	0.307591	
1000	0.355000	1.156911	1000	0.355000	0.355000	0.307651	
1000	0.318000	1.156911	1000	0.318000	0.318000	0.307664	
1000	0.296000	1.156911	1000	0.296000	0.296000	0.307649	
1000	0.283000	1.156911	1000	0.283000	0.283000	0.307618	
1000	0.296000	1.156911	1000	0.296000	0.296000	0.307604	
1000	0.298000	1.156911	1000	0.298000	0.298000	0.307592	
1000	0.277000	1.156911	1000	0.277000	0.277000	0.307554	
1000	0.310000	1.156911	1000	0.310000	0.310000	0.307557	
1000	0.374000	1.156911	1000	0.374000	0.374000	0.307639	
1000	0.339000	1.156911	1000	0.339000	0.339000	0.307678	
1000	0.279000	1.156911	1000	0.279000	0.279000	0.307643	
1000	0.283000	1.156911	1000	0.283000	0.283000	0.307612	
1000	0.300000	1.156911	1000	0.300000	0.300000	0.307603	
1000	0.310000	1.156911	1000	0.310000	0.310000	0.307606	
1000	0.368000	1.156911	1000	0.368000	0.368000	0.307680	
1000	0.347000	1.156911	1000	0.347000	0.347000	0.307729	
1000	0.305000	1.156911	1000	0.305000	0.305000	0.307725	
1000	0.267000	1.156911	1000	0.267000	0.267000	0.307675	
1000	0.302000	1.156911	1000	0.302000	0.302000	0.307668	
1000	0.296000	1.156911	1000	0.296000	0.296000	0.307654	
1000	0.284000	1.156911	1000	0.284000	0.284000	0.307625	
1000	0.286000	1.156911	1000	0.286000	0.286000	0.307599	
1000	0.296000	1.156911	1000	0.296000	0.296000	0.307584	
1000	0.348000	1.156911	1000	0.348000	0.348000	0.307634	
1000	0.349000	1.156911	1000	0.349000	0.349000	0.307684	
1000	0.341000	1.156911	1000	0.341000	0.341000	0.307725	
1000	0.279000	1.156911	1000	0.279000	0.279000	0.307690	
1000	0.283000	1.156911	1000	0.283000	0.283000	0.307660	
1000	0.285000	1.156911	1000	0.285000	0.285000	0.307632	
1000	0.263000	1.156911	1000	0.263000	0.263000	0.307578	
1000	0.296000	1.156911	1000	0.296000	0.296000	0.307564	
1000	0.301000	1.156911	1000	0.301000	0.301000	0.307556	
1000	0.283000	1.156911	1000	0.283000	0.283000	0.307527	
1000	0.303000	1.156911	1000	0.303000	0.303000	0.307521	
1000	0.354000	1.156911	1000	0.354000	0.354000	0.307577	
1000	0.359000	1.156911	1000	0.359000	0.359000	0.307639	
1000	0.333000	1.156911	1000	0.333000	0.333000	0.307669	
1000	0.290000	1.156911	1000	0.290000	0.290000	0.307648	
1000	0.280000	1.156911	1000	0.280000	0.280000	0.307615	
1000	0.302000	1.156911	1000	0.302000	0.302000	0.307608	
1000	0.290000	1.156911	1000	0.290000	0.290000	0.307587	
1000	0.245000	1.156911	1000	0.245000	0.245000	0.307513	
1000	0.298000	1.156911	1000	0.298000	0.298000	0.307501	
1000	0.297000	1.156911	1000	0.297000	0.297000	0.307489	
1000	0.286000	1.156911	1000	0.286000	0.286000	0.307463	
1000	0.317000	1.156911	1000	0.317000	0.317000	0.307475	
1000	0.276000	1.156911	1000	0.276000	0.276000	0.307437	
1000	0.308000	1.156911	1000	0.308000	0.308000	0.307438	
1000	0.274000	1.156911	1000	0.274000	0.274000	0.307398	
1000	0.289000	1.156911	1000	0.289000	0.289000	0.307377	
1000	0.265000	1.156911	1000	0.265000	0.265000	0.307327	
1000	0.284000	1.156911	1000	0.284000	0.284000	0.307299	
1000	0.288000	1.156911	1000	0.288000	0.288000	0.307276	
1000	0.340000	1.156911	1000	0.340000	0.340000	0.307315	
1000	0.346000	1.156911	1000	0.346000	0.346000	0.307360	
1000	0.389000	1.156911	1000	0.389000	0.389000	0.307456	
1000	0.340000	1.156911	1000	0.340000	0.340000	0.307494	
1000	0.259000	1.156911	1000	0.259000	0.259000	0.307438	
1000	0.309000	1.156911	1000	0.309000	0.309000	0.307439	
1000	0.338000	1.156911	1000	0.338000	0.338000	0.307475	
1000	0.262000	1.156911	1000	0.262000	0.262000	0.307422	
1000	0.323000	1.156911	1000	0.323000	0.323000	0.307440	
1000	0.246000	1.156911	1000	0.246000	0.246000	0.307369	
1000	0.351000	1.156911	1000	0.351000	0.351000	0.307419	
1000	0.344000	1.156911	1000	0.344000	0.344000	0.307462	
1000	0.270000	1.156911	1000	0.270000	0.270000	0.307418	
1000	0.310000	1.156911	1000	0.310000	0.310000	0.307421	
1000	0.319000	1.156911	1000	0.319000	0.319000	0.307435	
1000	0.260000	1.156911	1000	0.260000	0.260000	0.307380	
1000	0.304000	1.156911	1000	0.304000	0.304000	0.307376	
1000	0.292000	1.156911	1000	0.292000	0.292000	0.307358	
1000	0.303000	1.156911	1000	0.303000	0.303000	0.307353	
1000	0.299000	1.156911	1000	0.299000	0.299000	0.307344	
1000	0.329000	1.156911	1000	0.329000	0.329000	0.307369	
1000	0.277000	1.156911	1000	0.277000	0.277000	0.307334	
1000	0.296000	1.156911	1000	0.296000	0.296000	0.307321	
1000	0.299000	1.156911	1000	0.299000	0.299000	0.307311	
1000	0.295000	1.156911	1000	0.295000	0.295000	0.307297	
1000	0.314000	1.156911	1000	0.314000	0.314000	0.307305	
1000	0.293000	1.156911	1000	0.293000	0.293000	0.307288	
1000	0.288000	1.156911	1000	0.288000	0.288000	0.307266	
1000	0.301000	1.156911	1000	0.301000	0.301000	0.307259	
1000	0.319000	1.156911	1000	0.319000	0.319000	0.307273	
1000	0.319000	1.156911	1000	0.319000	0.319000	0.307286	
1000	0.341000	1.156911	1000	0.341000	0.341000	0.307324	
1000	0.295000	1.156911	1000	0.295000	0.295000	0.307310	
1000	0.279000	1.156911	1000	0.279000	0.279000	0.307278	
1000	0.305000	1.156911	1000	0.305000	0.305000	0.307276	
1000	0.309000	1.156911	1000	0.309000	0.309000	0.307278	
1000	0.316000	1.156911	1000	0.316000	0.316000	0.307287	
1000	0.329000	1.156911	1000	0.329000	0.329000	0.307312	
1000	0.343000	1.156911	1000	0.343000	0.343000	0.307352	
1000	0.348000	1.156911	1000	0.348000	0.348000	0.307398	
1000	0.322000	1.156911	1000	0.322000	0.322000	0.307414	
1000	0.314000	1.156911	1000	0.314000	0.314000	0.307422	
1000	0.364000	1.156911	1000	0.364000	0.364000	0.307485	
1000	0.337000	1.156911	1000	0.337000	0.337000	0.307518	
1000	0.299000	1.156911	1000	0.299000	0.299000	0.307509	
1000	0.309000	1.156911	1000	0.309000	0.309000	0.307510	
1000	0.293000	1.156911	1000	0.293000	0.293000	0.307494	
1000	0.295000	1.156911	1000	0.295000	0.295000	0.307480	
1000	0.313000	1.156911	1000	0.313000	0.313000	0.307486	
1000	0.354000	1.156911	1000	0.354000	0.354000	0.307538	
1000	0.340000	1.156911	1000	0.340000	0.340000	0.307574	
1000	0.307000	1.156911	1000	0.307000	0.307000	0.307573	
1000	0.326000	1.156911	1000	0.326000	0.326000	0.307594	
1000	0.297000	1.156911	1000	0.297000	0.297000	0.307582	
1000	0.290000	1.156911	1000	0.290000	0.290000	0.307563	
1000	0.272000	1.156911	1000	0.272000	0.272000	0.307523	
1000	0.309000	1.156911	1000	0.309000	0.309000	0.307525	
1000	0.304000	1.156911	1000	0.304000	0.304000	0.307521	
1000	0.295000	1.156911	1000	0.295000	0.295000	0.307507	
1000	0.282000	1.156911	1000	0.282000	0.282000	0.307479	
1000	0.296000	1.156911	1000	0.296000	0.296000	0.307467	
1000	0.276000	1.156911	1000	0.276000	0.276000	0.307432	
1000	0.323000	1.156911	1000	0.323000	0.323000	0.307449	
1000	0.315000	1.156911	1000	0.315000	0.315000	0.307457	
1000	0.306000	1.156911	1000	0.306000	0.306000	0.307456	
1000	0.361000	1.156911	1000	0.361000	0.361000	0.307514	
1000	0.321000	1.156911	1000	0.321000	0.321000	0.307529	
1000	0.315000	1.156911	1000	0.315000	0.315000	0.307537	
1000	0.337000	1.156911	1000	0.337000	0.337000	0.307569	
1000	0.345000	1.156911	1000	0.345000	0.345000	0.307610	
1000	0.325000	1.156911	1000	0.325000	0.325000	0.307629	
1000	0.277000	1.156911	1000	0.277000	0.277000	0.307596	
1000	0.297000	1.156911	1000	0.297000	0.297000	0.307584	
1000	0.333000	1.156911	1000	0.333000	0.333000	0.307612	
1000	0.358000	1.156911	1000	0.358000	0.358000	0.307666	
1000	0.309000	1.156911	1000	0.309000	0.309000	0.307668	
1000	0.300000	1.156911	1000	0.300000	0.300000	0.307659	
1000	0.303000	1.156911	1000	0.303000	0.303000	0.307654	
1000	0.339000	1.156911	1000	0.339000	0.339000	0.307688	
1000	0.284000	1.156911	1000	0.284000	0.284000	0.307663	
1000	0.294000	1.156911	1000	0.294000	0.294000	0.307648	
1000	0.296000	1.156911	1000	0.296000	0.296000	0.307636	
1000	0.302000	1.156911	1000	0.302000	0.302000	0.307629	
1000	0.308000	1.156911	1000	0.308000	0.308000	0.307630	
1000	0.320000	1.156911	1000	0.320000	0.320000	0.307643	
1000	0.314000	1.156911	1000	0.314000	0.314000	0.307650	
1000	0.296000	1.156911	1000	0.296000	0.296000	0.307637	
1000	0.306000	1.156911	1000	0.306000	0.306000	0.307636	
1000	0.318000	1.156911	1000	0.318000	0.318000	0.307647	
1000	0.316000	1.156911	1000	0.316000	0.316000	0.307656	
1000	0.276000	1.156911	1000	0.276000	0.276000	0.307622	
1000	0.284000	1.156911	1000	0.284000	0.284000	0.307597	
1000	0.306000	1.156911	1000	0.306000	0.306000	0.307595	
1000	0.303000	1.156911	1000	0.303000	0.303000	0.307590	
1000	0.297000	1.156911	1000	0.297000	0.297000	0.307579	
1000	0.271000	1.156911	1000	0.271000	0.271000	0.307540	
1000	0.279000	1.156911	1000	0.279000	0.279000	0.307510	
1000	0.324000	1.156911	1000	0.324000	0.324000	0.307528	
1000	0.320000	1.156911	1000	0.320000	0.320000	0.307541	
1000	0.317000	1.156911	1000	0.317000	0.317000	0.307551	
1000	0.298000	1.156911	1000	0.298000	0.298000	0.307541	
1000	0.311000	1.156911	1000	0.311000	0.311000	0.307544	
1000	0.294000	1.156911	1000	0.294000	0.294000	0.307530	
1000	0.264000	1.156911	1000	0.264000	0.264000	0.307484	
1000	0.293000	1.156911	1000	0.293000	0.293000	0.307469	
1000	0.269000	1.156911	1000	0.269000	0.269000	0.307429	
1000	0.301000	1.156911	1000	0.301000	0.301000	0.307422	
1000	0.312000	1.156911	1000	0.312000	0.312000	0.307427	
1000	0.288000	1.156911	1000	0.288000	0.288000	0.307407	
1000	0.316000	1.156911	1000	0.316000	0.316000	0.307416	
1000	0.289000	1.156911	1000	0.289000	0.289000	0.307397	
1000	0.293000	1.156911	1000	0.293000	0.293000	0.307382	
1000	0.325000	1.156911	1000	0.325000	0.325000	0.307400	
1000	0.346000	1.156911	1000	0.346000	0.346000	0.307440	
1000	0.287000	1.156911	1000	0.287000	0.287000	0.307419	
1000	0.270000	1.156911	1000	0.270000	0.270000	0.307380	
1000	0.313000	1.156911	1000	0.313000	0.313000	0.307386	
1000	0.310000	1.156911	1000	0.310000	0.310000	0.307389	
1000	0.288000	1.156911	1000	0.288000	0.288000	0.307368	
1000	0.293000	1.156911	1000	0.293000	0.293000	0.307354	
1000	0.279000	1.156911	1000	0.279000	0.279000	0.307324	
1000	0.279000	1.156911	1000	0.279000	0.279000	0.307295	
1000	0.282000	1.156911	1000	0.282000	0.282000	0.307269	
1000	0.294000	1.156911	1000	0.294000	0.294000	0.307256	
1000	0.288000	1.156911	1000	0.288000	0.288000	0.307236	
1000	0.292000	1.156911	1000	0.292000	0.292000	0.307220	
1000	0.305000	1.156911	1000	0.305000	0.305000	0.307218	
1000	0.330000	1.156911	1000	0.330000	0.330000	0.307241	
1000	0.339000	1.156911	1000	0.339000	0.339000	0.307274	
1000	0.380000	1.156911	1000	0.380000	0.380000	0.307348	
1000	0.271000	1.156911	1000	0.271000	0.271000	0.307311	
1000	0.305000	1.156911	1000	0.305000	0.305000	0.307309	
1000	0.289000	1.156911	1000	0.289000	0.289000	0.307290	
1000	0.294000	1.156911	1000	0.294000	0.294000	0.307276	
1000	0.291000	1.156911	1000	0.291000	0.291000	0.307260	
1000	0.295000	1.156911	1000	0.295000	0.295000	0.307247	
1000	0.345000	1.156911	1000	0.345000	0.345000	0.307286	
1000	0.340000	1.156911	1000	0.340000	0.340000	0.307319	
1000	0.337000	1.156911	1000	0.337000	0.337000	0.307349	
1000	0.384000	1.156911	1000	0.384000	0.384000	0.307426	
1000	0.316000	1.156911	1000	0.316000	0.316000	0.307435	
1000	0.282000	1.156911	1000	0.282000	0.282000	0.307409	
1000	0.286000	1.156911	1000	0.286000	0.286000	0.307388	
1000	0.268000	1.156911	1000	0.268000	0.268000	0.307348	
1000	0.287000	1.156911	1000	0.287000	0.287000	0.307328	
1000	0.285000	1.156911	1000	0.285000	0.285000	0.307305	
1000	0.277000	1.156911	1000	0.277000	0.277000	0.307275	
1000	0.306000	1.156911	1000	0.306000	0.306000	0.307274	
1000	0.297000	1.156911	1000	0.297000	0.297000	0.307263	
1000	0.374000	1.156911	1000	0.374000	0.374000	0.307330	
1000	0.286000	1.156911	1000	0.286000	0.286000	0.307309	
1000	0.325000	1.156911	1000	0.325000	0.325000	0.307326	
1000	0.298000	1.156911	1000	0.298000	0.298000	0.307317	
1000	0.286000	1.156911	1000	0.286000	0.286000	0.307296	
1000	0.301000	1.156911	1000	0.301000	0.301000	0.307290	
1000	0.299000	1.156911	1000	0.299000	0.299000	0.307281	
1000	0.314000	1.156911	1000	0.314000	0.314000	0.307288	
1000	0.303000	1.156911	1000	0.303000	0.303000	0.307284	
1000	0.285000	1.156911	1000	0.285000	0.285000	0.307262	
1000	0.303000	1.156911	1000	0.303000	0.303000	0.307257	
1000	0.307000	1.156911	1000	0.307000	0.307000	0.307257	
