Default schedule
Rate	100.00
Rate Tried	% Accepted	Rates - Dev	Rates - Tried	Rates - Accepted	Sample Ave Acceptance	Total Ave Acceptance	
1000	0.147000	1.964741	1000	0.147000	0.147000	0.217617	
1000	0.196000	1.549826	1000	0.196000	0.196000	0.215815	
1000	0.343000	1.050014	1000	0.343000	0.343000	0.225598	
1000	0.370000	1.050014	1000	0.370000	0.370000	0.235912	
1000	0.342000	1.050014	1000	0.342000	0.342000	0.242984	
1000	0.365000	1.050014	1000	0.365000	0.365000	0.250609	
1000	0.443000	1.050014	1000	0.443000	0.443000	0.261926	
1000	0.303000	1.403439	1000	0.303000	0.303000	0.264208	
1000	0.271000	1.403439	1000	0.271000	0.271000	0.264565	
1000	0.252000	1.403439	1000	0.252000	0.252000	0.263937	
1000	0.334000	1.403439	1000	0.334000	0.334000	0.267273	
1000	0.296000	1.403439	1000	0.296000	0.296000	0.268579	
1000	0.308000	1.403439	1000	0.308000	0.308000	0.270293	
1000	0.264000	1.403439	1000	0.264000	0.264000	0.270030	
1000	0.253000	1.403439	1000	0.253000	0.253000	0.269349	
1000	0.230000	1.403439	1000	0.230000	0.230000	0.267836	
1000	0.255000	1.403439	1000	0.255000	0.255000	0.267360	
1000	0.246000	1.403439	1000	0.246000	0.246000	0.266598	
1000	0.268000	1.403439	1000	0.268000	0.268000	0.266646	
1000	0.267000	1.403439	1000	0.267000	0.267000	0.266658	
1000	0.249000	1.403439	1000	0.249000	0.249000	0.266088	
1000	0.251000	1.403439	1000	0.251000	0.251000	0.265617	
1000	0.225000	1.403439	1000	0.225000	0.225000	0.264386	
1000	0.227000	1.403439	1000	0.227000	0.227000	0.263286	
1000	0.243000	1.403439	1000	0.243000	0.243000	0.262707	
1000	0.312000	1.403439	1000	0.312000	0.312000	0.264076	
1000	0.274000	1.403439	1000	0.274000	0.274000	0.264344	
1000	0.277000	1.403439	1000	0.277000	0.277000	0.264677	
1000	0.323000	1.403439	1000	0.323000	0.323000	0.266173	
1000	0.274000	1.403439	1000	0.274000	0.274000	0.266368	
1000	0.304000	1.403439	1000	0.304000	0.304000	0.267286	
1000	0.283000	1.403439	1000	0.283000	0.283000	0.267660	
1000	0.238000	1.403439	1000	0.238000	0.238000	0.266971	
1000	0.270000	1.403439	1000	0.270000	0.270000	0.267039	
1000	0.313000	1.403439	1000	0.313000	0.313000	0.268061	
1000	0.265000	1.403439	1000	0.265000	0.265000	0.267994	
1000	0.297000	1.403439	1000	0.297000	0.297000	0.268611	
1000	0.224000	1.403439	1000	0.224000	0.224000	0.267682	
1000	0.287000	1.403439	1000	0.287000	0.287000	0.268076	
1000	0.253000	1.403439	1000	0.253000	0.253000	0.267775	
1000	0.241000	1.403439	1000	0.241000	0.241000	0.267250	
1000	0.260000	1.403439	1000	0.260000	0.260000	0.267110	
1000	0.214000	1.403439	1000	0.214000	0.214000	0.266108	
1000	0.292000	1.403439	1000	0.292000	0.292000	0.266588	
1000	0.238000	1.403439	1000	0.238000	0.238000	0.266068	
1000	0.236000	1.403439	1000	0.236000	0.236000	0.265531	
1000	0.256000	1.403439	1000	0.256000	0.256000	0.265364	
1000	0.283000	1.403439	1000	0.283000	0.283000	0.265668	
1000	0.236000	1.403439	1000	0.236000	0.236000	0.265165	
1000	0.262000	1.403439	1000	0.262000	0.262000	0.265112	
1000	0.235000	1.403439	1000	0.235000	0.235000	0.264619	
1000	0.266000	1.403439	1000	0.266000	0.266000	0.264641	
1000	0.250000	1.403439	1000	0.250000	0.250000	0.264409	
1000	0.264000	1.403439	1000	0.264000	0.264000	0.264402	
1000	0.231000	1.403439	1000	0.231000	0.231000	0.263888	
1000	0.239000	1.403439	1000	0.239000	0.239000	0.263511	
1000	0.264000	1.403439	1000	0.264000	0.264000	0.263518	
1000	0.267000	1.403439	1000	0.267000	0.267000	0.263570	
1000	0.273000	1.403439	1000	0.273000	0.273000	0.263706	
1000	0.266000	1.403439	1000	0.266000	0.266000	0.263739	
1000	0.260000	1.403439	1000	0.260000	0.260000	0.263686	
1000	0.281000	1.403439	1000	0.281000	0.281000	0.263927	
1000	0.248000	1.403439	1000	0.248000	0.248000	0.263709	
1000	0.258000	1.403439	1000	0.258000	0.258000	0.263632	
1000	0.320000	1.403439	1000	0.320000	0.320000	0.264383	
1000	0.307000	1.403439	1000	0.307000	0.307000	0.264944	
1000	0.289000	1.403439	1000	0.289000	0.289000	0.265256	
1000	0.294000	1.403439	1000	0.294000	0.294000	0.265625	
1000	0.295000	1.403439	1000	0.295000	0.295000	0.265997	
1000	0.269000	1.403439	1000	0.269000	0.269000	0.266034	
1000	0.255000	1.403439	1000	0.255000	0.255000	0.265898	
1000	0.265000	1.403439	1000	0.265000	0.265000	0.265887	
1000	0.279000	1.403439	1000	0.279000	0.279000	0.266045	
1000	0.240000	1.403439	1000	0.240000	0.240000	0.265735	
1000	0.229000	1.403439	1000	0.229000	0.229000	0.265303	
1000	0.233000	1.403439	1000	0.233000	0.233000	0.264927	
1000	0.253000	1.403439	1000	0.253000	0.253000	0.264790	
1000	0.247000	1.403439	1000	0.247000	0.247000	0.264588	
1000	0.311000	1.403439	1000	0.311000	0.311000	0.265109	
1000	0.270000	1.403439	1000	0.270000	0.270000	0.265164	
1000	0.216000	1.403439	1000	0.216000	0.216000	0.264623	
1000	0.219000	1.403439	1000	0.219000	0.219000	0.264128	
1000	0.273000	1.403439	1000	0.273000	0.273000	0.264223	
1000	0.261000	1.403439	1000	0.261000	0.261000	0.264189	
1000	0.256000	1.403439	1000	0.256000	0.256000	0.264102	
1000	0.250000	1.403439	1000	0.250000	0.250000	0.263956	
1000	0.272000	1.403439	1000	0.272000	0.272000	0.264039	
1000	0.314000	1.403439	1000	0.314000	0.314000	0.264548	
1000	0.245000	1.403439	1000	0.245000	0.245000	0.264351	
1000	0.260000	1.403439	1000	0.260000	0.260000	0.264307	
1000	0.254000	1.403439	1000	0.254000	0.254000	0.264205	
1000	0.249000	1.403439	1000	0.249000	0.249000	0.264056	
1000	0.298000	1.403439	1000	0.298000	0.298000	0.264386	
1000	0.226000	1.403439	1000	0.226000	0.226000	0.264017	
1000	0.246000	1.403439	1000	0.246000	0.246000	0.263845	
1000	0.254000	1.403439	1000	0.254000	0.254000	0.263752	
1000	0.250000	1.403439	1000	0.250000	0.250000	0.263624	
1000	0.257000	1.403439	1000	0.257000	0.257000	0.263562	
1000	0.272000	1.403439	1000	0.272000	0.272000	0.263640	
1000	0.281000	1.403439	1000	0.281000	0.281000	0.263798	
1000	0.268000	1.403439	1000	0.268000	0.268000	0.263835	
1000	0.275000	1.403439	1000	0.275000	0.275000	0.263935	
1000	0.244000	1.403439	1000	0.244000	0.244000	0.263759	
1000	0.290000	1.403439	1000	0.290000	0.290000	0.263989	
1000	0.299000	1.403439	1000	0.299000	0.299000	0.264293	
1000	0.256000	1.403439	1000	0.256000	0.256000	0.264222	
1000	0.251000	1.403439	1000	0.251000	0.251000	0.264109	
1000	0.257000	1.403439	1000	0.257000	0.257000	0.264049	
1000	0.289000	1.403439	1000	0.289000	0.289000	0.264258	
1000	0.243000	1.403439	1000	0.243000	0.243000	0.264081	
1000	0.244000	1.403439	1000	0.244000	0.244000	0.263915	
1000	0.256000	1.403439	1000	0.256000	0.256000	0.263850	
1000	0.296000	1.403439	1000	0.296000	0.296000	0.264112	
1000	0.295000	1.403439	1000	0.295000	0.295000	0.264361	
1000	0.265000	1.403439	1000	0.265000	0.265000	0.264366	
1000	0.245000	1.403439	1000	0.245000	0.245000	0.264212	
1000	0.264000	1.403439	1000	0.264000	0.264000	0.264211	
1000	0.302000	1.403439	1000	0.302000	0.302000	0.264506	
1000	0.287000	1.403439	1000	0.287000	0.287000	0.264680	
1000	0.256000	1.403439	1000	0.256000	0.256000	0.264613	
1000	0.264000	1.403439	1000	0.264000	0.264000	0.264609	
1000	0.262000	1.403439	1000	0.262000	0.262000	0.264589	
1000	0.260000	1.403439	1000	0.260000	0.260000	0.264554	
1000	0.225000	1.403439	1000	0.225000	0.225000	0.264259	
1000	0.237000	1.403439	1000	0.237000	0.237000	0.264057	
1000	0.272000	1.403439	1000	0.272000	0.272000	0.264116	
1000	0.261000	1.403439	1000	0.261000	0.261000	0.264093	
1000	0.288000	1.403439	1000	0.288000	0.288000	0.264266	
1000	0.242000	1.403439	1000	0.242000	0.242000	0.264106	
1000	0.271000	1.403439	1000	0.271000	0.271000	0.264155	
1000	0.273000	1.403439	1000	0.273000	0.273000	0.264218	
1000	0.287000	1.403439	1000	0.287000	0.287000	0.264378	
1000	0.245000	1.403439	1000	0.245000	0.245000	0.264243	
1000	0.250000	1.403439	1000	0.250000	0.250000	0.264144	
1000	0.263000	1.403439	1000	0.263000	0.263000	0.264136	
1000	0.303000	1.403439	1000	0.303000	0.303000	0.264402	
1000	0.262000	1.403439	1000	0.262000	0.262000	0.264386	
1000	0.275000	1.403439	1000	0.275000	0.275000	0.264458	
1000	0.251000	1.403439	1000	0.251000	0.251000	0.264367	
1000	0.258000	1.403439	1000	0.258000	0.258000	0.264325	
1000	0.253000	1.403439	1000	0.253000	0.253000	0.264250	
1000	0.283000	1.403439	1000	0.283000	0.283000	0.264373	
1000	0.252000	1.403439	1000	0.252000	0.252000	0.264292	
1000	0.289000	1.403439	1000	0.289000	0.289000	0.264453	
1000	0.258000	1.403439	1000	0.258000	0.258000	0.264411	
1000	0.297000	1.403439	1000	0.297000	0.297000	0.264620	
1000	0.246000	1.403439	1000	0.246000	0.246000	0.264501	
1000	0.275000	1.403439	1000	0.275000	0.275000	0.264568	
1000	0.300000	1.403439	1000	0.300000	0.300000	0.264791	
1000	0.238000	1.403439	1000	0.238000	0.238000	0.264623	
1000	0.244000	1.403439	1000	0.244000	0.244000	0.264495	
1000	0.284000	1.403439	1000	0.284000	0.284000	0.264616	
1000	0.253000	1.403439	1000	0.253000	0.253000	0.264544	
1000	0.249000	1.403439	1000	0.249000	0.249000	0.264450	
1000	0.287000	1.403439	1000	0.287000	0.287000	0.264586	
1000	0.275000	1.403439	1000	0.275000	0.275000	0.264649	
1000	0.313000	1.403439	1000	0.313000	0.313000	0.264939	
1000	0.271000	1.403439	1000	0.271000	0.271000	0.264975	
1000	0.250000	1.403439	1000	0.250000	0.250000	0.264886	
1000	0.221000	1.403439	1000	0.221000	0.221000	0.264628	
1000	0.249000	1.403439	1000	0.249000	0.249000	0.264536	
1000	0.237000	1.403439	1000	0.237000	0.237000	0.264376	
1000	0.277000	1.403439	1000	0.277000	0.277000	0.264449	
1000	0.304000	1.403439	1000	0.304000	0.304000	0.264677	
1000	0.235000	1.403439	1000	0.235000	0.235000	0.264507	
1000	0.243000	1.403439	1000	0.243000	0.243000	0.264385	
1000	0.237000	1.403439	1000	0.237000	0.237000	0.264230	
1000	0.234000	1.403439	1000	0.234000	0.234000	0.264060	
1000	0.270000	1.403439	1000	0.270000	0.270000	0.264093	
1000	0.262000	1.403439	1000	0.262000	0.262000	0.264082	
1000	0.263000	1.403439	1000	0.263000	0.263000	0.264076	
1000	0.291000	1.403439	1000	0.291000	0.291000	0.264224	
1000	0.272000	1.403439	1000	0.272000	0.272000	0.264266	
1000	0.248000	1.403439	1000	0.248000	0.248000	0.264178	
1000	0.262000	1.403439	1000	0.262000	0.262000	0.264166	
1000	0.233000	1.403439	1000	0.233000	0.233000	0.263999	
1000	0.250000	1.403439	1000	0.250000	0.250000	0.263924	
1000	0.239000	1.403439	1000	0.239000	0.239000	0.263791	
1000	0.262000	1.403439	1000	0.262000	0.262000	0.263782	
1000	0.277000	1.403439	1000	0.277000	0.277000	0.263851	
1000	0.302000	1.403439	1000	0.302000	0.302000	0.264051	
1000	0.276000	1.403439	1000	0.276000	0.276000	0.264113	
1000	0.260000	1.403439	1000	0.260000	0.260000	0.264092	
1000	0.284000	1.403439	1000	0.284000	0.284000	0.264195	
1000	0.205000	1.403439	1000	0.205000	0.205000	0.263891	
1000	0.248000	1.403439	1000	0.248000	0.248000	0.263810	
1000	0.264000	1.403439	1000	0.264000	0.264000	0.263811	
1000	0.299000	1.403439	1000	0.299000	0.299000	0.263989	
1000	0.239000	1.403439	1000	0.239000	0.239000	0.263863	
1000	0.262000	1.403439	1000	0.262000	0.262000	0.263854	
1000	0.265000	1.403439	1000	0.265000	0.265000	0.263859	
1000	0.253000	1.403439	1000	0.253000	0.253000	0.263806	
1000	0.263000	1.403439	1000	0.263000	0.263000	0.263802	
1000	0.238000	1.403439	1000	0.238000	0.238000	0.263675	
1000	0.244000	1.403439	1000	0.244000	0.244000	0.263579	
1000	0.279000	1.403439	1000	0.279000	0.279000	0.263654	
1000	0.243000	1.403439	1000	0.243000	0.243000	0.263554	
1000	0.258000	1.403439	1000	0.258000	0.258000	0.263528	
1000	0.302000	1.403439	1000	0.302000	0.302000	0.263712	
1000	0.326000	1.403439	1000	0.326000	0.326000	0.264008	
1000	0.234000	1.403439	1000	0.234000	0.234000	0.263866	
1000	0.241000	1.403439	1000	0.241000	0.241000	0.263758	
1000	0.264000	1.403439	1000	0.264000	0.264000	0.263759	
1000	0.227000	1.403439	1000	0.227000	0.227000	0.263588	
1000	0.235000	1.403439	1000	0.235000	0.235000	0.263455	
1000	0.276000	1.403439	1000	0.276000	0.276000	0.263513	
1000	0.239000	1.403439	1000	0.239000	0.239000	0.263400	
1000	0.279000	1.403439	1000	0.279000	0.279000	0.263471	
1000	0.283000	1.403439	1000	0.283000	0.283000	0.263560	
1000	0.279000	1.403439	1000	0.279000	0.279000	0.263631	
1000	0.295000	1.403439	1000	0.295000	0.295000	0.263773	
1000	0.309000	1.403439	1000	0.309000	0.309000	0.263976	
1000	0.245000	1.403439	1000	0.245000	0.245000	0.263891	
1000	0.245000	1.403439	1000	0.245000	0.245000	0.263807	
1000	0.289000	1.403439	1000	0.289000	0.289000	0.263919	
1000	0.347000	1.403439	1000	0.347000	0.347000	0.264286	
1000	0.267000	1.403439	1000	0.267000	0.267000	0.264298	
1000	0.251000	1.403439	1000	0.251000	0.251000	0.264240	
1000	0.259000	1.403439	1000	0.259000	0.259000	0.264217	
1000	0.228000	1.403439	1000	0.228000	0.228000	0.264060	
1000	0.248000	1.403439	1000	0.248000	0.248000	0.263990	
1000	0.283000	1.403439	1000	0.283000	0.283000	0.264072	
1000	0.326000	1.403439	1000	0.326000	0.326000	0.264338	
1000	0.273000	1.403439	1000	0.273000	0.273000	0.264375	
1000	0.251000	1.403439	1000	0.251000	0.251000	0.264318	
1000	0.231000	1.403439	1000	0.231000	0.231000	0.264177	
1000	0.269000	1.403439	1000	0.269000	0.269000	0.264197	
1000	0.239000	1.403439	1000	0.239000	0.239000	0.264091	
1000	0.256000	1.403439	1000	0.256000	0.256000	0.264057	
1000	0.243000	1.403439	1000	0.243000	0.243000	0.263970	
1000	0.262000	1.403439	1000	0.262000	0.262000	0.263962	
1000	0.276000	1.403439	1000	0.276000	0.276000	0.264011	
1000	0.281000	1.403439	1000	0.281000	0.281000	0.264081	
1000	0.336000	1.403439	1000	0.336000	0.336000	0.264376	
1000	0.290000	1.403439	1000	0.290000	0.290000	0.264481	
1000	0.251000	1.403439	1000	0.251000	0.251000	0.264426	
1000	0.254000	1.403439	1000	0.254000	0.254000	0.264384	
1000	0.261000	1.403439	1000	0.261000	0.261000	0.264370	
1000	0.257000	1.403439	1000	0.257000	0.257000	0.264340	
1000	0.288000	1.403439	1000	0.288000	0.288000	0.264435	
1000	0.302000	1.403439	1000	0.302000	0.302000	0.264585	
1000	0.296000	1.403439	1000	0.296000	0.296000	0.264709	
1000	0.323000	1.403439	1000	0.323000	0.323000	0.264940	
1000	0.312000	1.403439	1000	0.312000	0.312000	0.265125	
1000	0.274000	1.403439	1000	0.274000	0.274000	0.265160	
1000	0.257000	1.403439	1000	0.257000	0.257000	0.265128	
1000	0.281000	1.403439	1000	0.281000	0.281000	0.265190	
1000	0.251000	1.403439	1000	0.251000	0.251000	0.265135	
1000	0.243000	1.403439	1000	0.243000	0.243000	0.265049	
1000	0.260000	1.403439	1000	0.260000	0.260000	0.265030	
1000	0.232000	1.403439	1000	0.232000	0.232000	0.264903	
1000	0.256000	1.403439	1000	0.256000	0.256000	0.264869	
1000	0.252000	1.403439	1000	0.252000	0.252000	0.264820	
1000	0.312000	1.403439	1000	0.312000	0.312000	0.264999	
1000	0.292000	1.403439	1000	0.292000	0.292000	0.265101	
1000	0.276000	1.403439	1000	0.276000	0.276000	0.265142	
1000	0.298000	1.403439	1000	0.298000	0.298000	0.265265	
1000	0.253000	1.403439	1000	0.253000	0.253000	0.265219	
1000	0.265000	1.403439	1000	0.265000	0.265000	0.265218	
1000	0.283000	1.403439	1000	0.283000	0.283000	0.265284	
1000	0.242000	1.403439	1000	0.242000	0.242000	0.265198	
1000	0.247000	1.403439	1000	0.247000	0.247000	0.265131	
1000	0.289000	1.403439	1000	0.289000	0.289000	0.265219	
1000	0.285000	1.403439	1000	0.285000	0.285000	0.265291	
1000	0.247000	1.403439	1000	0.247000	0.247000	0.265224	
1000	0.267000	1.403439	1000	0.267000	0.267000	0.265231	
1000	0.295000	1.403439	1000	0.295000	0.295000	0.265338	
1000	0.243000	1.403439	1000	0.243000	0.243000	0.265258	
1000	0.266000	1.403439	1000	0.266000	0.266000	0.265261	
1000	0.268000	1.403439	1000	0.268000	0.268000	0.265270	
1000	0.272000	1.403439	1000	0.272000	0.272000	0.265294	
1000	0.284000	1.403439	1000	0.284000	0.284000	0.265361	
1000	0.240000	1.403439	1000	0.240000	0.240000	0.265271	
1000	0.218000	1.403439	1000	0.218000	0.218000	0.265105	
1000	0.268000	1.403439	1000	0.268000	0.268000	0.265115	
1000	0.269000	1.403439	1000	0.269000	0.269000	0.265128	
1000	0.233000	1.403439	1000	0.233000	0.233000	0.265016	
1000	0.217000	1.403439	1000	0.217000	0.217000	0.264850	
1000	0.240000	1.403439	1000	0.240000	0.240000	0.264764	
1000	0.267000	1.403439	1000	0.267000	0.267000	0.264772	
1000	0.318000	1.403439	1000	0.318000	0.318000	0.264954	
1000	0.309000	1.403439	1000	0.309000	0.309000	0.265105	
1000	0.276000	1.403439	1000	0.276000	0.276000	0.265142	
1000	0.221000	1.403439	1000	0.221000	0.221000	0.264992	
1000	0.253000	1.403439	1000	0.253000	0.253000	0.264952	
1000	0.245000	1.403439	1000	0.245000	0.245000	0.264884	
1000	0.246000	1.403439	1000	0.246000	0.246000	0.264821	
1000	0.260000	1.403439	1000	0.260000	0.260000	0.264804	
1000	0.248000	1.403439	1000	0.248000	0.248000	0.264748	
1000	0.242000	1.403439	1000	0.242000	0.242000	0.264672	
1000	0.302000	1.403439	1000	0.302000	0.302000	0.264796	
1000	0.232000	1.403439	1000	0.232000	0.232000	0.264688	
1000	0.246000	1.403439	1000	0.246000	0.246000	0.264626	
1000	0.230000	1.403439	1000	0.230000	0.230000	0.264512	
1000	0.260000	1.403439	1000	0.260000	0.260000	0.264497	
1000	0.270000	1.403439	1000	0.270000	0.270000	0.264515	
1000	0.241000	1.403439	1000	0.241000	0.241000	0.264439	
1000	0.263000	1.403439	1000	0.263000	0.263000	0.264434	
1000	0.295000	1.403439	1000	0.295000	0.295000	0.264533	
1000	0.284000	1.403439	1000	0.284000	0.284000	0.264596	
1000	0.252000	1.403439	1000	0.252000	0.252000	0.264555	
1000	0.239000	1.403439	1000	0.239000	0.239000	0.264474	
1000	0.319000	1.403439	1000	0.319000	0.319000	0.264648	
1000	0.285000	1.403439	1000	0.285000	0.285000	0.264713	
1000	0.263000	1.403439	1000	0.263000	0.263000	0.264707	
1000	0.256000	1.403439	1000	0.256000	0.256000	0.264680	
1000	0.227000	1.403439	1000	0.227000	0.227000	0.264561	
1000	0.254000	1.403439	1000	0.254000	0.254000	0.264527	
1000	0.233000	1.403439	1000	0.233000	0.233000	0.264429	
1000	0.254000	1.403439	1000	0.254000	0.254000	0.264396	
1000	0.245000	1.403439	1000	0.245000	0.245000	0.264336	
1000	0.248000	1.403439	1000	0.248000	0.248000	0.264285	
1000	0.223000	1.403439	1000	0.223000	0.223000	0.264157	
1000	0.255000	1.403439	1000	0.255000	0.255000	0.264129	
1000	0.275000	1.403439	1000	0.275000	0.275000	0.264162	
1000	0.267000	1.403439	1000	0.267000	0.267000	0.264171	
1000	0.278000	1.403439	1000	0.278000	0.278000	0.264213	
1000	0.274000	1.403439	1000	0.274000	0.274000	0.264243	
1000	0.220000	1.403439	1000	0.220000	0.220000	0.264109	
1000	0.315000	1.403439	1000	0.315000	0.315000	0.264263	
1000	0.259000	1.403439	1000	0.259000	0.259000	0.264247	
1000	0.240000	1.403439	1000	0.240000	0.240000	0.264174	
1000	0.277000	1.403439	1000	0.277000	0.277000	0.264212	
1000	0.301000	1.403439	1000	0.301000	0.301000	0.264323	
1000	0.294000	1.403439	1000	0.294000	0.294000	0.264411	
1000	0.218000	1.403439	1000	0.218000	0.218000	0.264273	
1000	0.270000	1.403439	1000	0.270000	0.270000	0.264290	
1000	0.289000	1.403439	1000	0.289000	0.289000	0.264363	
1000	0.314000	1.403439	1000	0.314000	0.314000	0.264510	
1000	0.305000	1.403439	1000	0.305000	0.305000	0.264629	
1000	0.289000	1.403439	1000	0.289000	0.289000	0.264700	
1000	0.292000	1.403439	1000	0.292000	0.292000	0.264780	
1000	0.309000	1.403439	1000	0.309000	0.309000	0.264909	
1000	0.255000	1.403439	1000	0.255000	0.255000	0.264880	
1000	0.271000	1.403439	1000	0.271000	0.271000	0.264898	
1000	0.263000	1.403439	1000	0.263000	0.263000	0.264892	
1000	0.299000	1.403439	1000	0.299000	0.299000	0.264991	
1000	0.316000	1.403439	1000	0.316000	0.316000	0.265137	
1000	0.326000	1.403439	1000	0.326000	0.326000	0.265312	
1000	0.256000	1.403439	1000	0.256000	0.256000	0.265285	
1000	0.262000	1.403439	1000	0.262000	0.262000	0.265276	
1000	0.262000	1.403439	1000	0.262000	0.262000	0.265266	
1000	0.245000	1.403439	1000	0.245000	0.245000	0.265209	
1000	0.246000	1.403439	1000	0.246000	0.246000	0.265155	
1000	0.270000	1.403439	1000	0.270000	0.270000	0.265168	
1000	0.245000	1.403439	1000	0.245000	0.245000	0.265112	
1000	0.233000	1.403439	1000	0.233000	0.233000	0.265022	
1000	0.238000	1.403439	1000	0.238000	0.238000	0.264946	
1000	0.260000	1.403439	1000	0.260000	0.260000	0.264932	
1000	0.287000	1.403439	1000	0.287000	0.287000	0.264994	
1000	0.322000	1.403439	1000	0.322000	0.322000	0.265152	
1000	0.275000	1.403439	1000	0.275000	0.275000	0.265179	
1000	0.250000	1.403439	1000	0.250000	0.250000	0.265137	
1000	0.254000	1.403439	1000	0.254000	0.254000	0.265106	
1000	0.269000	1.403439	1000	0.269000	0.269000	0.265117	
1000	0.259000	1.403439	1000	0.259000	0.259000	0.265100	
1000	0.241000	1.403439	1000	0.241000	0.241000	0.265035	
1000	0.267000	1.403439	1000	0.267000	0.267000	0.265040	
1000	0.270000	1.403439	1000	0.270000	0.270000	0.265053	
1000	0.301000	1.403439	1000	0.301000	0.301000	0.265151	
1000	0.301000	1.403439	1000	0.301000	0.301000	0.265247	
1000	0.298000	1.403439	1000	0.298000	0.298000	0.265335	
1000	0.254000	1.403439	1000	0.254000	0.254000	0.265305	
1000	0.282000	1.403439	1000	0.282000	0.282000	0.265350	
1000	0.307000	1.403439	1000	0.307000	0.307000	0.265461	
1000	0.276000	1.403439	1000	0.276000	0.276000	0.265489	
1000	0.329000	1.403439	1000	0.329000	0.329000	0.265657	
1000	0.308000	1.403439	1000	0.308000	0.308000	0.265769	
1000	0.288000	1.403439	1000	0.288000	0.288000	0.265828	
1000	0.267000	1.403439	1000	0.267000	0.267000	0.265831	
1000	0.341000	1.403439	1000	0.341000	0.341000	0.266028	
1000	0.291000	1.403439	1000	0.291000	0.291000	0.266094	
1000	0.281000	1.403439	1000	0.281000	0.281000	0.266132	
1000	0.257000	1.403439	1000	0.257000	0.257000	0.266109	
1000	0.284000	1.403439	1000	0.284000	0.284000	0.266155	
1000	0.246000	1.403439	1000	0.246000	0.246000	0.266103	
1000	0.261000	1.403439	1000	0.261000	0.261000	0.266090	
1000	0.251000	1.403439	1000	0.251000	0.251000	0.266051	
1000	0.277000	1.403439	1000	0.277000	0.277000	0.266079	
1000	0.275000	1.403439	1000	0.275000	0.275000	0.266102	
1000	0.304000	1.403439	1000	0.304000	0.304000	0.266199	
1000	0.268000	1.403439	1000	0.268000	0.268000	0.266203	
1000	0.256000	1.403439	1000	0.256000	0.256000	0.266177	
1000	0.238000	1.403439	1000	0.238000	0.238000	0.266106	
1000	0.252000	1.403439	1000	0.252000	0.252000	0.266070	
1000	0.260000	1.403439	1000	0.260000	0.260000	0.266055	
1000	0.322000	1.403439	1000	0.322000	0.322000	0.266196	
1000	0.286000	1.403439	1000	0.286000	0.286000	0.266246	
1000	0.322000	1.403439	1000	0.322000	0.322000	0.266385	
1000	0.275000	1.403439	1000	0.275000	0.275000	0.266407	
1000	0.261000	1.403439	1000	0.261000	0.261000	0.266393	
1000	0.302000	1.403439	1000	0.302000	0.302000	0.266482	
1000	0.315000	1.403439	1000	0.315000	0.315000	0.266602	
1000	0.329000	1.403439	1000	0.329000	0.329000	0.266757	
1000	0.314000	1.403439	1000	0.314000	0.314000	0.266873	
1000	0.334000	1.403439	1000	0.334000	0.334000	0.267039	
1000	0.251000	1.403439	1000	0.251000	0.251000	0.266999	
1000	0.235000	1.403439	1000	0.235000	0.235000	0.266921	
1000	0.241000	1.403439	1000	0.241000	0.241000	0.266858	
1000	0.265000	1.403439	1000	0.265000	0.265000	0.266853	
1000	0.249000	1.403439	1000	0.249000	0.249000	0.266810	
1000	0.240000	1.403439	1000	0.240000	0.240000	0.266744	
1000	0.273000	1.403439	1000	0.273000	0.273000	0.266760	
1000	0.239000	1.403439	1000	0.239000	0.239000	0.266693	
1000	0.253000	1.403439	1000	0.253000	0.253000	0.266660	
1000	0.255000	1.403439	1000	0.255000	0.255000	0.266632	
1000	0.248000	1.403439	1000	0.248000	0.248000	0.266587	
1000	0.300000	1.403439	1000	0.300000	0.300000	0.266667	
1000	0.266000	1.403439	1000	0.266000	0.266000	0.266665	
1000	0.256000	1.403439	1000	0.256000	0.256000	0.266640	
1000	0.226000	1.403439	1000	0.226000	0.226000	0.266543	
1000	0.250000	1.403439	1000	0.250000	0.250000	0.266504	
1000	0.303000	1.403439	1000	0.303000	0.303000	0.266590	
1000	0.263000	1.403439	1000	0.263000	0.263000	0.266582	
1000	0.233000	1.403439	1000	0.233000	0.233000	0.266503	
1000	0.267000	1.403439	1000	0.267000	0.267000	0.266504	
1000	0.250000	1.403439	1000	0.250000	0.250000	0.266465	
1000	0.255000	1.403439	1000	0.255000	0.255000	0.266439	
1000	0.241000	1.403439	1000	0.241000	0.241000	0.266379	
1000	0.262000	1.403439	1000	0.262000	0.262000	0.266369	
1000	0.291000	1.403439	1000	0.291000	0.291000	0.266426	
1000	0.263000	1.403439	1000	0.263000	0.263000	0.266418	
1000	0.300000	1.403439	1000	0.300000	0.300000	0.266496	
1000	0.258000	1.403439	1000	0.258000	0.258000	0.266476	
1000	0.219000	1.403439	1000	0.219000	0.219000	0.266367	
1000	0.239000	1.403439	1000	0.239000	0.239000	0.266304	
1000	0.270000	1.403439	1000	0.270000	0.270000	0.266313	
1000	0.336000	1.403439	1000	0.336000	0.336000	0.266472	
1000	0.281000	1.403439	1000	0.281000	0.281000	0.266505	
1000	0.269000	1.403439	1000	0.269000	0.269000	0.266511	
1000	0.251000	1.403439	1000	0.251000	0.251000	0.266476	
1000	0.270000	1.403439	1000	0.270000	0.270000	0.266484	
1000	0.234000	1.403439	1000	0.234000	0.234000	0.266410	
1000	0.290000	1.403439	1000	0.290000	0.290000	0.266463	
1000	0.279000	1.403439	1000	0.279000	0.279000	0.266492	
1000	0.251000	1.403439	1000	0.251000	0.251000	0.266457	
1000	0.251000	1.403439	1000	0.251000	0.251000	0.266422	
1000	0.262000	1.403439	1000	0.262000	0.262000	0.266412	
1000	0.238000	1.403439	1000	0.238000	0.238000	0.266349	
1000	0.259000	1.403439	1000	0.259000	0.259000	0.266333	
1000	0.266000	1.403439	1000	0.266000	0.266000	0.266332	
1000	0.276000	1.403439	1000	0.276000	0.276000	0.266353	
1000	0.259000	1.403439	1000	0.259000	0.259000	0.266337	
1000	0.239000	1.403439	1000	0.239000	0.239000	0.266277	
1000	0.229000	1.403439	1000	0.229000	0.229000	0.266195	
1000	0.241000	1.403439	1000	0.241000	0.241000	0.266140	
1000	0.280000	1.403439	1000	0.280000	0.280000	0.266170	
1000	0.305000	1.403439	1000	0.305000	0.305000	0.266255	
1000	0.305000	1.403439	1000	0.305000	0.305000	0.266339	
1000	0.311000	1.403439	1000	0.311000	0.311000	0.266436	
1000	0.323000	1.403439	1000	0.323000	0.323000	0.266559	
1000	0.293000	1.403439	1000	0.293000	0.293000	0.266616	
1000	0.277000	1.403439	1000	0.277000	0.277000	0.266639	
1000	0.268000	1.403439	1000	0.268000	0.268000	0.266642	
1000	0.253000	1.403439	1000	0.253000	0.253000	0.266612	
1000	0.272000	1.403439	1000	0.272000	0.272000	0.266624	
1000	0.263000	1.403439	1000	0.263000	0.263000	0.266616	
1000	0.235000	1.403439	1000	0.235000	0.235000	0.266549	
1000	0.256000	1.403439	1000	0.256000	0.256000	0.266526	
1000	0.287000	1.403439	1000	0.287000	0.287000	0.266570	
1000	0.250000	1.403439	1000	0.250000	0.250000	0.266534	
1000	0.252000	1.403439	1000	0.252000	0.252000	0.266504	
1000	0.247000	1.403439	1000	0.247000	0.247000	0.266462	
1000	0.229000	1.403439	1000	0.229000	0.229000	0.266383	
1000	0.243000	1.403439	1000	0.243000	0.243000	0.266334	
1000	0.224000	1.403439	1000	0.224000	0.224000	0.266245	
1000	0.302000	1.403439	1000	0.302000	0.302000	0.266320	
1000	0.326000	1.403439	1000	0.326000	0.326000	0.266445	
1000	0.240000	1.403439	1000	0.240000	0.240000	0.266390	
1000	0.292000	1.403439	1000	0.292000	0.292000	0.266443	
1000	0.318000	1.403439	1000	0.318000	0.318000	0.266550	
1000	0.252000	1.403439	1000	0.252000	0.252000	0.266520	
1000	0.267000	1.403439	1000	0.267000	0.267000	0.266521	
1000	0.249000	1.403439	1000	0.249000	0.249000	0.266485	
1000	0.245000	1.403439	1000	0.245000	0.245000	0.266441	
1000	0.301000	1.403439	1000	0.301000	0.301000	0.266512	
1000	0.266000	1.403439	1000	0.266000	0.266000	0.266511	
1000	0.265000	1.403439	1000	0.265000	0.265000	0.266508	
1000	0.305000	1.403439	1000	0.305000	0.305000	0.266586	
1000	0.285000	1.403439	1000	0.285000	0.285000	0.266624	
1000	0.299000	1.403439	1000	0.299000	0.299000	0.266690	
1000	0.272000	1.403439	1000	0.272000	0.272000	0.266701	
1000	0.286000	1.403439	1000	0.286000	0.286000	0.266740	
1000	0.276000	1.403439	1000	0.276000	0.276000	0.266759	
1000	0.302000	1.403439	1000	0.302000	0.302000	0.266830	
1000	0.236000	1.403439	1000	0.236000	0.236000	0.266768	
1000	0.228000	1.403439	1000	0.228000	0.228000	0.266690	
1000	0.252000	1.403439	1000	0.252000	0.252000	0.266660	
1000	0.217000	1.403439	1000	0.217000	0.217000	0.266561	
1000	0.280000	1.403439	1000	0.280000	0.280000	0.266587	
1000	0.304000	1.403439	1000	0.304000	0.304000	0.266662	
1000	0.288000	1.403439	1000	0.288000	0.288000	0.266705	
1000	0.265000	1.403439	1000	0.265000	0.265000	0.266701	
1000	0.236000	1.403439	1000	0.236000	0.236000	0.266640	
1000	0.264000	1.403439	1000	0.264000	0.264000	0.266635	
1000	0.239000	1.403439	1000	0.239000	0.239000	0.266581	
1000	0.262000	1.403439	1000	0.262000	0.262000	0.266571	
1000	0.253000	1.403439	1000	0.253000	0.253000	0.266545	
1000	0.247000	1.403439	1000	0.247000	0.247000	0.266506	
1000	0.296000	1.403439	1000	0.296000	0.296000	0.266564	
1000	0.272000	1.403439	1000	0.272000	0.272000	0.266575	
1000	0.263000	1.403439	1000	0.263000	0.263000	0.266568	
1000	0.268000	1.403439	1000	0.268000	0.268000	0.266571	
1000	0.263000	1.403439	1000	0.263000	0.263000	0.266564	
1000	0.228000	1.403439	1000	0.228000	0.228000	0.266489	
1000	0.241000	1.403439	1000	0.241000	0.241000	0.266439	
1000	0.252000	1.403439	1000	0.252000	0.252000	0.266411	
1000	0.238000	1.403439	1000	0.238000	0.238000	0.266357	
1000	0.265000	1.403439	1000	0.265000	0.265000	0.266354	
1000	0.256000	1.403439	1000	0.256000	0.256000	0.266334	
1000	0.271000	1.403439	1000	0.271000	0.271000	0.266343	
1000	0.305000	1.403439	1000	0.305000	0.305000	0.266417	
1000	0.224000	1.403439	1000	0.224000	0.224000	0.266336	
1000	0.261000	1.403439	1000	0.261000	0.261000	0.266326	
1000	0.287000	1.403439	1000	0.287000	0.287000	0.266365	
1000	0.289000	1.403439	1000	0.289000	0.289000	0.266408	
1000	0.331000	1.403439	1000	0.331000	0.331000	0.266531	
1000	0.291000	1.403439	1000	0.291000	0.291000	0.266577	
1000	0.279000	1.403439	1000	0.279000	0.279000	0.266601	
1000	0.276000	1.403439	1000	0.276000	0.276000	0.266618	
1000	0.248000	1.403439	1000	0.248000	0.248000	0.266583	
1000	0.251000	1.403439	1000	0.251000	0.251000	0.266554	
1000	0.272000	1.403439	1000	0.272000	0.272000	0.266564	
1000	0.260000	1.403439	1000	0.260000	0.260000	0.266552	
1000	0.268000	1.403439	1000	0.268000	0.268000	0.266555	
1000	0.276000	1.403439	1000	0.276000	0.276000	0.266572	
1000	0.239000	1.403439	1000	0.239000	0.239000	0.266521	
1000	0.239000	1.403439	1000	0.239000	0.239000	0.266470	
1000	0.249000	1.403439	1000	0.249000	0.249000	0.266437	
1000	0.246000	1.403439	1000	0.246000	0.246000	0.266400	
1000	0.244000	1.403439	1000	0.244000	0.244000	0.266358	
1000	0.249000	1.403439	1000	0.249000	0.249000	0.266326	
1000	0.277000	1.403439	1000	0.277000	0.277000	0.266346	
1000	0.268000	1.403439	1000	0.268000	0.268000	0.266349	
1000	0.215000	1.403439	1000	0.215000	0.215000	0.266255	
1000	0.263000	1.403439	1000	0.263000	0.263000	0.266249	
1000	0.224000	1.403439	1000	0.224000	0.224000	0.266171	
1000	0.229000	1.403439	1000	0.229000	0.229000	0.266104	
1000	0.228000	1.403439	1000	0.228000	0.228000	0.266034	
1000	0.286000	1.403439	1000	0.286000	0.286000	0.266070	
1000	0.227000	1.403439	1000	0.227000	0.227000	0.266000	
1000	0.245000	1.403439	1000	0.245000	0.245000	0.265961	
1000	0.235000	1.403439	1000	0.235000	0.235000	0.265905	
1000	0.230000	1.403439	1000	0.230000	0.230000	0.265841	
1000	0.256000	1.403439	1000	0.256000	0.256000	0.265823	
1000	0.251000	1.403439	1000	0.251000	0.251000	0.265796	
1000	0.279000	1.403439	1000	0.279000	0.279000	0.265820	
1000	0.312000	1.403439	1000	0.312000	0.312000	0.265903	
1000	0.272000	1.403439	1000	0.272000	0.272000	0.265914	
1000	0.240000	1.403439	1000	0.240000	0.240000	0.265867	
1000	0.256000	1.403439	1000	0.256000	0.256000	0.265850	
1000	0.230000	1.403439	1000	0.230000	0.230000	0.265786	
1000	0.271000	1.403439	1000	0.271000	0.271000	0.265795	
1000	0.267000	1.403439	1000	0.267000	0.267000	0.265797	
1000	0.229000	1.403439	1000	0.229000	0.229000	0.265732	
1000	0.261000	1.403439	1000	0.261000	0.261000	0.265724	
1000	0.226000	1.403439	1000	0.226000	0.226000	0.265654	
1000	0.318000	1.403439	1000	0.318000	0.318000	0.265746	
1000	0.308000	1.403439	1000	0.308000	0.308000	0.265820	
1000	0.269000	1.403439	1000	0.269000	0.269000	0.265826	
1000	0.310000	1.403439	1000	0.310000	0.310000	0.265903	
1000	0.323000	1.403439	1000	0.323000	0.323000	0.266003	
1000	0.271000	1.403439	1000	0.271000	0.271000	0.266012	
1000	0.287000	1.403439	1000	0.287000	0.287000	0.266048	
1000	0.290000	1.403439	1000	0.290000	0.290000	0.266090	
1000	0.314000	1.403439	1000	0.314000	0.314000	0.266173	
1000	0.327000	1.403439	1000	0.327000	0.327000	0.266279	
1000	0.326000	1.403439	1000	0.326000	0.326000	0.266382	
1000	0.270000	1.403439	1000	0.270000	0.270000	0.266388	
1000	0.281000	1.403439	1000	0.281000	0.281000	0.266413	
1000	0.229000	1.403439	1000	0.229000	0.229000	0.266349	
1000	0.256000	1.403439	1000	0.256000	0.256000	0.266331	
1000	0.297000	1.403439	1000	0.297000	0.297000	0.266384	
1000	0.246000	1.403439	1000	0.246000	0.246000	0.266349	
1000	0.224000	1.403439	1000	0.224000	0.224000	0.266276	
1000	0.263000	1.403439	1000	0.263000	0.263000	0.266271	
1000	0.253000	1.403439	1000	0.253000	0.253000	0.266248	
1000	0.204000	1.403439	1000	0.204000	0.204000	0.266142	
1000	0.259000	1.403439	1000	0.259000	0.259000	0.266130	
1000	0.308000	1.403439	1000	0.308000	0.308000	0.266201	
1000	0.222000	1.403439	1000	0.222000	0.222000	0.266126	
1000	0.291000	1.403439	1000	0.291000	0.291000	0.266168	
1000	0.315000	1.403439	1000	0.315000	0.315000	0.266251	
1000	0.311000	1.403439	1000	0.311000	0.311000	0.266326	
1000	0.247000	1.403439	1000	0.247000	0.247000	0.266294	
1000	0.236000	1.403439	1000	0.236000	0.236000	0.266243	
1000	0.286000	1.403439	1000	0.286000	0.286000	0.266276	
1000	0.299000	1.403439	1000	0.299000	0.299000	0.266331	
1000	0.248000	1.403439	1000	0.248000	0.248000	0.266300	
1000	0.238000	1.403439	1000	0.238000	0.238000	0.266253	
1000	0.334000	1.403439	1000	0.334000	0.334000	0.266366	
1000	0.267000	1.403439	1000	0.267000	0.267000	0.266367	
1000	0.272000	1.403439	1000	0.272000	0.272000	0.266376	
1000	0.210000	1.403439	1000	0.210000	0.210000	0.266283	
1000	0.266000	1.403439	1000	0.266000	0.266000	0.266282	
1000	0.253000	1.403439	1000	0.253000	0.253000	0.266260	
1000	0.268000	1.403439	1000	0.268000	0.268000	0.266263	
1000	0.253000	1.403439	1000	0.253000	0.253000	0.266241	
1000	0.307000	1.403439	1000	0.307000	0.307000	0.266308	
1000	0.277000	1.403439	1000	0.277000	0.277000	0.266326	
1000	0.274000	1.403439	1000	0.274000	0.274000	0.266338	
1000	0.231000	1.403439	1000	0.231000	0.231000	0.266281	
1000	0.229000	1.403439	1000	0.229000	0.229000	0.266220	
1000	0.240000	1.403439	1000	0.240000	0.240000	0.266177	
1000	0.253000	1.403439	1000	0.253000	0.253000	0.266156	
1000	0.266000	1.403439	1000	0.266000	0.266000	0.266155	
1000	0.257000	1.403439	1000	0.257000	0.257000	0.266141	
1000	0.200000	1.403439	1000	0.200000	0.200000	0.266034	
1000	0.250000	1.403439	1000	0.250000	0.250000	0.266008	
1000	0.225000	1.403439	1000	0.225000	0.225000	0.265942	
1000	0.260000	1.403439	1000	0.260000	0.260000	0.265932	
1000	0.235000	1.403439	1000	0.235000	0.235000	0.265882	
1000	0.270000	1.403439	1000	0.270000	0.270000	0.265889	
1000	0.258000	1.403439	1000	0.258000	0.258000	0.265876	
1000	0.217000	1.403439	1000	0.217000	0.217000	0.265798	
1000	0.285000	1.403439	1000	0.285000	0.285000	0.265829	
1000	0.254000	1.403439	1000	0.254000	0.254000	0.265810	
1000	0.249000	1.403439	1000	0.249000	0.249000	0.265783	
1000	0.242000	1.403439	1000	0.242000	0.242000	0.265745	
1000	0.275000	1.403439	1000	0.275000	0.275000	0.265760	
1000	0.299000	1.403439	1000	0.299000	0.299000	0.265813	
1000	0.215000	1.403439	1000	0.215000	0.215000	0.265732	
1000	0.259000	1.403439	1000	0.259000	0.259000	0.265722	
1000	0.245000	1.403439	1000	0.245000	0.245000	0.265689	
1000	0.236000	1.403439	1000	0.236000	0.236000	0.265642	
1000	0.255000	1.403439	1000	0.255000	0.255000	0.265625	
1000	0.249000	1.403439	1000	0.249000	0.249000	0.265599	
1000	0.262000	1.403439	1000	0.262000	0.262000	0.265594	
1000	0.293000	1.403439	1000	0.293000	0.293000	0.265637	
1000	0.267000	1.403439	1000	0.267000	0.267000	0.265639	
1000	0.258000	1.403439	1000	0.258000	0.258000	0.265627	
1000	0.300000	1.403439	1000	0.300000	0.300000	0.265680	
1000	0.262000	1.403439	1000	0.262000	0.262000	0.265675	
1000	0.296000	1.403439	1000	0.296000	0.296000	0.265722	
1000	0.233000	1.403439	1000	0.233000	0.233000	0.265671	
1000	0.276000	1.403439	1000	0.276000	0.276000	0.265687	
1000	0.247000	1.403439	1000	0.247000	0.247000	0.265658	
1000	0.261000	1.403439	1000	0.261000	0.261000	0.265651	
1000	0.258000	1.403439	1000	0.258000	0.258000	0.265639	
1000	0.230000	1.403439	1000	0.230000	0.230000	0.265584	
1000	0.255000	1.403439	1000	0.255000	0.255000	0.265568	
1000	0.254000	1.403439	1000	0.254000	0.254000	0.265550	
1000	0.245000	1.403439	1000	0.245000	0.245000	0.265519	
1000	0.224000	1.403439	1000	0.224000	0.224000	0.265455	
1000	0.242000	1.403439	1000	0.242000	0.242000	0.265419	
1000	0.279000	1.403439	1000	0.279000	0.279000	0.265440	
1000	0.313000	1.403439	1000	0.313000	0.313000	0.265513	
1000	0.249000	1.403439	1000	0.249000	0.249000	0.265487	
1000	0.295000	1.403439	1000	0.295000	0.295000	0.265532	
1000	0.294000	1.403439	1000	0.294000	0.294000	0.265575	
1000	0.266000	1.403439	1000	0.266000	0.266000	0.265576	
1000	0.253000	1.403439	1000	0.253000	0.253000	0.265557	
1000	0.259000	1.403439	1000	0.259000	0.259000	0.265547	
1000	0.245000	1.403439	1000	0.245000	0.245000	0.265516	
1000	0.237000	1.403439	1000	0.237000	0.237000	0.265473	
1000	0.260000	1.403439	1000	0.260000	0.260000	0.265465	
1000	0.304000	1.403439	1000	0.304000	0.304000	0.265523	
1000	0.284000	1.403439	1000	0.284000	0.284000	0.265551	
1000	0.294000	1.403439	1000	0.294000	0.294000	0.265593	
1000	0.277000	1.403439	1000	0.277000	0.277000	0.265610	
1000	0.263000	1.403439	1000	0.263000	0.263000	0.265606	
1000	0.240000	1.403439	1000	0.240000	0.240000	0.265568	
1000	0.282000	1.403439	1000	0.282000	0.282000	0.265592	
1000	0.272000	1.403439	1000	0.272000	0.272000	0.265602	
1000	0.277000	1.403439	1000	0.277000	0.277000	0.265619	
1000	0.226000	1.403439	1000	0.226000	0.226000	0.265560	
1000	0.267000	1.403439	1000	0.267000	0.267000	0.265562	
1000	0.251000	1.403439	1000	0.251000	0.251000	0.265541	
1000	0.253000	1.403439	1000	0.253000	0.253000	0.265522	
1000	0.269000	1.403439	1000	0.269000	0.269000	0.265528	
1000	0.242000	1.403439	1000	0.242000	0.242000	0.265493	
1000	0.277000	1.403439	1000	0.277000	0.277000	0.265510	
1000	0.241000	1.403439	1000	0.241000	0.241000	0.265474	
1000	0.259000	1.403439	1000	0.259000	0.259000	0.265465	
1000	0.235000	1.403439	1000	0.235000	0.235000	0.265420	
1000	0.264000	1.403439	1000	0.264000	0.264000	0.265418	
1000	0.266000	1.403439	1000	0.266000	0.266000	0.265419	
1000	0.273000	1.403439	1000	0.273000	0.273000	0.265430	
1000	0.235000	1.403439	1000	0.235000	0.235000	0.265386	
1000	0.286000	1.403439	1000	0.286000	0.286000	0.265416	
1000	0.294000	1.403439	1000	0.294000	0.294000	0.265457	
1000	0.273000	1.403439	1000	0.273000	0.273000	0.265468	
1000	0.306000	1.403439	1000	0.306000	0.306000	0.265526	
1000	0.300000	1.403439	1000	0.300000	0.300000	0.265576	
1000	0.269000	1.403439	1000	0.269000	0.269000	0.265581	
1000	0.280000	1.403439	1000	0.280000	0.280000	0.265602	
1000	0.246000	1.403439	1000	0.246000	0.246000	0.265574	
1000	0.248000	1.403439	1000	0.248000	0.248000	0.265548	
1000	0.264000	1.403439	1000	0.264000	0.264000	0.265546	
1000	0.278000	1.403439	1000	0.278000	0.278000	0.265564	
1000	0.279000	1.403439	1000	0.279000	0.279000	0.265583	
1000	0.244000	1.403439	1000	0.244000	0.244000	0.265552	
1000	0.247000	1.403439	1000	0.247000	0.247000	0.265526	
1000	0.273000	1.403439	1000	0.273000	0.273000	0.265537	
1000	0.279000	1.403439	1000	0.279000	0.279000	0.265556	
1000	0.268000	1.403439	1000	0.268000	0.268000	0.265559	
1000	0.336000	1.403439	1000	0.336000	0.336000	0.265659	
1000	0.245000	1.403439	1000	0.245000	0.245000	0.265630	
1000	0.284000	1.403439	1000	0.284000	0.284000	0.265655	
1000	0.272000	1.403439	1000	0.272000	0.272000	0.265664	
1000	0.245000	1.403439	1000	0.245000	0.245000	0.265635	
1000	0.266000	1.403439	1000	0.266000	0.266000	0.265636	
1000	0.263000	1.403439	1000	0.263000	0.263000	0.265632	
1000	0.257000	1.403439	1000	0.257000	0.257000	0.265620	
1000	0.258000	1.403439	1000	0.258000	0.258000	0.265609	
1000	0.267000	1.403439	1000	0.267000	0.267000	0.265611	
1000	0.235000	1.403439	1000	0.235000	0.235000	0.265569	
1000	0.266000	1.403439	1000	0.266000	0.266000	0.265569	
1000	0.248000	1.403439	1000	0.248000	0.248000	0.265545	
1000	0.292000	1.403439	1000	0.292000	0.292000	0.265582	
1000	0.312000	1.403439	1000	0.312000	0.312000	0.265646	
1000	0.272000	1.403439	1000	0.272000	0.272000	0.265655	
1000	0.269000	1.403439	1000	0.269000	0.269000	0.265659	
1000	0.266000	1.403439	1000	0.266000	0.266000	0.265660	
1000	0.229000	1.403439	1000	0.229000	0.229000	0.265609	
1000	0.252000	1.403439	1000	0.252000	0.252000	0.265591	
1000	0.273000	1.403439	1000	0.273000	0.273000	0.265601	
1000	0.306000	1.403439	1000	0.306000	0.306000	0.265656	
1000	0.296000	1.403439	1000	0.296000	0.296000	0.265698	
1000	0.261000	1.403439	1000	0.261000	0.261000	0.265691	
1000	0.291000	1.403439	1000	0.291000	0.291000	0.265726	
1000	0.248000	1.403439	1000	0.248000	0.248000	0.265702	
1000	0.256000	1.403439	1000	0.256000	0.256000	0.265689	
1000	0.255000	1.403439	1000	0.255000	0.255000	0.265674	
1000	0.248000	1.403439	1000	0.248000	0.248000	0.265650	
1000	0.300000	1.403439	1000	0.300000	0.300000	0.265697	
1000	0.272000	1.403439	1000	0.272000	0.272000	0.265705	
1000	0.250000	1.403439	1000	0.250000	0.250000	0.265684	
1000	0.241000	1.403439	1000	0.241000	0.241000	0.265651	
1000	0.280000	1.403439	1000	0.280000	0.280000	0.265670	
1000	0.252000	1.403439	1000	0.252000	0.252000	0.265651	
1000	0.252000	1.403439	1000	0.252000	0.252000	0.265633	
1000	0.228000	1.403439	1000	0.228000	0.228000	0.265582	
1000	0.217000	1.403439	1000	0.217000	0.217000	0.265517	
1000	0.303000	1.403439	1000	0.303000	0.303000	0.265567	
1000	0.249000	1.403439	1000	0.249000	0.249000	0.265545	
1000	0.256000	1.403439	1000	0.256000	0.256000	0.265532	
1000	0.231000	1.403439	1000	0.231000	0.231000	0.265486	
1000	0.249000	1.403439	1000	0.249000	0.249000	0.265464	
1000	0.260000	1.403439	1000	0.260000	0.260000	0.265457	
1000	0.266000	1.403439	1000	0.266000	0.266000	0.265458	
1000	0.252000	1.403439	1000	0.252000	0.252000	0.265440	
1000	0.235000	1.403439	1000	0.235000	0.235000	0.265399	
1000	0.223000	1.403439	1000	0.223000	0.223000	0.265343	
1000	0.227000	1.403439	1000	0.227000	0.227000	0.265292	
1000	0.267000	1.403439	1000	0.267000	0.267000	0.265295	
1000	0.290000	1.403439	1000	0.290000	0.290000	0.265327	
1000	0.214000	1.403439	1000	0.214000	0.214000	0.265260	
1000	0.247000	1.403439	1000	0.247000	0.247000	0.265235	
1000	0.260000	1.403439	1000	0.260000	0.260000	0.265229	
1000	0.241000	1.403439	1000	0.241000	0.241000	0.265197	
1000	0.298000	1.403439	1000	0.298000	0.298000	0.265240	
1000	0.260000	1.403439	1000	0.260000	0.260000	0.265233	
1000	0.226000	1.403439	1000	0.226000	0.226000	0.265182	
1000	0.248000	1.403439	1000	0.248000	0.248000	0.265159	
1000	0.280000	1.403439	1000	0.280000	0.280000	0.265179	
1000	0.296000	1.403439	1000	0.296000	0.296000	0.265219	
1000	0.239000	1.403439	1000	0.239000	0.239000	0.265185	
1000	0.223000	1.403439	1000	0.223000	0.223000	0.265130	
1000	0.240000	1.403439	1000	0.240000	0.240000	0.265097	
1000	0.253000	1.403439	1000	0.253000	0.253000	0.265081	
1000	0.240000	1.403439	1000	0.240000	0.240000	0.265049	
1000	0.299000	1.403439	1000	0.299000	0.299000	0.265093	
1000	0.337000	1.403439	1000	0.337000	0.337000	0.265186	
1000	0.292000	1.403439	1000	0.292000	0.292000	0.265220	
1000	0.235000	1.403439	1000	0.235000	0.235000	0.265181	
1000	0.324000	1.403439	1000	0.324000	0.324000	0.265257	
1000	0.253000	1.403439	1000	0.253000	0.253000	0.265241	
1000	0.283000	1.403439	1000	0.283000	0.283000	0.265264	
1000	0.245000	1.403439	1000	0.245000	0.245000	0.265238	
1000	0.245000	1.403439	1000	0.245000	0.245000	0.265212	
1000	0.293000	1.403439	1000	0.293000	0.293000	0.265248	
1000	0.310000	1.403439	1000	0.310000	0.310000	0.265305	
1000	0.309000	1.403439	1000	0.309000	0.309000	0.265361	
1000	0.308000	1.403439	1000	0.308000	0.308000	0.265415	
1000	0.250000	1.403439	1000	0.250000	0.250000	0.265395	
1000	0.307000	1.403439	1000	0.307000	0.307000	0.265448	
1000	0.326000	1.403439	1000	0.326000	0.326000	0.265525	
1000	0.321000	1.403439	1000	0.321000	0.321000	0.265595	
1000	0.331000	1.403439	1000	0.331000	0.331000	0.265678	
1000	0.299000	1.403439	1000	0.299000	0.299000	0.265720	
1000	0.261000	1.403439	1000	0.261000	0.261000	0.265714	
1000	0.238000	1.403439	1000	0.238000	0.238000	0.265679	
1000	0.261000	1.403439	1000	0.261000	0.261000	0.265673	
1000	0.244000	1.403439	1000	0.244000	0.244000	0.265646	
1000	0.275000	1.403439	1000	0.275000	0.275000	0.265658	
1000	0.252000	1.403439	1000	0.252000	0.252000	0.265641	
1000	0.210000	1.403439	1000	0.210000	0.210000	0.265571	
1000	0.255000	1.403439	1000	0.255000	0.255000	0.265558	
1000	0.236000	1.403439	1000	0.236000	0.236000	0.265521	
1000	0.283000	1.403439	1000	0.283000	0.283000	0.265543	
1000	0.274000	1.403439	1000	0.274000	0.274000	0.265553	
1000	0.314000	1.403439	1000	0.314000	0.314000	0.265614	
1000	0.283000	1.403439	1000	0.283000	0.283000	0.265635	
1000	0.295000	1.403439	1000	0.295000	0.295000	0.265672	
1000	0.252000	1.403439	1000	0.252000	0.252000	0.265655	
1000	0.329000	1.403439	1000	0.329000	0.329000	0.265733	
1000	0.292000	1.403439	1000	0.292000	0.292000	0.265766	
1000	0.254000	1.403439	1000	0.254000	0.254000	0.265751	
1000	0.271000	1.403439	1000	0.271000	0.271000	0.265758	
1000	0.250000	1.403439	1000	0.250000	0.250000	0.265738	
1000	0.258000	1.403439	1000	0.258000	0.258000	0.265729	
1000	0.277000	1.403439	1000	0.277000	0.277000	0.265743	
1000	0.272000	1.403439	1000	0.272000	0.272000	0.265750	
1000	0.296000	1.403439	1000	0.296000	0.296000	0.265787	
1000	0.302000	1.403439	1000	0.302000	0.302000	0.265832	
1000	0.262000	1.403439	1000	0.262000	0.262000	0.265827	
1000	0.232000	1.403439	1000	0.232000	0.232000	0.265786	
1000	0.271000	1.403439	1000	0.271000	0.271000	0.265792	
1000	0.235000	1.403439	1000	0.235000	0.235000	0.265755	
1000	0.275000	1.403439	1000	0.275000	0.275000	0.265766	
1000	0.310000	1.403439	1000	0.310000	0.310000	0.265820	
1000	0.274000	1.403439	1000	0.274000	0.274000	0.265830	
1000	0.249000	1.403439	1000	0.249000	0.249000	0.265809	
1000	0.249000	1.403439	1000	0.249000	0.249000	0.265789	
1000	0.271000	1.403439	1000	0.271000	0.271000	0.265795	
1000	0.252000	1.403439	1000	0.252000	0.252000	0.265778	
1000	0.259000	1.403439	1000	0.259000	0.259000	0.265770	
1000	0.278000	1.403439	1000	0.278000	0.278000	0.265785	
1000	0.259000	1.403439	1000	0.259000	0.259000	0.265777	
1000	0.271000	1.403439	1000	0.271000	0.271000	0.265783	
1000	0.230000	1.403439	1000	0.230000	0.230000	0.265740	
1000	0.264000	1.403439	1000	0.264000	0.264000	0.265738	
1000	0.276000	1.403439	1000	0.276000	0.276000	0.265750	
1000	0.272000	1.403439	1000	0.272000	0.272000	0.265758	
1000	0.266000	1.403439	1000	0.266000	0.266000	0.265758	
1000	0.239000	1.403439	1000	0.239000	0.239000	0.265726	
1000	0.250000	1.403439	1000	0.250000	0.250000	0.265707	
1000	0.252000	1.403439	1000	0.252000	0.252000	0.265691	
1000	0.275000	1.403439	1000	0.275000	0.275000	0.265702	
1000	0.303000	1.403439	1000	0.303000	0.303000	0.265746	
1000	0.270000	1.403439	1000	0.270000	0.270000	0.265751	
1000	0.253000	1.403439	1000	0.253000	0.253000	0.265736	
1000	0.244000	1.403439	1000	0.244000	0.244000	0.265711	
1000	0.268000	1.403439	1000	0.268000	0.268000	0.265713	
1000	0.251000	1.403439	1000	0.251000	0.251000	0.265696	
1000	0.247000	1.403439	1000	0.247000	0.247000	0.265674	
1000	0.257000	1.403439	1000	0.257000	0.257000	0.265664	
1000	0.323000	1.403439	1000	0.323000	0.323000	0.265731	
1000	0.265000	1.403439	1000	0.265000	0.265000	0.265730	
1000	0.231000	1.403439	1000	0.231000	0.231000	0.265689	
1000	0.240000	1.403439	1000	0.240000	0.240000	0.265659	
1000	0.245000	1.403439	1000	0.245000	0.245000	0.265635	
1000	0.260000	1.403439	1000	0.260000	0.260000	0.265628	
1000	0.272000	1.403439	1000	0.272000	0.272000	0.265636	
1000	0.265000	1.403439	1000	0.265000	0.265000	0.265635	
1000	0.250000	1.403439	1000	0.250000	0.250000	0.265617	
1000	0.252000	1.403439	1000	0.252000	0.252000	0.265601	
1000	0.313000	1.403439	1000	0.313000	0.313000	0.265656	
1000	0.289000	1.403439	1000	0.289000	0.289000	0.265683	
1000	0.233000	1.403439	1000	0.233000	0.233000	0.265645	
1000	0.260000	1.403439	1000	0.260000	0.260000	0.265639	
1000	0.260000	1.403439	1000	0.260000	0.260000	0.265632	
1000	0.286000	1.403439	1000	0.286000	0.286000	0.265656	
1000	0.264000	1.403439	1000	0.264000	0.264000	0.265654	
1000	0.284000	1.403439	1000	0.284000	0.284000	0.265675	
1000	0.279000	1.403439	1000	0.279000	0.279000	0.265691	
1000	0.297000	1.403439	1000	0.297000	0.297000	0.265727	
1000	0.310000	1.403439	1000	0.310000	0.310000	0.265778	
1000	0.258000	1.403439	1000	0.258000	0.258000	0.265769	
1000	0.267000	1.403439	1000	0.267000	0.267000	0.265770	
1000	0.274000	1.403439	1000	0.274000	0.274000	0.265780	
1000	0.288000	1.403439	1000	0.288000	0.288000	0.265805	
1000	0.237000	1.403439	1000	0.237000	0.237000	0.265772	
1000	0.247000	1.403439	1000	0.247000	0.247000	0.265751	
1000	0.231000	1.403439	1000	0.231000	0.231000	0.265711	
1000	0.252000	1.403439	1000	0.252000	0.252000	0.265695	
1000	0.264000	1.403439	1000	0.264000	0.264000	0.265693	
1000	0.239000	1.403439	1000	0.239000	0.239000	0.265663	
1000	0.240000	1.403439	1000	0.240000	0.240000	0.265634	
1000	0.313000	1.403439	1000	0.313000	0.313000	0.265688	
1000	0.301000	1.403439	1000	0.301000	0.301000	0.265728	
1000	0.265000	1.403439	1000	0.265000	0.265000	0.265727	
1000	0.250000	1.403439	1000	0.250000	0.250000	0.265709	
1000	0.289000	1.403439	1000	0.289000	0.289000	0.265735	
1000	0.278000	1.403439	1000	0.278000	0.278000	0.265749	
1000	0.291000	1.403439	1000	0.291000	0.291000	0.265778	
1000	0.262000	1.403439	1000	0.262000	0.262000	0.265773	
1000	0.277000	1.403439	1000	0.277000	0.277000	0.265786	
1000	0.307000	1.403439	1000	0.307000	0.307000	0.265832	
1000	0.283000	1.403439	1000	0.283000	0.283000	0.265852	
1000	0.275000	1.403439	1000	0.275000	0.275000	0.265862	
1000	0.272000	1.403439	1000	0.272000	0.272000	0.265869	
1000	0.254000	1.403439	1000	0.254000	0.254000	0.265855	
1000	0.246000	1.403439	1000	0.246000	0.246000	0.265833	
1000	0.270000	1.403439	1000	0.270000	0.270000	0.265838	
1000	0.260000	1.403439	1000	0.260000	0.260000	0.265831	
1000	0.275000	1.403439	1000	0.275000	0.275000	0.265842	
1000	0.276000	1.403439	1000	0.276000	0.276000	0.265853	
1000	0.266000	1.403439	1000	0.266000	0.266000	0.265853	
1000	0.244000	1.403439	1000	0.244000	0.244000	0.265829	
1000	0.266000	1.403439	1000	0.266000	0.266000	0.265829	
1000	0.270000	1.403439	1000	0.270000	0.270000	0.265834	
1000	0.265000	1.403439	1000	0.265000	0.265000	0.265833	
1000	0.249000	1.403439	1000	0.249000	0.249000	0.265814	
1000	0.264000	1.403439	1000	0.264000	0.264000	0.265812	
1000	0.228000	1.403439	1000	0.228000	0.228000	0.265770	
1000	0.246000	1.403439	1000	0.246000	0.246000	0.265749	
1000	0.253000	1.403439	1000	0.253000	0.253000	0.265735	
1000	0.252000	1.403439	1000	0.252000	0.252000	0.265719	
1000	0.284000	1.403439	1000	0.284000	0.284000	0.265740	
1000	0.254000	1.403439	1000	0.254000	0.254000	0.265727	
1000	0.306000	1.403439	1000	0.306000	0.306000	0.265771	
1000	0.297000	1.403439	1000	0.297000	0.297000	0.265805	
1000	0.244000	1.403439	1000	0.244000	0.244000	0.265781	
1000	0.269000	1.403439	1000	0.269000	0.269000	0.265785	
1000	0.303000	1.403439	1000	0.303000	0.303000	0.265825	
1000	0.277000	1.403439	1000	0.277000	0.277000	0.265837	
1000	0.276000	1.403439	1000	0.276000	0.276000	0.265848	
1000	0.244000	1.403439	1000	0.244000	0.244000	0.265825	
1000	0.233000	1.403439	1000	0.233000	0.233000	0.265789	
1000	0.273000	1.403439	1000	0.273000	0.273000	0.265797	
1000	0.255000	1.403439	1000	0.255000	0.255000	0.265785	
1000	0.261000	1.403439	1000	0.261000	0.261000	0.265780	
1000	0.298000	1.403439	1000	0.298000	0.298000	0.265815	
1000	0.295000	1.403439	1000	0.295000	0.295000	0.265846	
1000	0.233000	1.403439	1000	0.233000	0.233000	0.265811	
1000	0.259000	1.403439	1000	0.259000	0.259000	0.265804	
1000	0.280000	1.403439	1000	0.280000	0.280000	0.265819	
1000	0.230000	1.403439	1000	0.230000	0.230000	0.265780	
1000	0.242000	1.403439	1000	0.242000	0.242000	0.265755	
1000	0.236000	1.403439	1000	0.236000	0.236000	0.265723	
1000	0.247000	1.403439	1000	0.247000	0.247000	0.265703	
1000	0.267000	1.403439	1000	0.267000	0.267000	0.265704	
1000	0.323000	1.403439	1000	0.323000	0.323000	0.265765	
1000	0.293000	1.403439	1000	0.293000	0.293000	0.265795	
1000	0.302000	1.403439	1000	0.302000	0.302000	0.265833	
1000	0.256000	1.403439	1000	0.256000	0.256000	0.265823	
1000	0.287000	1.403439	1000	0.287000	0.287000	0.265845	
1000	0.287000	1.403439	1000	0.287000	0.287000	0.265868	
1000	0.317000	1.403439	1000	0.317000	0.317000	0.265922	
1000	0.324000	1.403439	1000	0.324000	0.324000	0.265984	
1000	0.297000	1.403439	1000	0.297000	0.297000	0.266017	
1000	0.306000	1.403439	1000	0.306000	0.306000	0.266059	
1000	0.250000	1.403439	1000	0.250000	0.250000	0.266042	
1000	0.219000	1.403439	1000	0.219000	0.219000	0.265992	
1000	0.251000	1.403439	1000	0.251000	0.251000	0.265976	
1000	0.309000	1.403439	1000	0.309000	0.309000	0.266022	
1000	0.274000	1.403439	1000	0.274000	0.274000	0.266030	
1000	0.281000	1.403439	1000	0.281000	0.281000	0.266046	
1000	0.283000	1.403439	1000	0.283000	0.283000	0.266064	
1000	0.252000	1.403439	1000	0.252000	0.252000	0.266049	
1000	0.282000	1.403439	1000	0.282000	0.282000	0.266066	
1000	0.230000	1.403439	1000	0.230000	0.230000	0.266028	
1000	0.255000	1.403439	1000	0.255000	0.255000	0.266016	
1000	0.267000	1.403439	1000	0.267000	0.267000	0.266018	
1000	0.264000	1.403439	1000	0.264000	0.264000	0.266015	
1000	0.235000	1.403439	1000	0.235000	0.235000	0.265983	
1000	0.294000	1.403439	1000	0.294000	0.294000	0.266012	
1000	0.250000	1.403439	1000	0.250000	0.250000	0.265996	
1000	0.236000	1.403439	1000	0.236000	0.236000	0.265964	
1000	0.238000	1.403439	1000	0.238000	0.238000	0.265935	
1000	0.261000	1.403439	1000	0.261000	0.261000	0.265930	
1000	0.272000	1.403439	1000	0.272000	0.272000	0.265936	
1000	0.279000	1.403439	1000	0.279000	0.279000	0.265950	
1000	0.258000	1.403439	1000	0.258000	0.258000	0.265942	
1000	0.243000	1.403439	1000	0.243000	0.243000	0.265918	
1000	0.216000	1.403439	1000	0.216000	0.216000	0.265866	
1000	0.247000	1.403439	1000	0.247000	0.247000	0.265847	
1000	0.247000	1.403439	1000	0.247000	0.247000	0.265828	
1000	0.250000	1.403439	1000	0.250000	0.250000	0.265811	
1000	0.287000	1.403439	1000	0.287000	0.287000	0.265833	
1000	0.288000	1.403439	1000	0.288000	0.288000	0.265856	
1000	0.253000	1.403439	1000	0.253000	0.253000	0.265843	
1000	0.306000	1.403439	1000	0.306000	0.306000	0.265884	
1000	0.317000	1.403439	1000	0.317000	0.317000	0.265936	
1000	0.252000	1.403439	1000	0.252000	0.252000	0.265922	
1000	0.253000	1.403439	1000	0.253000	0.253000	0.265909	
1000	0.259000	1.403439	1000	0.259000	0.259000	0.265902	
1000	0.229000	1.403439	1000	0.229000	0.229000	0.265864	
1000	0.240000	1.403439	1000	0.240000	0.240000	0.265838	
1000	0.256000	1.403439	1000	0.256000	0.256000	0.265828	
1000	0.253000	1.403439	1000	0.253000	0.253000	0.265815	
1000	0.270000	1.403439	1000	0.270000	0.270000	0.265819	
1000	0.313000	1.403439	1000	0.313000	0.313000	0.265867	
1000	0.281000	1.403439	1000	0.281000	0.281000	0.265882	
1000	0.235000	1.403439	1000	0.235000	0.235000	0.265851	
1000	0.233000	1.403439	1000	0.233000	0.233000	0.265818	
1000	0.237000	1.403439	1000	0.237000	0.237000	0.265788	
1000	0.255000	1.403439	1000	0.255000	0.255000	0.265778	
1000	0.257000	1.403439	1000	0.257000	0.257000	0.265769	
1000	0.227000	1.403439	1000	0.227000	0.227000	0.265730	
1000	0.275000	1.403439	1000	0.275000	0.275000	0.265739	
1000	0.319000	1.403439	1000	0.319000	0.319000	0.265792	
1000	0.254000	1.403439	1000	0.254000	0.254000	0.265781	
1000	0.280000	1.403439	1000	0.280000	0.280000	0.265795	
1000	0.244000	1.403439	1000	0.244000	0.244000	0.265773	
1000	0.286000	1.403439	1000	0.286000	0.286000	0.265793	
1000	0.306000	1.403439	1000	0.306000	0.306000	0.265834	
1000	0.278000	1.403439	1000	0.278000	0.278000	0.265846	
1000	0.286000	1.403439	1000	0.286000	0.286000	0.265866	
1000	0.220000	1.403439	1000	0.220000	0.220000	0.265820	
1000	0.271000	1.403439	1000	0.271000	0.271000	0.265825	
1000	0.221000	1.403439	1000	0.221000	0.221000	0.265781	
1000	0.213000	1.403439	1000	0.213000	0.213000	0.265728	
1000	0.256000	1.403439	1000	0.256000	0.256000	0.265718	
1000	0.275000	1.403439	1000	0.275000	0.275000	0.265728	
1000	0.292000	1.403439	1000	0.292000	0.292000	0.265754	
1000	0.251000	1.403439	1000	0.251000	0.251000	0.265739	
1000	0.266000	1.403439	1000	0.266000	0.266000	0.265739	
