Default schedule
Rate	100.00
Rate Tried	% Accepted	Rates - Dev	Rates - Tried	Rates - Accepted	Sample Ave Acceptance	Total Ave Acceptance	
1000	0.359000	0.848098	1000	0.359000	0.359000	0.251704	
1000	0.375000	0.848098	1000	0.375000	0.375000	0.261978	
1000	0.353000	0.848098	1000	0.353000	0.353000	0.268979	
1000	0.360000	0.848098	1000	0.360000	0.360000	0.275480	
1000	0.348000	0.848098	1000	0.348000	0.348000	0.280315	
1000	0.379000	0.848098	1000	0.379000	0.379000	0.286482	
1000	0.387000	0.848098	1000	0.387000	0.387000	0.292395	
1000	0.365000	0.848098	1000	0.365000	0.365000	0.296428	
1000	0.384000	0.848098	1000	0.384000	0.384000	0.301037	
1000	0.377000	0.848098	1000	0.377000	0.377000	0.304835	
1000	0.373000	0.848098	1000	0.373000	0.373000	0.308081	
1000	0.335000	0.848098	1000	0.335000	0.335000	0.309304	
1000	0.410000	0.848098	1000	0.410000	0.410000	0.313682	
1000	0.200000	1.429435	1000	0.200000	0.200000	0.308945	
1000	0.172000	1.429435	1000	0.172000	0.172000	0.303468	
1000	0.187000	1.300867	1000	0.187000	0.187000	0.298989	
1000	0.475000	0.694403	1000	0.475000	0.475000	0.305507	
1000	0.438000	0.762603	1000	0.438000	0.438000	0.310239	
1000	0.318000	1.067972	1000	0.318000	0.318000	0.310507	
1000	0.303000	1.067972	1000	0.303000	0.303000	0.310256	
1000	0.289000	1.067972	1000	0.289000	0.289000	0.309571	
1000	0.289000	1.067972	1000	0.289000	0.289000	0.308928	
1000	0.282000	1.067972	1000	0.282000	0.282000	0.308112	
1000	0.270000	1.067972	1000	0.270000	0.270000	0.306991	
1000	0.270000	1.067972	1000	0.270000	0.270000	0.305934	
1000	0.255000	1.067972	1000	0.255000	0.255000	0.304519	
1000	0.311000	1.067972	1000	0.311000	0.311000	0.304694	
1000	0.266000	1.067972	1000	0.266000	0.266000	0.303676	
1000	0.290000	1.067972	1000	0.290000	0.290000	0.303326	
1000	0.287000	1.067972	1000	0.287000	0.287000	0.302917	
1000	0.279000	1.067972	1000	0.279000	0.279000	0.302334	
1000	0.304000	1.067972	1000	0.304000	0.304000	0.302374	
1000	0.275000	1.067972	1000	0.275000	0.275000	0.301737	
1000	0.279000	1.067972	1000	0.279000	0.279000	0.301220	
1000	0.326000	1.067972	1000	0.326000	0.326000	0.301771	
1000	0.266000	1.067972	1000	0.266000	0.266000	0.300993	
1000	0.275000	1.067972	1000	0.275000	0.275000	0.300440	
1000	0.315000	1.067972	1000	0.315000	0.315000	0.300744	
1000	0.269000	1.067972	1000	0.269000	0.269000	0.300096	
1000	0.310000	1.067972	1000	0.310000	0.310000	0.300294	
1000	0.275000	1.067972	1000	0.275000	0.275000	0.299798	
1000	0.281000	1.067972	1000	0.281000	0.281000	0.299437	
1000	0.275000	1.067972	1000	0.275000	0.275000	0.298975	
1000	0.278000	1.067972	1000	0.278000	0.278000	0.298587	
1000	0.269000	1.067972	1000	0.269000	0.269000	0.298049	
1000	0.295000	1.067972	1000	0.295000	0.295000	0.297995	
1000	0.313000	1.067972	1000	0.313000	0.313000	0.298258	
1000	0.284000	1.067972	1000	0.284000	0.284000	0.298012	
1000	0.281000	1.067972	1000	0.281000	0.281000	0.297724	
1000	0.295000	1.067972	1000	0.295000	0.295000	0.297678	
1000	0.290000	1.067972	1000	0.290000	0.290000	0.297552	
1000	0.285000	1.067972	1000	0.285000	0.285000	0.297350	
1000	0.281000	1.067972	1000	0.281000	0.281000	0.297091	
1000	0.291000	1.067972	1000	0.291000	0.291000	0.296995	
1000	0.257000	1.067972	1000	0.257000	0.257000	0.296380	
1000	0.283000	1.067972	1000	0.283000	0.283000	0.296177	
1000	0.295000	1.067972	1000	0.295000	0.295000	0.296160	
1000	0.277000	1.067972	1000	0.277000	0.277000	0.295878	
1000	0.284000	1.067972	1000	0.284000	0.284000	0.295706	
1000	0.267000	1.067972	1000	0.267000	0.267000	0.295296	
1000	0.281000	1.067972	1000	0.281000	0.281000	0.295094	
1000	0.285000	1.067972	1000	0.285000	0.285000	0.294954	
1000	0.289000	1.067972	1000	0.289000	0.289000	0.294873	
1000	0.295000	1.067972	1000	0.295000	0.295000	0.294874	
1000	0.275000	1.067972	1000	0.275000	0.275000	0.294609	
1000	0.295000	1.067972	1000	0.295000	0.295000	0.294615	
1000	0.296000	1.067972	1000	0.296000	0.296000	0.294633	
1000	0.319000	1.067972	1000	0.319000	0.319000	0.294945	
1000	0.240000	1.067972	1000	0.240000	0.240000	0.294249	
1000	0.277000	1.067972	1000	0.277000	0.277000	0.294034	
1000	0.272000	1.067972	1000	0.272000	0.272000	0.293762	
1000	0.308000	1.067972	1000	0.308000	0.308000	0.293935	
1000	0.283000	1.067972	1000	0.283000	0.283000	0.293804	
1000	0.298000	1.067972	1000	0.298000	0.298000	0.293854	
1000	0.292000	1.067972	1000	0.292000	0.292000	0.293832	
1000	0.286000	1.067972	1000	0.286000	0.286000	0.293741	
1000	0.261000	1.067972	1000	0.261000	0.261000	0.293364	
1000	0.314000	1.067972	1000	0.314000	0.314000	0.293599	
1000	0.282000	1.067972	1000	0.282000	0.282000	0.293469	
1000	0.290000	1.067972	1000	0.290000	0.290000	0.293430	
1000	0.286000	1.067972	1000	0.286000	0.286000	0.293348	
1000	0.313000	1.067972	1000	0.313000	0.313000	0.293562	
1000	0.272000	1.067972	1000	0.272000	0.272000	0.293330	
1000	0.307000	1.067972	1000	0.307000	0.307000	0.293476	
1000	0.345000	1.067972	1000	0.345000	0.345000	0.294018	
1000	0.306000	1.067972	1000	0.306000	0.306000	0.294143	
1000	0.291000	1.067972	1000	0.291000	0.291000	0.294110	
1000	0.286000	1.067972	1000	0.286000	0.286000	0.294028	
1000	0.310000	1.067972	1000	0.310000	0.310000	0.294189	
1000	0.284000	1.067972	1000	0.284000	0.284000	0.294087	
1000	0.283000	1.067972	1000	0.283000	0.283000	0.293977	
1000	0.265000	1.067972	1000	0.265000	0.265000	0.293693	
1000	0.268000	1.067972	1000	0.268000	0.268000	0.293444	
1000	0.326000	1.067972	1000	0.326000	0.326000	0.293757	
1000	0.332000	1.067972	1000	0.332000	0.332000	0.294121	
1000	0.269000	1.067972	1000	0.269000	0.269000	0.293884	
1000	0.293000	1.067972	1000	0.293000	0.293000	0.293876	
1000	0.255000	1.067972	1000	0.255000	0.255000	0.293516	
1000	0.314000	1.067972	1000	0.314000	0.314000	0.293704	
1000	0.266000	1.067972	1000	0.266000	0.266000	0.293452	
1000	0.271000	1.067972	1000	0.271000	0.271000	0.293250	
1000	0.265000	1.067972	1000	0.265000	0.265000	0.292997	
1000	0.265000	1.067972	1000	0.265000	0.265000	0.292750	
1000	0.308000	1.067972	1000	0.308000	0.308000	0.292883	
1000	0.274000	1.067972	1000	0.274000	0.274000	0.292719	
1000	0.326000	1.067972	1000	0.326000	0.326000	0.293006	
1000	0.263000	1.067972	1000	0.263000	0.263000	0.292750	
1000	0.281000	1.067972	1000	0.281000	0.281000	0.292650	
1000	0.309000	1.067972	1000	0.309000	0.309000	0.292787	
1000	0.304000	1.067972	1000	0.304000	0.304000	0.292881	
1000	0.304000	1.067972	1000	0.304000	0.304000	0.292973	
1000	0.304000	1.067972	1000	0.304000	0.304000	0.293063	
1000	0.302000	1.067972	1000	0.302000	0.302000	0.293136	
1000	0.287000	1.067972	1000	0.287000	0.287000	0.293086	
1000	0.337000	1.067972	1000	0.337000	0.337000	0.293438	
1000	0.305000	1.067972	1000	0.305000	0.305000	0.293529	
1000	0.284000	1.067972	1000	0.284000	0.284000	0.293454	
1000	0.278000	1.067972	1000	0.278000	0.278000	0.293334	
1000	0.291000	1.067972	1000	0.291000	0.291000	0.293316	
1000	0.292000	1.067972	1000	0.292000	0.292000	0.293305	
1000	0.296000	1.067972	1000	0.296000	0.296000	0.293326	
1000	0.273000	1.067972	1000	0.273000	0.273000	0.293172	
1000	0.285000	1.067972	1000	0.285000	0.285000	0.293111	
1000	0.301000	1.067972	1000	0.301000	0.301000	0.293169	
1000	0.272000	1.067972	1000	0.272000	0.272000	0.293013	
1000	0.272000	1.067972	1000	0.272000	0.272000	0.292858	
1000	0.268000	1.067972	1000	0.268000	0.268000	0.292677	
1000	0.292000	1.067972	1000	0.292000	0.292000	0.292672	
1000	0.284000	1.067972	1000	0.284000	0.284000	0.292609	
1000	0.270000	1.067972	1000	0.270000	0.270000	0.292448	
1000	0.284000	1.067972	1000	0.284000	0.284000	0.292388	
1000	0.318000	1.067972	1000	0.318000	0.318000	0.292568	
1000	0.313000	1.067972	1000	0.313000	0.313000	0.292711	
1000	0.263000	1.067972	1000	0.263000	0.263000	0.292505	
1000	0.349000	1.067972	1000	0.349000	0.349000	0.292895	
1000	0.277000	1.067972	1000	0.277000	0.277000	0.292786	
1000	0.284000	1.067972	1000	0.284000	0.284000	0.292726	
1000	0.238000	1.067972	1000	0.238000	0.238000	0.292356	
1000	0.281000	1.067972	1000	0.281000	0.281000	0.292280	
1000	0.270000	1.067972	1000	0.270000	0.270000	0.292131	
1000	0.259000	1.067972	1000	0.259000	0.259000	0.291912	
1000	0.327000	1.067972	1000	0.327000	0.327000	0.292143	
1000	0.281000	1.067972	1000	0.281000	0.281000	0.292070	
1000	0.292000	1.067972	1000	0.292000	0.292000	0.292070	
1000	0.307000	1.067972	1000	0.307000	0.307000	0.292166	
1000	0.294000	1.067972	1000	0.294000	0.294000	0.292178	
1000	0.304000	1.067972	1000	0.304000	0.304000	0.292253	
1000	0.288000	1.067972	1000	0.288000	0.288000	0.292226	
1000	0.376000	1.067972	1000	0.376000	0.376000	0.292753	
1000	0.266000	1.067972	1000	0.266000	0.266000	0.292586	
1000	0.269000	1.067972	1000	0.269000	0.269000	0.292439	
1000	0.277000	1.067972	1000	0.277000	0.277000	0.292344	
1000	0.279000	1.067972	1000	0.279000	0.279000	0.292262	
1000	0.287000	1.067972	1000	0.287000	0.287000	0.292230	
1000	0.299000	1.067972	1000	0.299000	0.299000	0.292271	
1000	0.271000	1.067972	1000	0.271000	0.271000	0.292143	
1000	0.279000	1.067972	1000	0.279000	0.279000	0.292064	
1000	0.299000	1.067972	1000	0.299000	0.299000	0.292105	
1000	0.280000	1.067972	1000	0.280000	0.280000	0.292034	
1000	0.293000	1.067972	1000	0.293000	0.293000	0.292039	
1000	0.309000	1.067972	1000	0.309000	0.309000	0.292139	
1000	0.306000	1.067972	1000	0.306000	0.306000	0.292219	
1000	0.344000	1.067972	1000	0.344000	0.344000	0.292519	
1000	0.311000	1.067972	1000	0.311000	0.311000	0.292625	
1000	0.304000	1.067972	1000	0.304000	0.304000	0.292690	
1000	0.246000	1.067972	1000	0.246000	0.246000	0.292424	
1000	0.247000	1.067972	1000	0.247000	0.247000	0.292168	
1000	0.274000	1.067972	1000	0.274000	0.274000	0.292066	
1000	0.238000	1.067972	1000	0.238000	0.238000	0.291764	
1000	0.319000	1.067972	1000	0.319000	0.319000	0.291915	
1000	0.294000	1.067972	1000	0.294000	0.294000	0.291927	
1000	0.258000	1.067972	1000	0.258000	0.258000	0.291740	
1000	0.253000	1.067972	1000	0.253000	0.253000	0.291528	
1000	0.257000	1.067972	1000	0.257000	0.257000	0.291341	
1000	0.282000	1.067972	1000	0.282000	0.282000	0.291290	
1000	0.280000	1.067972	1000	0.280000	0.280000	0.291230	
1000	0.263000	1.067972	1000	0.263000	0.263000	0.291079	
1000	0.273000	1.067972	1000	0.273000	0.273000	0.290982	
1000	0.276000	1.067972	1000	0.276000	0.276000	0.290903	
1000	0.287000	1.067972	1000	0.287000	0.287000	0.290883	
1000	0.322000	1.067972	1000	0.322000	0.322000	0.291046	
1000	0.299000	1.067972	1000	0.299000	0.299000	0.291087	
1000	0.303000	1.067972	1000	0.303000	0.303000	0.291149	
1000	0.289000	1.067972	1000	0.289000	0.289000	0.291138	
1000	0.309000	1.067972	1000	0.309000	0.309000	0.291229	
1000	0.326000	1.067972	1000	0.326000	0.326000	0.291407	
1000	0.282000	1.067972	1000	0.282000	0.282000	0.291359	
1000	0.300000	1.067972	1000	0.300000	0.300000	0.291403	
1000	0.290000	1.067972	1000	0.290000	0.290000	0.291396	
1000	0.283000	1.067972	1000	0.283000	0.283000	0.291354	
1000	0.294000	1.067972	1000	0.294000	0.294000	0.291367	
1000	0.280000	1.067972	1000	0.280000	0.280000	0.291310	
1000	0.304000	1.067972	1000	0.304000	0.304000	0.291373	
1000	0.301000	1.067972	1000	0.301000	0.301000	0.291420	
1000	0.298000	1.067972	1000	0.298000	0.298000	0.291452	
1000	0.336000	1.067972	1000	0.336000	0.336000	0.291668	
1000	0.311000	1.067972	1000	0.311000	0.311000	0.291762	
1000	0.293000	1.067972	1000	0.293000	0.293000	0.291768	
1000	0.307000	1.067972	1000	0.307000	0.307000	0.291841	
1000	0.316000	1.067972	1000	0.316000	0.316000	0.291956	
1000	0.294000	1.067972	1000	0.294000	0.294000	0.291965	
1000	0.283000	1.067972	1000	0.283000	0.283000	0.291923	
1000	0.272000	1.067972	1000	0.272000	0.272000	0.291830	
1000	0.309000	1.067972	1000	0.309000	0.309000	0.291910	
1000	0.308000	1.067972	1000	0.308000	0.308000	0.291985	
1000	0.279000	1.067972	1000	0.279000	0.279000	0.291925	
1000	0.277000	1.067972	1000	0.277000	0.277000	0.291856	
1000	0.300000	1.067972	1000	0.300000	0.300000	0.291893	
1000	0.270000	1.067972	1000	0.270000	0.270000	0.291793	
1000	0.286000	1.067972	1000	0.286000	0.286000	0.291767	
1000	0.298000	1.067972	1000	0.298000	0.298000	0.291795	
1000	0.282000	1.067972	1000	0.282000	0.282000	0.291751	
1000	0.283000	1.067972	1000	0.283000	0.283000	0.291712	
1000	0.312000	1.067972	1000	0.312000	0.312000	0.291802	
1000	0.284000	1.067972	1000	0.284000	0.284000	0.291768	
1000	0.291000	1.067972	1000	0.291000	0.291000	0.291764	
1000	0.266000	1.067972	1000	0.266000	0.266000	0.291651	
1000	0.307000	1.067972	1000	0.307000	0.307000	0.291718	
1000	0.280000	1.067972	1000	0.280000	0.280000	0.291667	
1000	0.273000	1.067972	1000	0.273000	0.273000	0.291586	
1000	0.282000	1.067972	1000	0.282000	0.282000	0.291544	
1000	0.307000	1.067972	1000	0.307000	0.307000	0.291611	
1000	0.280000	1.067972	1000	0.280000	0.280000	0.291561	
1000	0.282000	1.067972	1000	0.282000	0.282000	0.291520	
1000	0.278000	1.067972	1000	0.278000	0.278000	0.291463	
1000	0.322000	1.067972	1000	0.322000	0.322000	0.291592	
1000	0.249000	1.067972	1000	0.249000	0.249000	0.291412	
1000	0.280000	1.067972	1000	0.280000	0.280000	0.291364	
1000	0.266000	1.067972	1000	0.266000	0.266000	0.291258	
1000	0.273000	1.067972	1000	0.273000	0.273000	0.291182	
1000	0.296000	1.067972	1000	0.296000	0.296000	0.291202	
1000	0.259000	1.067972	1000	0.259000	0.259000	0.291069	
1000	0.299000	1.067972	1000	0.299000	0.299000	0.291102	
1000	0.270000	1.067972	1000	0.270000	0.270000	0.291015	
1000	0.272000	1.067972	1000	0.272000	0.272000	0.290938	
1000	0.268000	1.067972	1000	0.268000	0.268000	0.290844	
1000	0.299000	1.067972	1000	0.299000	0.299000	0.290877	
1000	0.274000	1.067972	1000	0.274000	0.274000	0.290809	
1000	0.335000	1.067972	1000	0.335000	0.335000	0.290987	
1000	0.371000	1.067972	1000	0.371000	0.371000	0.291307	
1000	0.276000	1.067972	1000	0.276000	0.276000	0.291246	
1000	0.335000	1.067972	1000	0.335000	0.335000	0.291419	
1000	0.278000	1.067972	1000	0.278000	0.278000	0.291366	
1000	0.285000	1.067972	1000	0.285000	0.285000	0.291341	
1000	0.250000	1.067972	1000	0.250000	0.250000	0.291179	
1000	0.280000	1.067972	1000	0.280000	0.280000	0.291136	
1000	0.331000	1.067972	1000	0.331000	0.331000	0.291291	
1000	0.256000	1.067972	1000	0.256000	0.256000	0.291154	
1000	0.285000	1.067972	1000	0.285000	0.285000	0.291130	
1000	0.292000	1.067972	1000	0.292000	0.292000	0.291133	
1000	0.292000	1.067972	1000	0.292000	0.292000	0.291137	
1000	0.274000	1.067972	1000	0.274000	0.274000	0.291071	
1000	0.302000	1.067972	1000	0.302000	0.302000	0.291113	
1000	0.298000	1.067972	1000	0.298000	0.298000	0.291139	
1000	0.315000	1.067972	1000	0.315000	0.315000	0.291229	
1000	0.271000	1.067972	1000	0.271000	0.271000	0.291153	
1000	0.276000	1.067972	1000	0.276000	0.276000	0.291096	
1000	0.285000	1.067972	1000	0.285000	0.285000	0.291074	
1000	0.269000	1.067972	1000	0.269000	0.269000	0.290991	
1000	0.300000	1.067972	1000	0.300000	0.300000	0.291025	
1000	0.282000	1.067972	1000	0.282000	0.282000	0.290992	
1000	0.284000	1.067972	1000	0.284000	0.284000	0.290966	
1000	0.271000	1.067972	1000	0.271000	0.271000	0.290893	
1000	0.329000	1.067972	1000	0.329000	0.329000	0.291032	
1000	0.315000	1.067972	1000	0.315000	0.315000	0.291119	
1000	0.319000	1.067972	1000	0.319000	0.319000	0.291220	
1000	0.264000	1.067972	1000	0.264000	0.264000	0.291122	
1000	0.281000	1.067972	1000	0.281000	0.281000	0.291085	
1000	0.339000	1.067972	1000	0.339000	0.339000	0.291257	
1000	0.357000	1.067972	1000	0.357000	0.357000	0.291492	
1000	0.296000	1.067972	1000	0.296000	0.296000	0.291508	
1000	0.306000	1.067972	1000	0.306000	0.306000	0.291559	
1000	0.308000	1.067972	1000	0.308000	0.308000	0.291617	
1000	0.324000	1.067972	1000	0.324000	0.324000	0.291731	
1000	0.317000	1.067972	1000	0.317000	0.317000	0.291820	
1000	0.339000	1.067972	1000	0.339000	0.339000	0.291985	
1000	0.282000	1.067972	1000	0.282000	0.282000	0.291950	
1000	0.271000	1.067972	1000	0.271000	0.271000	0.291877	
1000	0.281000	1.067972	1000	0.281000	0.281000	0.291840	
1000	0.300000	1.067972	1000	0.300000	0.300000	0.291868	
1000	0.284000	1.067972	1000	0.284000	0.284000	0.291841	
1000	0.267000	1.067972	1000	0.267000	0.267000	0.291756	
1000	0.291000	1.067972	1000	0.291000	0.291000	0.291753	
1000	0.274000	1.067972	1000	0.274000	0.274000	0.291693	
1000	0.283000	1.067972	1000	0.283000	0.283000	0.291663	
1000	0.324000	1.067972	1000	0.324000	0.324000	0.291773	
1000	0.311000	1.067972	1000	0.311000	0.311000	0.291837	
1000	0.281000	1.067972	1000	0.281000	0.281000	0.291801	
1000	0.296000	1.067972	1000	0.296000	0.296000	0.291815	
1000	0.273000	1.067972	1000	0.273000	0.273000	0.291752	
1000	0.275000	1.067972	1000	0.275000	0.275000	0.291697	
1000	0.266000	1.067972	1000	0.266000	0.266000	0.291612	
1000	0.283000	1.067972	1000	0.283000	0.283000	0.291583	
1000	0.276000	1.067972	1000	0.276000	0.276000	0.291532	
1000	0.306000	1.067972	1000	0.306000	0.306000	0.291579	
1000	0.315000	1.067972	1000	0.315000	0.315000	0.291656	
1000	0.304000	1.067972	1000	0.304000	0.304000	0.291696	
1000	0.296000	1.067972	1000	0.296000	0.296000	0.291710	
1000	0.275000	1.067972	1000	0.275000	0.275000	0.291656	
1000	0.267000	1.067972	1000	0.267000	0.267000	0.291576	
1000	0.293000	1.067972	1000	0.293000	0.293000	0.291581	
1000	0.275000	1.067972	1000	0.275000	0.275000	0.291528	
1000	0.278000	1.067972	1000	0.278000	0.278000	0.291485	
1000	0.266000	1.067972	1000	0.266000	0.266000	0.291404	
1000	0.318000	1.067972	1000	0.318000	0.318000	0.291488	
1000	0.282000	1.067972	1000	0.282000	0.282000	0.291458	
1000	0.291000	1.067972	1000	0.291000	0.291000	0.291456	
1000	0.254000	1.067972	1000	0.254000	0.254000	0.291339	
1000	0.265000	1.067972	1000	0.265000	0.265000	0.291256	
1000	0.247000	1.067972	1000	0.247000	0.247000	0.291118	
1000	0.287000	1.067972	1000	0.287000	0.287000	0.291105	
1000	0.283000	1.067972	1000	0.283000	0.283000	0.291080	
1000	0.278000	1.067972	1000	0.278000	0.278000	0.291039	
1000	0.283000	1.067972	1000	0.283000	0.283000	0.291015	
1000	0.284000	1.067972	1000	0.284000	0.284000	0.290993	
1000	0.257000	1.067972	1000	0.257000	0.257000	0.290889	
1000	0.293000	1.067972	1000	0.293000	0.293000	0.290895	
1000	0.262000	1.067972	1000	0.262000	0.262000	0.290807	
1000	0.283000	1.067972	1000	0.283000	0.283000	0.290783	
1000	0.297000	1.067972	1000	0.297000	0.297000	0.290802	
1000	0.291000	1.067972	1000	0.291000	0.291000	0.290803	
1000	0.273000	1.067972	1000	0.273000	0.273000	0.290749	
1000	0.305000	1.067972	1000	0.305000	0.305000	0.290792	
1000	0.248000	1.067972	1000	0.248000	0.248000	0.290664	
1000	0.269000	1.067972	1000	0.269000	0.269000	0.290599	
1000	0.325000	1.067972	1000	0.325000	0.325000	0.290702	
1000	0.269000	1.067972	1000	0.269000	0.269000	0.290637	
1000	0.306000	1.067972	1000	0.306000	0.306000	0.290683	
1000	0.302000	1.067972	1000	0.302000	0.302000	0.290716	
1000	0.292000	1.067972	1000	0.292000	0.292000	0.290720	
1000	0.316000	1.067972	1000	0.316000	0.316000	0.290794	
1000	0.285000	1.067972	1000	0.285000	0.285000	0.290777	
1000	0.348000	1.067972	1000	0.348000	0.348000	0.290944	
1000	0.283000	1.067972	1000	0.283000	0.283000	0.290921	
1000	0.279000	1.067972	1000	0.279000	0.279000	0.290886	
1000	0.261000	1.067972	1000	0.261000	0.261000	0.290800	
1000	0.293000	1.067972	1000	0.293000	0.293000	0.290806	
1000	0.277000	1.067972	1000	0.277000	0.277000	0.290766	
1000	0.307000	1.067972	1000	0.307000	0.307000	0.290813	
1000	0.300000	1.067972	1000	0.300000	0.300000	0.290839	
1000	0.273000	1.067972	1000	0.273000	0.273000	0.290788	
1000	0.261000	1.067972	1000	0.261000	0.261000	0.290704	
1000	0.271000	1.067972	1000	0.271000	0.271000	0.290648	
1000	0.288000	1.067972	1000	0.288000	0.288000	0.290640	
1000	0.294000	1.067972	1000	0.294000	0.294000	0.290650	
1000	0.305000	1.067972	1000	0.305000	0.305000	0.290690	
1000	0.343000	1.067972	1000	0.343000	0.343000	0.290837	
1000	0.300000	1.067972	1000	0.300000	0.300000	0.290862	
1000	0.296000	1.067972	1000	0.296000	0.296000	0.290877	
1000	0.265000	1.067972	1000	0.265000	0.265000	0.290805	
1000	0.278000	1.067972	1000	0.278000	0.278000	0.290769	
1000	0.288000	1.067972	1000	0.288000	0.288000	0.290762	
1000	0.302000	1.067972	1000	0.302000	0.302000	0.290793	
1000	0.273000	1.067972	1000	0.273000	0.273000	0.290744	
1000	0.266000	1.067972	1000	0.266000	0.266000	0.290676	
1000	0.300000	1.067972	1000	0.300000	0.300000	0.290701	
1000	0.279000	1.067972	1000	0.279000	0.279000	0.290670	
1000	0.273000	1.067972	1000	0.273000	0.273000	0.290621	
1000	0.272000	1.067972	1000	0.272000	0.272000	0.290571	
1000	0.288000	1.067972	1000	0.288000	0.288000	0.290564	
1000	0.285000	1.067972	1000	0.285000	0.285000	0.290549	
1000	0.301000	1.067972	1000	0.301000	0.301000	0.290577	
1000	0.286000	1.067972	1000	0.286000	0.286000	0.290565	
1000	0.257000	1.067972	1000	0.257000	0.257000	0.290475	
1000	0.271000	1.067972	1000	0.271000	0.271000	0.290423	
1000	0.284000	1.067972	1000	0.284000	0.284000	0.290406	
1000	0.259000	1.067972	1000	0.259000	0.259000	0.290323	
1000	0.278000	1.067972	1000	0.278000	0.278000	0.290290	
1000	0.282000	1.067972	1000	0.282000	0.282000	0.290268	
1000	0.282000	1.067972	1000	0.282000	0.282000	0.290247	
1000	0.317000	1.067972	1000	0.317000	0.317000	0.290317	
1000	0.288000	1.067972	1000	0.288000	0.288000	0.290311	
1000	0.354000	1.067972	1000	0.354000	0.354000	0.290477	
1000	0.301000	1.067972	1000	0.301000	0.301000	0.290504	
1000	0.317000	1.067972	1000	0.317000	0.317000	0.290573	
1000	0.311000	1.067972	1000	0.311000	0.311000	0.290626	
1000	0.309000	1.067972	1000	0.309000	0.309000	0.290674	
1000	0.301000	1.067972	1000	0.301000	0.301000	0.290700	
1000	0.299000	1.067972	1000	0.299000	0.299000	0.290722	
1000	0.293000	1.067972	1000	0.293000	0.293000	0.290727	
1000	0.294000	1.067972	1000	0.294000	0.294000	0.290736	
1000	0.289000	1.067972	1000	0.289000	0.289000	0.290731	
1000	0.250000	1.067972	1000	0.250000	0.250000	0.290628	
1000	0.253000	1.067972	1000	0.253000	0.253000	0.290532	
1000	0.276000	1.067972	1000	0.276000	0.276000	0.290495	
1000	0.296000	1.067972	1000	0.296000	0.296000	0.290509	
1000	0.289000	1.067972	1000	0.289000	0.289000	0.290506	
1000	0.288000	1.067972	1000	0.288000	0.288000	0.290499	
1000	0.271000	1.067972	1000	0.271000	0.271000	0.290450	
1000	0.280000	1.067972	1000	0.280000	0.280000	0.290424	
1000	0.270000	1.067972	1000	0.270000	0.270000	0.290373	
1000	0.292000	1.067972	1000	0.292000	0.292000	0.290377	
1000	0.272000	1.067972	1000	0.272000	0.272000	0.290332	
1000	0.301000	1.067972	1000	0.301000	0.301000	0.290358	
1000	0.287000	1.067972	1000	0.287000	0.287000	0.290350	
1000	0.280000	1.067972	1000	0.280000	0.280000	0.290324	
1000	0.269000	1.067972	1000	0.269000	0.269000	0.290272	
1000	0.301000	1.067972	1000	0.301000	0.301000	0.290298	
1000	0.312000	1.067972	1000	0.312000	0.312000	0.290351	
1000	0.314000	1.067972	1000	0.314000	0.314000	0.290409	
1000	0.283000	1.067972	1000	0.283000	0.283000	0.290391	
1000	0.251000	1.067972	1000	0.251000	0.251000	0.290295	
1000	0.295000	1.067972	1000	0.295000	0.295000	0.290307	
1000	0.282000	1.067972	1000	0.282000	0.282000	0.290287	
1000	0.296000	1.067972	1000	0.296000	0.296000	0.290301	
1000	0.268000	1.067972	1000	0.268000	0.268000	0.290247	
1000	0.285000	1.067972	1000	0.285000	0.285000	0.290234	
1000	0.269000	1.067972	1000	0.269000	0.269000	0.290184	
1000	0.239000	1.067972	1000	0.239000	0.239000	0.290061	
1000	0.318000	1.067972	1000	0.318000	0.318000	0.290128	
1000	0.315000	1.067972	1000	0.315000	0.315000	0.290187	
1000	0.278000	1.067972	1000	0.278000	0.278000	0.290158	
1000	0.269000	1.067972	1000	0.269000	0.269000	0.290108	
1000	0.284000	1.067972	1000	0.284000	0.284000	0.290094	
1000	0.291000	1.067972	1000	0.291000	0.291000	0.290096	
1000	0.275000	1.067972	1000	0.275000	0.275000	0.290060	
1000	0.250000	1.067972	1000	0.250000	0.250000	0.289967	
1000	0.298000	1.067972	1000	0.298000	0.298000	0.289985	
1000	0.306000	1.067972	1000	0.306000	0.306000	0.290023	
1000	0.281000	1.067972	1000	0.281000	0.281000	0.290002	
1000	0.327000	1.067972	1000	0.327000	0.327000	0.290087	
1000	0.296000	1.067972	1000	0.296000	0.296000	0.290101	
1000	0.280000	1.067972	1000	0.280000	0.280000	0.290078	
1000	0.282000	1.067972	1000	0.282000	0.282000	0.290059	
1000	0.287000	1.067972	1000	0.287000	0.287000	0.290052	
1000	0.301000	1.067972	1000	0.301000	0.301000	0.290077	
1000	0.311000	1.067972	1000	0.311000	0.311000	0.290125	
1000	0.301000	1.067972	1000	0.301000	0.301000	0.290150	
1000	0.265000	1.067972	1000	0.265000	0.265000	0.290093	
1000	0.300000	1.067972	1000	0.300000	0.300000	0.290115	
1000	0.286000	1.067972	1000	0.286000	0.286000	0.290106	
1000	0.299000	1.067972	1000	0.299000	0.299000	0.290126	
1000	0.268000	1.067972	1000	0.268000	0.268000	0.290076	
1000	0.342000	1.067972	1000	0.342000	0.342000	0.290193	
1000	0.331000	1.067972	1000	0.331000	0.331000	0.290285	
1000	0.262000	1.067972	1000	0.262000	0.262000	0.290221	
1000	0.271000	1.067972	1000	0.271000	0.271000	0.290178	
1000	0.287000	1.067972	1000	0.287000	0.287000	0.290171	
1000	0.291000	1.067972	1000	0.291000	0.291000	0.290173	
1000	0.294000	1.067972	1000	0.294000	0.294000	0.290182	
1000	0.284000	1.067972	1000	0.284000	0.284000	0.290168	
1000	0.299000	1.067972	1000	0.299000	0.299000	0.290187	
1000	0.346000	1.067972	1000	0.346000	0.346000	0.290311	
1000	0.268000	1.067972	1000	0.268000	0.268000	0.290261	
1000	0.261000	1.067972	1000	0.261000	0.261000	0.290197	
1000	0.282000	1.067972	1000	0.282000	0.282000	0.290179	
1000	0.281000	1.067972	1000	0.281000	0.281000	0.290159	
1000	0.309000	1.067972	1000	0.309000	0.309000	0.290200	
1000	0.295000	1.067972	1000	0.295000	0.295000	0.290211	
1000	0.278000	1.067972	1000	0.278000	0.278000	0.290184	
1000	0.276000	1.067972	1000	0.276000	0.276000	0.290153	
1000	0.309000	1.067972	1000	0.309000	0.309000	0.290194	
1000	0.291000	1.067972	1000	0.291000	0.291000	0.290196	
1000	0.294000	1.067972	1000	0.294000	0.294000	0.290204	
1000	0.275000	1.067972	1000	0.275000	0.275000	0.290171	
1000	0.335000	1.067972	1000	0.335000	0.335000	0.290268	
1000	0.295000	1.067972	1000	0.295000	0.295000	0.290278	
1000	0.313000	1.067972	1000	0.313000	0.313000	0.290326	
1000	0.314000	1.067972	1000	0.314000	0.314000	0.290377	
1000	0.277000	1.067972	1000	0.277000	0.277000	0.290348	
1000	0.318000	1.067972	1000	0.318000	0.318000	0.290407	
1000	0.289000	1.067972	1000	0.289000	0.289000	0.290404	
1000	0.281000	1.067972	1000	0.281000	0.281000	0.290384	
1000	0.295000	1.067972	1000	0.295000	0.295000	0.290394	
1000	0.271000	1.067972	1000	0.271000	0.271000	0.290353	
1000	0.246000	1.067972	1000	0.246000	0.246000	0.290260	
1000	0.273000	1.067972	1000	0.273000	0.273000	0.290224	
1000	0.287000	1.067972	1000	0.287000	0.287000	0.290217	
1000	0.310000	1.067972	1000	0.310000	0.310000	0.290258	
1000	0.319000	1.067972	1000	0.319000	0.319000	0.290318	
1000	0.284000	1.067972	1000	0.284000	0.284000	0.290305	
1000	0.294000	1.067972	1000	0.294000	0.294000	0.290313	
1000	0.262000	1.067972	1000	0.262000	0.262000	0.290254	
1000	0.257000	1.067972	1000	0.257000	0.257000	0.290185	
1000	0.277000	1.067972	1000	0.277000	0.277000	0.290158	
1000	0.282000	1.067972	1000	0.282000	0.282000	0.290141	
1000	0.318000	1.067972	1000	0.318000	0.318000	0.290199	
1000	0.306000	1.067972	1000	0.306000	0.306000	0.290231	
1000	0.275000	1.067972	1000	0.275000	0.275000	0.290200	
1000	0.267000	1.067972	1000	0.267000	0.267000	0.290152	
1000	0.270000	1.067972	1000	0.270000	0.270000	0.290111	
1000	0.272000	1.067972	1000	0.272000	0.272000	0.290075	
1000	0.293000	1.067972	1000	0.293000	0.293000	0.290081	
1000	0.295000	1.067972	1000	0.295000	0.295000	0.290091	
1000	0.256000	1.067972	1000	0.256000	0.256000	0.290022	
1000	0.281000	1.067972	1000	0.281000	0.281000	0.290003	
1000	0.273000	1.067972	1000	0.273000	0.273000	0.289969	
1000	0.272000	1.067972	1000	0.272000	0.272000	0.289933	
1000	0.262000	1.067972	1000	0.262000	0.262000	0.289877	
1000	0.319000	1.067972	1000	0.319000	0.319000	0.289935	
1000	0.277000	1.067972	1000	0.277000	0.277000	0.289910	
1000	0.239000	1.067972	1000	0.239000	0.239000	0.289808	
1000	0.249000	1.067972	1000	0.249000	0.249000	0.289727	
1000	0.318000	1.067972	1000	0.318000	0.318000	0.289783	
1000	0.279000	1.067972	1000	0.279000	0.279000	0.289762	
1000	0.267000	1.067972	1000	0.267000	0.267000	0.289717	
1000	0.280000	1.067972	1000	0.280000	0.280000	0.289698	
1000	0.283000	1.067972	1000	0.283000	0.283000	0.289684	
1000	0.290000	1.067972	1000	0.290000	0.290000	0.289685	
1000	0.287000	1.067972	1000	0.287000	0.287000	0.289680	
1000	0.293000	1.067972	1000	0.293000	0.293000	0.289686	
1000	0.275000	1.067972	1000	0.275000	0.275000	0.289658	
1000	0.282000	1.067972	1000	0.282000	0.282000	0.289643	
1000	0.290000	1.067972	1000	0.290000	0.290000	0.289643	
1000	0.296000	1.067972	1000	0.296000	0.296000	0.289656	
1000	0.277000	1.067972	1000	0.277000	0.277000	0.289631	
1000	0.311000	1.067972	1000	0.311000	0.311000	0.289673	
1000	0.289000	1.067972	1000	0.289000	0.289000	0.289671	
1000	0.292000	1.067972	1000	0.292000	0.292000	0.289676	
1000	0.296000	1.067972	1000	0.296000	0.296000	0.289688	
1000	0.289000	1.067972	1000	0.289000	0.289000	0.289687	
1000	0.286000	1.067972	1000	0.286000	0.286000	0.289680	
1000	0.310000	1.067972	1000	0.310000	0.310000	0.289718	
1000	0.297000	1.067972	1000	0.297000	0.297000	0.289732	
1000	0.293000	1.067972	1000	0.293000	0.293000	0.289738	
1000	0.259000	1.067972	1000	0.259000	0.259000	0.289680	
1000	0.272000	1.067972	1000	0.272000	0.272000	0.289647	
1000	0.269000	1.067972	1000	0.269000	0.269000	0.289607	
1000	0.306000	1.067972	1000	0.306000	0.306000	0.289638	
1000	0.297000	1.067972	1000	0.297000	0.297000	0.289652	
1000	0.285000	1.067972	1000	0.285000	0.285000	0.289644	
1000	0.242000	1.067972	1000	0.242000	0.242000	0.289554	
1000	0.298000	1.067972	1000	0.298000	0.298000	0.289570	
1000	0.319000	1.067972	1000	0.319000	0.319000	0.289625	
1000	0.284000	1.067972	1000	0.284000	0.284000	0.289614	
1000	0.270000	1.067972	1000	0.270000	0.270000	0.289578	
1000	0.270000	1.067972	1000	0.270000	0.270000	0.289541	
1000	0.283000	1.067972	1000	0.283000	0.283000	0.289529	
1000	0.278000	1.067972	1000	0.278000	0.278000	0.289508	
1000	0.303000	1.067972	1000	0.303000	0.303000	0.289533	
1000	0.328000	1.067972	1000	0.328000	0.328000	0.289604	
1000	0.262000	1.067972	1000	0.262000	0.262000	0.289553	
1000	0.308000	1.067972	1000	0.308000	0.308000	0.289587	
1000	0.292000	1.067972	1000	0.292000	0.292000	0.289591	
1000	0.298000	1.067972	1000	0.298000	0.298000	0.289607	
1000	0.278000	1.067972	1000	0.278000	0.278000	0.289586	
1000	0.297000	1.067972	1000	0.297000	0.297000	0.289599	
1000	0.292000	1.067972	1000	0.292000	0.292000	0.289603	
1000	0.288000	1.067972	1000	0.288000	0.288000	0.289601	
1000	0.297000	1.067972	1000	0.297000	0.297000	0.289614	
1000	0.296000	1.067972	1000	0.296000	0.296000	0.289626	
1000	0.314000	1.067972	1000	0.314000	0.314000	0.289670	
1000	0.292000	1.067972	1000	0.292000	0.292000	0.289674	
1000	0.283000	1.067972	1000	0.283000	0.283000	0.289662	
1000	0.277000	1.067972	1000	0.277000	0.277000	0.289639	
1000	0.292000	1.067972	1000	0.292000	0.292000	0.289643	
1000	0.286000	1.067972	1000	0.286000	0.286000	0.289637	
1000	0.283000	1.067972	1000	0.283000	0.283000	0.289625	
1000	0.273000	1.067972	1000	0.273000	0.273000	0.289595	
1000	0.304000	1.067972	1000	0.304000	0.304000	0.289621	
1000	0.359000	1.067972	1000	0.359000	0.359000	0.289745	
1000	0.277000	1.067972	1000	0.277000	0.277000	0.289722	
1000	0.317000	1.067972	1000	0.317000	0.317000	0.289770	
1000	0.285000	1.067972	1000	0.285000	0.285000	0.289762	
1000	0.247000	1.067972	1000	0.247000	0.247000	0.289686	
1000	0.291000	1.067972	1000	0.291000	0.291000	0.289689	
1000	0.309000	1.067972	1000	0.309000	0.309000	0.289723	
1000	0.357000	1.067972	1000	0.357000	0.357000	0.289841	
1000	0.315000	1.067972	1000	0.315000	0.315000	0.289885	
1000	0.290000	1.067972	1000	0.290000	0.290000	0.289885	
1000	0.277000	1.067972	1000	0.277000	0.277000	0.289863	
1000	0.282000	1.067972	1000	0.282000	0.282000	0.289849	
1000	0.288000	1.067972	1000	0.288000	0.288000	0.289846	
1000	0.281000	1.067972	1000	0.281000	0.281000	0.289831	
1000	0.279000	1.067972	1000	0.279000	0.279000	0.289812	
1000	0.291000	1.067972	1000	0.291000	0.291000	0.289814	
1000	0.269000	1.067972	1000	0.269000	0.269000	0.289778	
1000	0.297000	1.067972	1000	0.297000	0.297000	0.289790	
1000	0.291000	1.067972	1000	0.291000	0.291000	0.289792	
1000	0.299000	1.067972	1000	0.299000	0.299000	0.289808	
1000	0.296000	1.067972	1000	0.296000	0.296000	0.289819	
1000	0.285000	1.067972	1000	0.285000	0.285000	0.289810	
1000	0.276000	1.067972	1000	0.276000	0.276000	0.289787	
1000	0.269000	1.067972	1000	0.269000	0.269000	0.289751	
1000	0.289000	1.067972	1000	0.289000	0.289000	0.289750	
1000	0.286000	1.067972	1000	0.286000	0.286000	0.289744	
1000	0.275000	1.067972	1000	0.275000	0.275000	0.289718	
1000	0.290000	1.067972	1000	0.290000	0.290000	0.289719	
1000	0.283000	1.067972	1000	0.283000	0.283000	0.289707	
1000	0.273000	1.067972	1000	0.273000	0.273000	0.289679	
1000	0.294000	1.067972	1000	0.294000	0.294000	0.289686	
1000	0.270000	1.067972	1000	0.270000	0.270000	0.289653	
1000	0.285000	1.067972	1000	0.285000	0.285000	0.289645	
1000	0.293000	1.067972	1000	0.293000	0.293000	0.289651	
1000	0.338000	1.067972	1000	0.338000	0.338000	0.289732	
1000	0.354000	1.067972	1000	0.354000	0.354000	0.289840	
1000	0.273000	1.067972	1000	0.273000	0.273000	0.289812	
1000	0.283000	1.067972	1000	0.283000	0.283000	0.289801	
1000	0.307000	1.067972	1000	0.307000	0.307000	0.289829	
1000	0.312000	1.067972	1000	0.312000	0.312000	0.289866	
1000	0.305000	1.067972	1000	0.305000	0.305000	0.289891	
1000	0.309000	1.067972	1000	0.309000	0.309000	0.289923	
1000	0.307000	1.067972	1000	0.307000	0.307000	0.289951	
1000	0.249000	1.067972	1000	0.249000	0.249000	0.289884	
1000	0.252000	1.067972	1000	0.252000	0.252000	0.289821	
1000	0.241000	1.067972	1000	0.241000	0.241000	0.289740	
1000	0.279000	1.067972	1000	0.279000	0.279000	0.289723	
1000	0.301000	1.067972	1000	0.301000	0.301000	0.289741	
1000	0.264000	1.067972	1000	0.264000	0.264000	0.289699	
1000	0.318000	1.067972	1000	0.318000	0.318000	0.289745	
1000	0.262000	1.067972	1000	0.262000	0.262000	0.289700	
1000	0.275000	1.067972	1000	0.275000	0.275000	0.289676	
1000	0.298000	1.067972	1000	0.298000	0.298000	0.289690	
1000	0.268000	1.067972	1000	0.268000	0.268000	0.289654	
1000	0.281000	1.067972	1000	0.281000	0.281000	0.289640	
1000	0.273000	1.067972	1000	0.273000	0.273000	0.289613	
1000	0.281000	1.067972	1000	0.281000	0.281000	0.289599	
1000	0.280000	1.067972	1000	0.280000	0.280000	0.289584	
1000	0.275000	1.067972	1000	0.275000	0.275000	0.289560	
1000	0.321000	1.067972	1000	0.321000	0.321000	0.289611	
1000	0.293000	1.067972	1000	0.293000	0.293000	0.289616	
1000	0.284000	1.067972	1000	0.284000	0.284000	0.289607	
1000	0.280000	1.067972	1000	0.280000	0.280000	0.289592	
1000	0.289000	1.067972	1000	0.289000	0.289000	0.289591	
1000	0.266000	1.067972	1000	0.266000	0.266000	0.289553	
1000	0.335000	1.067972	1000	0.335000	0.335000	0.289626	
1000	0.253000	1.067972	1000	0.253000	0.253000	0.289567	
1000	0.301000	1.067972	1000	0.301000	0.301000	0.289586	
1000	0.282000	1.067972	1000	0.282000	0.282000	0.289573	
1000	0.261000	1.067972	1000	0.261000	0.261000	0.289528	
1000	0.267000	1.067972	1000	0.267000	0.267000	0.289492	
1000	0.292000	1.067972	1000	0.292000	0.292000	0.289496	
1000	0.294000	1.067972	1000	0.294000	0.294000	0.289503	
1000	0.277000	1.067972	1000	0.277000	0.277000	0.289484	
1000	0.291000	1.067972	1000	0.291000	0.291000	0.289486	
1000	0.237000	1.067972	1000	0.237000	0.237000	0.289404	
1000	0.287000	1.067972	1000	0.287000	0.287000	0.289400	
1000	0.302000	1.067972	1000	0.302000	0.302000	0.289420	
1000	0.280000	1.067972	1000	0.280000	0.280000	0.289405	
1000	0.305000	1.067972	1000	0.305000	0.305000	0.289429	
1000	0.308000	1.067972	1000	0.308000	0.308000	0.289458	
1000	0.249000	1.067972	1000	0.249000	0.249000	0.289395	
1000	0.318000	1.067972	1000	0.318000	0.318000	0.289440	
1000	0.283000	1.067972	1000	0.283000	0.283000	0.289430	
1000	0.289000	1.067972	1000	0.289000	0.289000	0.289429	
1000	0.300000	1.067972	1000	0.300000	0.300000	0.289445	
1000	0.315000	1.067972	1000	0.315000	0.315000	0.289485	
1000	0.277000	1.067972	1000	0.277000	0.277000	0.289466	
1000	0.271000	1.067972	1000	0.271000	0.271000	0.289437	
1000	0.286000	1.067972	1000	0.286000	0.286000	0.289432	
1000	0.293000	1.067972	1000	0.293000	0.293000	0.289437	
1000	0.277000	1.067972	1000	0.277000	0.277000	0.289418	
1000	0.300000	1.067972	1000	0.300000	0.300000	0.289434	
1000	0.298000	1.067972	1000	0.298000	0.298000	0.289448	
1000	0.275000	1.067972	1000	0.275000	0.275000	0.289426	
1000	0.289000	1.067972	1000	0.289000	0.289000	0.289425	
1000	0.335000	1.067972	1000	0.335000	0.335000	0.289494	
1000	0.326000	1.067972	1000	0.326000	0.326000	0.289550	
1000	0.293000	1.067972	1000	0.293000	0.293000	0.289555	
1000	0.292000	1.067972	1000	0.292000	0.292000	0.289559	
1000	0.295000	1.067972	1000	0.295000	0.295000	0.289567	
1000	0.277000	1.067972	1000	0.277000	0.277000	0.289548	
1000	0.311000	1.067972	1000	0.311000	0.311000	0.289580	
1000	0.307000	1.067972	1000	0.307000	0.307000	0.289606	
1000	0.293000	1.067972	1000	0.293000	0.293000	0.289612	
1000	0.302000	1.067972	1000	0.302000	0.302000	0.289630	
1000	0.282000	1.067972	1000	0.282000	0.282000	0.289619	
1000	0.319000	1.067972	1000	0.319000	0.319000	0.289663	
1000	0.275000	1.067972	1000	0.275000	0.275000	0.289641	
1000	0.272000	1.067972	1000	0.272000	0.272000	0.289614	
1000	0.274000	1.067972	1000	0.274000	0.274000	0.289591	
1000	0.284000	1.067972	1000	0.284000	0.284000	0.289583	
1000	0.279000	1.067972	1000	0.279000	0.279000	0.289567	
1000	0.287000	1.067972	1000	0.287000	0.287000	0.289563	
1000	0.269000	1.067972	1000	0.269000	0.269000	0.289533	
1000	0.307000	1.067972	1000	0.307000	0.307000	0.289559	
1000	0.292000	1.067972	1000	0.292000	0.292000	0.289562	
1000	0.286000	1.067972	1000	0.286000	0.286000	0.289557	
1000	0.299000	1.067972	1000	0.299000	0.299000	0.289571	
1000	0.264000	1.067972	1000	0.264000	0.264000	0.289533	
1000	0.318000	1.067972	1000	0.318000	0.318000	0.289575	
1000	0.284000	1.067972	1000	0.284000	0.284000	0.289567	
1000	0.309000	1.067972	1000	0.309000	0.309000	0.289595	
1000	0.250000	1.067972	1000	0.250000	0.250000	0.289538	
1000	0.283000	1.067972	1000	0.283000	0.283000	0.289528	
1000	0.307000	1.067972	1000	0.307000	0.307000	0.289554	
1000	0.323000	1.067972	1000	0.323000	0.323000	0.289602	
1000	0.319000	1.067972	1000	0.319000	0.319000	0.289645	
1000	0.327000	1.067972	1000	0.327000	0.327000	0.289699	
1000	0.312000	1.067972	1000	0.312000	0.312000	0.289731	
1000	0.287000	1.067972	1000	0.287000	0.287000	0.289728	
1000	0.286000	1.067972	1000	0.286000	0.286000	0.289722	
1000	0.268000	1.067972	1000	0.268000	0.268000	0.289691	
1000	0.275000	1.067972	1000	0.275000	0.275000	0.289670	
1000	0.258000	1.067972	1000	0.258000	0.258000	0.289624	
1000	0.254000	1.067972	1000	0.254000	0.254000	0.289573	
1000	0.260000	1.067972	1000	0.260000	0.260000	0.289530	
1000	0.286000	1.067972	1000	0.286000	0.286000	0.289525	
1000	0.272000	1.067972	1000	0.272000	0.272000	0.289500	
1000	0.288000	1.067972	1000	0.288000	0.288000	0.289498	
1000	0.308000	1.067972	1000	0.308000	0.308000	0.289525	
1000	0.319000	1.067972	1000	0.319000	0.319000	0.289567	
1000	0.266000	1.067972	1000	0.266000	0.266000	0.289533	
1000	0.264000	1.067972	1000	0.264000	0.264000	0.289497	
1000	0.273000	1.067972	1000	0.273000	0.273000	0.289473	
1000	0.297000	1.067972	1000	0.297000	0.297000	0.289484	
1000	0.284000	1.067972	1000	0.284000	0.284000	0.289476	
1000	0.282000	1.067972	1000	0.282000	0.282000	0.289466	
1000	0.307000	1.067972	1000	0.307000	0.307000	0.289490	
1000	0.277000	1.067972	1000	0.277000	0.277000	0.289473	
1000	0.298000	1.067972	1000	0.298000	0.298000	0.289485	
1000	0.290000	1.067972	1000	0.290000	0.290000	0.289486	
1000	0.281000	1.067972	1000	0.281000	0.281000	0.289474	
1000	0.284000	1.067972	1000	0.284000	0.284000	0.289466	
1000	0.277000	1.067972	1000	0.277000	0.277000	0.289449	
1000	0.283000	1.067972	1000	0.283000	0.283000	0.289440	
1000	0.285000	1.067972	1000	0.285000	0.285000	0.289433	
1000	0.336000	1.067972	1000	0.336000	0.336000	0.289498	
1000	0.335000	1.067972	1000	0.335000	0.335000	0.289561	
1000	0.288000	1.067972	1000	0.288000	0.288000	0.289559	
1000	0.276000	1.067972	1000	0.276000	0.276000	0.289541	
1000	0.295000	1.067972	1000	0.295000	0.295000	0.289548	
1000	0.292000	1.067972	1000	0.292000	0.292000	0.289551	
1000	0.298000	1.067972	1000	0.298000	0.298000	0.289563	
1000	0.304000	1.067972	1000	0.304000	0.304000	0.289583	
1000	0.287000	1.067972	1000	0.287000	0.287000	0.289579	
1000	0.296000	1.067972	1000	0.296000	0.296000	0.289588	
1000	0.273000	1.067972	1000	0.273000	0.273000	0.289566	
1000	0.325000	1.067972	1000	0.325000	0.325000	0.289614	
1000	0.338000	1.067972	1000	0.338000	0.338000	0.289680	
1000	0.319000	1.067972	1000	0.319000	0.319000	0.289721	
1000	0.277000	1.067972	1000	0.277000	0.277000	0.289703	
1000	0.254000	1.067972	1000	0.254000	0.254000	0.289654	
1000	0.288000	1.067972	1000	0.288000	0.288000	0.289652	
1000	0.326000	1.067972	1000	0.326000	0.326000	0.289702	
1000	0.295000	1.067972	1000	0.295000	0.295000	0.289709	
1000	0.267000	1.067972	1000	0.267000	0.267000	0.289678	
1000	0.270000	1.067972	1000	0.270000	0.270000	0.289651	
1000	0.250000	1.067972	1000	0.250000	0.250000	0.289598	
1000	0.267000	1.067972	1000	0.267000	0.267000	0.289567	
1000	0.260000	1.067972	1000	0.260000	0.260000	0.289527	
1000	0.259000	1.067972	1000	0.259000	0.259000	0.289486	
1000	0.271000	1.067972	1000	0.271000	0.271000	0.289461	
1000	0.337000	1.067972	1000	0.337000	0.337000	0.289525	
1000	0.334000	1.067972	1000	0.334000	0.334000	0.289585	
1000	0.273000	1.067972	1000	0.273000	0.273000	0.289563	
1000	0.281000	1.067972	1000	0.281000	0.281000	0.289551	
1000	0.298000	1.067972	1000	0.298000	0.298000	0.289562	
1000	0.289000	1.067972	1000	0.289000	0.289000	0.289562	
1000	0.264000	1.067972	1000	0.264000	0.264000	0.289528	
1000	0.272000	1.067972	1000	0.272000	0.272000	0.289504	
1000	0.326000	1.067972	1000	0.326000	0.326000	0.289553	
1000	0.363000	1.067972	1000	0.363000	0.363000	0.289650	
1000	0.332000	1.067972	1000	0.332000	0.332000	0.289707	
1000	0.298000	1.067972	1000	0.298000	0.298000	0.289717	
1000	0.311000	1.067972	1000	0.311000	0.311000	0.289746	
1000	0.375000	1.067972	1000	0.375000	0.375000	0.289858	
1000	0.358000	1.067972	1000	0.358000	0.358000	0.289948	
1000	0.301000	1.067972	1000	0.301000	0.301000	0.289963	
1000	0.281000	1.067972	1000	0.281000	0.281000	0.289951	
1000	0.319000	1.067972	1000	0.319000	0.319000	0.289989	
1000	0.291000	1.067972	1000	0.291000	0.291000	0.289990	
1000	0.299000	1.067972	1000	0.299000	0.299000	0.290002	
1000	0.325000	1.067972	1000	0.325000	0.325000	0.290048	
1000	0.309000	1.067972	1000	0.309000	0.309000	0.290073	
1000	0.332000	1.067972	1000	0.332000	0.332000	0.290128	
1000	0.300000	1.067972	1000	0.300000	0.300000	0.290140	
1000	0.311000	1.067972	1000	0.311000	0.311000	0.290168	
1000	0.262000	1.067972	1000	0.262000	0.262000	0.290131	
1000	0.283000	1.067972	1000	0.283000	0.283000	0.290122	
1000	0.274000	1.067972	1000	0.274000	0.274000	0.290101	
1000	0.277000	1.067972	1000	0.277000	0.277000	0.290084	
1000	0.275000	1.067972	1000	0.275000	0.275000	0.290064	
1000	0.268000	1.067972	1000	0.268000	0.268000	0.290036	
1000	0.302000	1.067972	1000	0.302000	0.302000	0.290051	
1000	0.240000	1.067972	1000	0.240000	0.240000	0.289987	
1000	0.294000	1.067972	1000	0.294000	0.294000	0.289992	
1000	0.266000	1.067972	1000	0.266000	0.266000	0.289961	
1000	0.278000	1.067972	1000	0.278000	0.278000	0.289946	
1000	0.297000	1.067972	1000	0.297000	0.297000	0.289955	
1000	0.279000	1.067972	1000	0.279000	0.279000	0.289941	
1000	0.314000	1.067972	1000	0.314000	0.314000	0.289971	
1000	0.304000	1.067972	1000	0.304000	0.304000	0.289989	
1000	0.299000	1.067972	1000	0.299000	0.299000	0.290001	
1000	0.303000	1.067972	1000	0.303000	0.303000	0.290017	
1000	0.284000	1.067972	1000	0.284000	0.284000	0.290010	
1000	0.313000	1.067972	1000	0.313000	0.313000	0.290039	
1000	0.280000	1.067972	1000	0.280000	0.280000	0.290026	
1000	0.294000	1.067972	1000	0.294000	0.294000	0.290031	
1000	0.321000	1.067972	1000	0.321000	0.321000	0.290071	
1000	0.279000	1.067972	1000	0.279000	0.279000	0.290057	
1000	0.312000	1.067972	1000	0.312000	0.312000	0.290084	
1000	0.302000	1.067972	1000	0.302000	0.302000	0.290099	
1000	0.268000	1.067972	1000	0.268000	0.268000	0.290071	
1000	0.283000	1.067972	1000	0.283000	0.283000	0.290063	
1000	0.307000	1.067972	1000	0.307000	0.307000	0.290084	
1000	0.285000	1.067972	1000	0.285000	0.285000	0.290077	
1000	0.292000	1.067972	1000	0.292000	0.292000	0.290080	
1000	0.283000	1.067972	1000	0.283000	0.283000	0.290071	
1000	0.316000	1.067972	1000	0.316000	0.316000	0.290103	
1000	0.298000	1.067972	1000	0.298000	0.298000	0.290113	
1000	0.287000	1.067972	1000	0.287000	0.287000	0.290109	
1000	0.273000	1.067972	1000	0.273000	0.273000	0.290088	
1000	0.292000	1.067972	1000	0.292000	0.292000	0.290090	
1000	0.293000	1.067972	1000	0.293000	0.293000	0.290094	
1000	0.289000	1.067972	1000	0.289000	0.289000	0.290093	
1000	0.271000	1.067972	1000	0.271000	0.271000	0.290069	
1000	0.290000	1.067972	1000	0.290000	0.290000	0.290069	
1000	0.289000	1.067972	1000	0.289000	0.289000	0.290068	
1000	0.288000	1.067972	1000	0.288000	0.288000	0.290065	
1000	0.294000	1.067972	1000	0.294000	0.294000	0.290070	
1000	0.314000	1.067972	1000	0.314000	0.314000	0.290099	
1000	0.286000	1.067972	1000	0.286000	0.286000	0.290094	
1000	0.290000	1.067972	1000	0.290000	0.290000	0.290094	
1000	0.298000	1.067972	1000	0.298000	0.298000	0.290104	
1000	0.290000	1.067972	1000	0.290000	0.290000	0.290104	
1000	0.261000	1.067972	1000	0.261000	0.261000	0.290068	
1000	0.309000	1.067972	1000	0.309000	0.309000	0.290091	
1000	0.288000	1.067972	1000	0.288000	0.288000	0.290089	
1000	0.340000	1.067972	1000	0.340000	0.340000	0.290150	
1000	0.336000	1.067972	1000	0.336000	0.336000	0.290205	
1000	0.345000	1.067972	1000	0.345000	0.345000	0.290272	
1000	0.286000	1.067972	1000	0.286000	0.286000	0.290267	
1000	0.306000	1.067972	1000	0.306000	0.306000	0.290286	
1000	0.323000	1.067972	1000	0.323000	0.323000	0.290326	
1000	0.286000	1.067972	1000	0.286000	0.286000	0.290320	
1000	0.267000	1.067972	1000	0.267000	0.267000	0.290292	
1000	0.261000	1.067972	1000	0.261000	0.261000	0.290257	
1000	0.273000	1.067972	1000	0.273000	0.273000	0.290236	
1000	0.284000	1.067972	1000	0.284000	0.284000	0.290229	
1000	0.284000	1.067972	1000	0.284000	0.284000	0.290221	
1000	0.328000	1.067972	1000	0.328000	0.328000	0.290266	
1000	0.289000	1.067972	1000	0.289000	0.289000	0.290265	
1000	0.266000	1.067972	1000	0.266000	0.266000	0.290236	
1000	0.304000	1.067972	1000	0.304000	0.304000	0.290252	
1000	0.293000	1.067972	1000	0.293000	0.293000	0.290256	
1000	0.271000	1.067972	1000	0.271000	0.271000	0.290233	
1000	0.281000	1.067972	1000	0.281000	0.281000	0.290222	
1000	0.294000	1.067972	1000	0.294000	0.294000	0.290226	
1000	0.296000	1.067972	1000	0.296000	0.296000	0.290233	
1000	0.289000	1.067972	1000	0.289000	0.289000	0.290232	
1000	0.246000	1.067972	1000	0.246000	0.246000	0.290179	
1000	0.246000	1.067972	1000	0.246000	0.246000	0.290127	
1000	0.281000	1.067972	1000	0.281000	0.281000	0.290116	
1000	0.278000	1.067972	1000	0.278000	0.278000	0.290101	
1000	0.264000	1.067972	1000	0.264000	0.264000	0.290071	
1000	0.286000	1.067972	1000	0.286000	0.286000	0.290066	
1000	0.272000	1.067972	1000	0.272000	0.272000	0.290044	
1000	0.307000	1.067972	1000	0.307000	0.307000	0.290064	
1000	0.368000	1.067972	1000	0.368000	0.368000	0.290156	
1000	0.346000	1.067972	1000	0.346000	0.346000	0.290222	
1000	0.278000	1.067972	1000	0.278000	0.278000	0.290207	
1000	0.326000	1.067972	1000	0.326000	0.326000	0.290249	
1000	0.285000	1.067972	1000	0.285000	0.285000	0.290243	
1000	0.310000	1.067972	1000	0.310000	0.310000	0.290266	
1000	0.279000	1.067972	1000	0.279000	0.279000	0.290253	
1000	0.306000	1.067972	1000	0.306000	0.306000	0.290272	
1000	0.303000	1.067972	1000	0.303000	0.303000	0.290286	
1000	0.289000	1.067972	1000	0.289000	0.289000	0.290285	
1000	0.314000	1.067972	1000	0.314000	0.314000	0.290312	
1000	0.308000	1.067972	1000	0.308000	0.308000	0.290333	
1000	0.280000	1.067972	1000	0.280000	0.280000	0.290321	
1000	0.289000	1.067972	1000	0.289000	0.289000	0.290319	
1000	0.273000	1.067972	1000	0.273000	0.273000	0.290299	
1000	0.273000	1.067972	1000	0.273000	0.273000	0.290279	
1000	0.294000	1.067972	1000	0.294000	0.294000	0.290284	
1000	0.287000	1.067972	1000	0.287000	0.287000	0.290280	
1000	0.284000	1.067972	1000	0.284000	0.284000	0.290273	
1000	0.281000	1.067972	1000	0.281000	0.281000	0.290262	
1000	0.261000	1.067972	1000	0.261000	0.261000	0.290228	
1000	0.287000	1.067972	1000	0.287000	0.287000	0.290225	
1000	0.286000	1.067972	1000	0.286000	0.286000	0.290220	
1000	0.287000	1.067972	1000	0.287000	0.287000	0.290216	
1000	0.298000	1.067972	1000	0.298000	0.298000	0.290225	
1000	0.289000	1.067972	1000	0.289000	0.289000	0.290224	
1000	0.300000	1.067972	1000	0.300000	0.300000	0.290235	
1000	0.305000	1.067972	1000	0.305000	0.305000	0.290252	
1000	0.293000	1.067972	1000	0.293000	0.293000	0.290255	
1000	0.295000	1.067972	1000	0.295000	0.295000	0.290260	
1000	0.296000	1.067972	1000	0.296000	0.296000	0.290267	
1000	0.296000	1.067972	1000	0.296000	0.296000	0.290273	
1000	0.331000	1.067972	1000	0.331000	0.331000	0.290319	
1000	0.271000	1.067972	1000	0.271000	0.271000	0.290298	
1000	0.313000	1.067972	1000	0.313000	0.313000	0.290323	
1000	0.280000	1.067972	1000	0.280000	0.280000	0.290312	
1000	0.287000	1.067972	1000	0.287000	0.287000	0.290308	
1000	0.264000	1.067972	1000	0.264000	0.264000	0.290278	
1000	0.280000	1.067972	1000	0.280000	0.280000	0.290267	
1000	0.313000	1.067972	1000	0.313000	0.313000	0.290292	
1000	0.301000	1.067972	1000	0.301000	0.301000	0.290304	
1000	0.323000	1.067972	1000	0.323000	0.323000	0.290341	
1000	0.272000	1.067972	1000	0.272000	0.272000	0.290320	
1000	0.265000	1.067972	1000	0.265000	0.265000	0.290292	
1000	0.261000	1.067972	1000	0.261000	0.261000	0.290259	
1000	0.302000	1.067972	1000	0.302000	0.302000	0.290272	
1000	0.264000	1.067972	1000	0.264000	0.264000	0.290243	
1000	0.270000	1.067972	1000	0.270000	0.270000	0.290220	
1000	0.291000	1.067972	1000	0.291000	0.291000	0.290221	
1000	0.281000	1.067972	1000	0.281000	0.281000	0.290211	
1000	0.269000	1.067972	1000	0.269000	0.269000	0.290187	
1000	0.288000	1.067972	1000	0.288000	0.288000	0.290185	
1000	0.294000	1.067972	1000	0.294000	0.294000	0.290189	
1000	0.270000	1.067972	1000	0.270000	0.270000	0.290167	
1000	0.275000	1.067972	1000	0.275000	0.275000	0.290150	
1000	0.262000	1.067972	1000	0.262000	0.262000	0.290119	
1000	0.269000	1.067972	1000	0.269000	0.269000	0.290096	
1000	0.277000	1.067972	1000	0.277000	0.277000	0.290081	
1000	0.266000	1.067972	1000	0.266000	0.266000	0.290055	
1000	0.271000	1.067972	1000	0.271000	0.271000	0.290034	
1000	0.299000	1.067972	1000	0.299000	0.299000	0.290044	
1000	0.298000	1.067972	1000	0.298000	0.298000	0.290052	
1000	0.298000	1.067972	1000	0.298000	0.298000	0.290061	
1000	0.291000	1.067972	1000	0.291000	0.291000	0.290062	
1000	0.308000	1.067972	1000	0.308000	0.308000	0.290082	
1000	0.324000	1.067972	1000	0.324000	0.324000	0.290119	
1000	0.299000	1.067972	1000	0.299000	0.299000	0.290129	
1000	0.283000	1.067972	1000	0.283000	0.283000	0.290121	
1000	0.343000	1.067972	1000	0.343000	0.343000	0.290178	
1000	0.293000	1.067972	1000	0.293000	0.293000	0.290181	
1000	0.273000	1.067972	1000	0.273000	0.273000	0.290163	
1000	0.282000	1.067972	1000	0.282000	0.282000	0.290154	
1000	0.301000	1.067972	1000	0.301000	0.301000	0.290166	
1000	0.327000	1.067972	1000	0.327000	0.327000	0.290206	
1000	0.291000	1.067972	1000	0.291000	0.291000	0.290206	
1000	0.314000	1.067972	1000	0.314000	0.314000	0.290232	
1000	0.300000	1.067972	1000	0.300000	0.300000	0.290243	
1000	0.285000	1.067972	1000	0.285000	0.285000	0.290237	
1000	0.339000	1.067972	1000	0.339000	0.339000	0.290290	
1000	0.338000	1.067972	1000	0.338000	0.338000	0.290341	
1000	0.267000	1.067972	1000	0.267000	0.267000	0.290316	
1000	0.256000	1.067972	1000	0.256000	0.256000	0.290279	
1000	0.284000	1.067972	1000	0.284000	0.284000	0.290272	
1000	0.309000	1.067972	1000	0.309000	0.309000	0.290292	
1000	0.277000	1.067972	1000	0.277000	0.277000	0.290278	
1000	0.269000	1.067972	1000	0.269000	0.269000	0.290255	
1000	0.296000	1.067972	1000	0.296000	0.296000	0.290261	
1000	0.273000	1.067972	1000	0.273000	0.273000	0.290243	
1000	0.287000	1.067972	1000	0.287000	0.287000	0.290240	
1000	0.256000	1.067972	1000	0.256000	0.256000	0.290203	
1000	0.312000	1.067972	1000	0.312000	0.312000	0.290226	
1000	0.288000	1.067972	1000	0.288000	0.288000	0.290224	
1000	0.315000	1.067972	1000	0.315000	0.315000	0.290250	
1000	0.312000	1.067972	1000	0.312000	0.312000	0.290273	
1000	0.289000	1.067972	1000	0.289000	0.289000	0.290272	
1000	0.288000	1.067972	1000	0.288000	0.288000	0.290270	
1000	0.294000	1.067972	1000	0.294000	0.294000	0.290273	
1000	0.279000	1.067972	1000	0.279000	0.279000	0.290262	
1000	0.277000	1.067972	1000	0.277000	0.277000	0.290248	
1000	0.287000	1.067972	1000	0.287000	0.287000	0.290244	
1000	0.294000	1.067972	1000	0.294000	0.294000	0.290248	
1000	0.254000	1.067972	1000	0.254000	0.254000	0.290210	
1000	0.280000	1.067972	1000	0.280000	0.280000	0.290199	
1000	0.269000	1.067972	1000	0.269000	0.269000	0.290177	
1000	0.285000	1.067972	1000	0.285000	0.285000	0.290172	
1000	0.277000	1.067972	1000	0.277000	0.277000	0.290158	
1000	0.284000	1.067972	1000	0.284000	0.284000	0.290151	
1000	0.284000	1.067972	1000	0.284000	0.284000	0.290145	
1000	0.274000	1.067972	1000	0.274000	0.274000	0.290128	
1000	0.283000	1.067972	1000	0.283000	0.283000	0.290121	
1000	0.269000	1.067972	1000	0.269000	0.269000	0.290099	
1000	0.285000	1.067972	1000	0.285000	0.285000	0.290093	
1000	0.270000	1.067972	1000	0.270000	0.270000	0.290072	
1000	0.249000	1.067972	1000	0.249000	0.249000	0.290030	
1000	0.295000	1.067972	1000	0.295000	0.295000	0.290035	
1000	0.281000	1.067972	1000	0.281000	0.281000	0.290026	
1000	0.314000	1.067972	1000	0.314000	0.314000	0.290050	
1000	0.276000	1.067972	1000	0.276000	0.276000	0.290036	
1000	0.268000	1.067972	1000	0.268000	0.268000	0.290013	
1000	0.248000	1.067972	1000	0.248000	0.248000	0.289970	
1000	0.279000	1.067972	1000	0.279000	0.279000	0.289958	
1000	0.265000	1.067972	1000	0.265000	0.265000	0.289933	
1000	0.279000	1.067972	1000	0.279000	0.279000	0.289922	
1000	0.280000	1.067972	1000	0.280000	0.280000	0.289911	
1000	0.274000	1.067972	1000	0.274000	0.274000	0.289895	
1000	0.267000	1.067972	1000	0.267000	0.267000	0.289871	
1000	0.275000	1.067972	1000	0.275000	0.275000	0.289856	
1000	0.279000	1.067972	1000	0.279000	0.279000	0.289845	
1000	0.284000	1.067972	1000	0.284000	0.284000	0.289839	
1000	0.284000	1.067972	1000	0.284000	0.284000	0.289833	
1000	0.287000	1.067972	1000	0.287000	0.287000	0.289830	
1000	0.286000	1.067972	1000	0.286000	0.286000	0.289826	
1000	0.302000	1.067972	1000	0.302000	0.302000	0.289839	
1000	0.285000	1.067972	1000	0.285000	0.285000	0.289834	
1000	0.265000	1.067972	1000	0.265000	0.265000	0.289809	
1000	0.307000	1.067972	1000	0.307000	0.307000	0.289826	
1000	0.261000	1.067972	1000	0.261000	0.261000	0.289797	
1000	0.273000	1.067972	1000	0.273000	0.273000	0.289780	
1000	0.270000	1.067972	1000	0.270000	0.270000	0.289760	
1000	0.270000	1.067972	1000	0.270000	0.270000	0.289740	
1000	0.284000	1.067972	1000	0.284000	0.284000	0.289734	
1000	0.257000	1.067972	1000	0.257000	0.257000	0.289701	
1000	0.286000	1.067972	1000	0.286000	0.286000	0.289697	
1000	0.350000	1.067972	1000	0.350000	0.350000	0.289758	
1000	0.274000	1.067972	1000	0.274000	0.274000	0.289742	
1000	0.280000	1.067972	1000	0.280000	0.280000	0.289732	
1000	0.330000	1.067972	1000	0.330000	0.330000	0.289773	
1000	0.336000	1.067972	1000	0.336000	0.336000	0.289819	
1000	0.292000	1.067972	1000	0.292000	0.292000	0.289821	
1000	0.273000	1.067972	1000	0.273000	0.273000	0.289805	
1000	0.318000	1.067972	1000	0.318000	0.318000	0.289833	
1000	0.303000	1.067972	1000	0.303000	0.303000	0.289846	
1000	0.294000	1.067972	1000	0.294000	0.294000	0.289850	
1000	0.310000	1.067972	1000	0.310000	0.310000	0.289870	
1000	0.266000	1.067972	1000	0.266000	0.266000	0.289846	
1000	0.316000	1.067972	1000	0.316000	0.316000	0.289872	
1000	0.299000	1.067972	1000	0.299000	0.299000	0.289881	
1000	0.273000	1.067972	1000	0.273000	0.273000	0.289865	
1000	0.305000	1.067972	1000	0.305000	0.305000	0.289880	
1000	0.258000	1.067972	1000	0.258000	0.258000	0.289848	
1000	0.304000	1.067972	1000	0.304000	0.304000	0.289862	
