Default schedule
Rate	100.00
Rate Tried	% Accepted	Rates - Dev	Rates - Tried	Rates - Accepted	Sample Ave Acceptance	Total Ave Acceptance	
1000	0.378000	0.807648	1000	0.378000	0.378000	0.185165	
1000	0.381000	0.807648	1000	0.381000	0.381000	0.201483	
1000	0.376000	0.807648	1000	0.376000	0.376000	0.214907	
1000	0.380000	0.807648	1000	0.380000	0.380000	0.226698	
1000	0.390000	0.807648	1000	0.390000	0.390000	0.237584	
1000	0.391000	0.807648	1000	0.391000	0.391000	0.247172	
1000	0.383000	0.807648	1000	0.383000	0.383000	0.255161	
1000	0.348000	0.807648	1000	0.348000	0.348000	0.260319	
1000	0.384000	0.807648	1000	0.384000	0.384000	0.266828	
1000	0.396000	0.807648	1000	0.396000	0.396000	0.273286	
1000	0.375000	0.807648	1000	0.375000	0.375000	0.278130	
1000	0.378000	0.807648	1000	0.378000	0.378000	0.282669	
1000	0.364000	0.807648	1000	0.364000	0.364000	0.286205	
1000	0.360000	0.807648	1000	0.360000	0.360000	0.289280	
1000	0.370000	0.807648	1000	0.370000	0.370000	0.292508	
1000	0.380000	0.807648	1000	0.380000	0.380000	0.295873	
1000	0.338000	0.807648	1000	0.338000	0.338000	0.297433	
1000	0.374000	0.807648	1000	0.374000	0.374000	0.300168	
1000	0.357000	0.807648	1000	0.357000	0.357000	0.302128	
1000	0.427000	0.807648	1000	0.427000	0.427000	0.306290	
1000	0.298000	0.980858	1000	0.298000	0.298000	0.306022	
1000	0.297000	0.980858	1000	0.297000	0.297000	0.305740	
1000	0.269000	0.980858	1000	0.269000	0.269000	0.304627	
1000	0.288000	0.980858	1000	0.288000	0.288000	0.304138	
1000	0.327000	0.980858	1000	0.327000	0.327000	0.304791	
1000	0.297000	0.980858	1000	0.297000	0.297000	0.304575	
1000	0.292000	0.980858	1000	0.292000	0.292000	0.304235	
1000	0.310000	0.980858	1000	0.310000	0.310000	0.304387	
1000	0.281000	0.980858	1000	0.281000	0.281000	0.303787	
1000	0.298000	0.980858	1000	0.298000	0.298000	0.303642	
1000	0.304000	0.980858	1000	0.304000	0.304000	0.303651	
1000	0.279000	0.980858	1000	0.279000	0.279000	0.303064	
1000	0.295000	0.980858	1000	0.295000	0.295000	0.302877	
1000	0.302000	0.980858	1000	0.302000	0.302000	0.302857	
1000	0.277000	0.980858	1000	0.277000	0.277000	0.302282	
1000	0.336000	0.980858	1000	0.336000	0.336000	0.303015	
1000	0.290000	0.980858	1000	0.290000	0.290000	0.302738	
1000	0.294000	0.980858	1000	0.294000	0.294000	0.302556	
1000	0.276000	0.980858	1000	0.276000	0.276000	0.302014	
1000	0.333000	0.980858	1000	0.333000	0.333000	0.302634	
1000	0.269000	0.980858	1000	0.269000	0.269000	0.301974	
1000	0.311000	0.980858	1000	0.311000	0.311000	0.302148	
1000	0.295000	0.980858	1000	0.295000	0.295000	0.302013	
1000	0.378000	0.980858	1000	0.378000	0.378000	0.303420	
1000	0.320000	0.980858	1000	0.320000	0.320000	0.303722	
1000	0.310000	0.980858	1000	0.310000	0.310000	0.303834	
1000	0.340000	0.980858	1000	0.340000	0.340000	0.304468	
1000	0.318000	0.980858	1000	0.318000	0.318000	0.304702	
1000	0.342000	0.980858	1000	0.342000	0.342000	0.305334	
1000	0.298000	0.980858	1000	0.298000	0.298000	0.305212	
1000	0.277000	0.980858	1000	0.277000	0.277000	0.304749	
1000	0.260000	0.980858	1000	0.260000	0.260000	0.304027	
1000	0.296000	0.980858	1000	0.296000	0.296000	0.303900	
1000	0.324000	0.980858	1000	0.324000	0.324000	0.304214	
1000	0.318000	0.980858	1000	0.318000	0.318000	0.304426	
1000	0.298000	0.980858	1000	0.298000	0.298000	0.304329	
1000	0.304000	0.980858	1000	0.304000	0.304000	0.304324	
1000	0.292000	0.980858	1000	0.292000	0.292000	0.304143	
1000	0.317000	0.980858	1000	0.317000	0.317000	0.304329	
1000	0.260000	0.980858	1000	0.260000	0.260000	0.303696	
1000	0.297000	0.980858	1000	0.297000	0.297000	0.303601	
1000	0.309000	0.980858	1000	0.309000	0.309000	0.303676	
1000	0.290000	0.980858	1000	0.290000	0.290000	0.303489	
1000	0.320000	0.980858	1000	0.320000	0.320000	0.303712	
1000	0.320000	0.980858	1000	0.320000	0.320000	0.303929	
1000	0.252000	0.980858	1000	0.252000	0.252000	0.303246	
1000	0.273000	0.980858	1000	0.273000	0.273000	0.302853	
1000	0.292000	0.980858	1000	0.292000	0.292000	0.302714	
1000	0.303000	0.980858	1000	0.303000	0.303000	0.302718	
1000	0.264000	0.980858	1000	0.264000	0.264000	0.302234	
1000	0.301000	0.980858	1000	0.301000	0.301000	0.302218	
1000	0.295000	0.980858	1000	0.295000	0.295000	0.302130	
1000	0.283000	0.980858	1000	0.283000	0.283000	0.301900	
1000	0.302000	0.980858	1000	0.302000	0.302000	0.301901	
1000	0.306000	0.980858	1000	0.306000	0.306000	0.301949	
1000	0.296000	0.980858	1000	0.296000	0.296000	0.301880	
1000	0.271000	0.980858	1000	0.271000	0.271000	0.301525	
1000	0.321000	0.980858	1000	0.321000	0.321000	0.301747	
1000	0.270000	0.980858	1000	0.270000	0.270000	0.301390	
1000	0.296000	0.980858	1000	0.296000	0.296000	0.301330	
1000	0.283000	0.980858	1000	0.283000	0.283000	0.301129	
1000	0.318000	0.980858	1000	0.318000	0.318000	0.301312	
1000	0.287000	0.980858	1000	0.287000	0.287000	0.301158	
1000	0.329000	0.980858	1000	0.329000	0.329000	0.301454	
1000	0.269000	0.980858	1000	0.269000	0.269000	0.301113	
1000	0.289000	0.980858	1000	0.289000	0.289000	0.300986	
1000	0.288000	0.980858	1000	0.288000	0.288000	0.300853	
1000	0.332000	0.980858	1000	0.332000	0.332000	0.301170	
1000	0.283000	0.980858	1000	0.283000	0.283000	0.300987	
1000	0.251000	0.980858	1000	0.251000	0.251000	0.300487	
1000	0.302000	0.980858	1000	0.302000	0.302000	0.300502	
1000	0.293000	0.980858	1000	0.293000	0.293000	0.300428	
1000	0.301000	0.980858	1000	0.301000	0.301000	0.300434	
1000	0.305000	0.980858	1000	0.305000	0.305000	0.300478	
1000	0.299000	0.980858	1000	0.299000	0.299000	0.300464	
1000	0.316000	0.980858	1000	0.316000	0.316000	0.300610	
1000	0.297000	0.980858	1000	0.297000	0.297000	0.300577	
1000	0.262000	0.980858	1000	0.262000	0.262000	0.300219	
1000	0.335000	0.980858	1000	0.335000	0.335000	0.300539	
1000	0.293000	0.980858	1000	0.293000	0.293000	0.300470	
1000	0.292000	0.980858	1000	0.292000	0.292000	0.300394	
1000	0.327000	0.980858	1000	0.327000	0.327000	0.300631	
1000	0.310000	0.980858	1000	0.310000	0.310000	0.300714	
1000	0.314000	0.980858	1000	0.314000	0.314000	0.300831	
1000	0.319000	0.980858	1000	0.319000	0.319000	0.300989	
1000	0.327000	0.980858	1000	0.327000	0.327000	0.301213	
1000	0.293000	0.980858	1000	0.293000	0.293000	0.301143	
1000	0.278000	0.980858	1000	0.278000	0.278000	0.300947	
1000	0.306000	0.980858	1000	0.306000	0.306000	0.300989	
1000	0.306000	0.980858	1000	0.306000	0.306000	0.301031	
1000	0.291000	0.980858	1000	0.291000	0.291000	0.300948	
1000	0.297000	0.980858	1000	0.297000	0.297000	0.300916	
1000	0.268000	0.980858	1000	0.268000	0.268000	0.300648	
1000	0.330000	0.980858	1000	0.330000	0.330000	0.300885	
1000	0.283000	0.980858	1000	0.283000	0.283000	0.300742	
1000	0.323000	0.980858	1000	0.323000	0.323000	0.300918	
1000	0.314000	0.980858	1000	0.314000	0.314000	0.301021	
1000	0.317000	0.980858	1000	0.317000	0.317000	0.301146	
1000	0.333000	0.980858	1000	0.333000	0.333000	0.301393	
1000	0.321000	0.980858	1000	0.321000	0.321000	0.301544	
1000	0.295000	0.980858	1000	0.295000	0.295000	0.301494	
1000	0.304000	0.980858	1000	0.304000	0.304000	0.301513	
1000	0.279000	0.980858	1000	0.279000	0.279000	0.301344	
1000	0.250000	0.980858	1000	0.250000	0.250000	0.300960	
1000	0.295000	0.980858	1000	0.295000	0.295000	0.300916	
1000	0.282000	0.980858	1000	0.282000	0.282000	0.300777	
1000	0.310000	0.980858	1000	0.310000	0.310000	0.300845	
1000	0.326000	0.980858	1000	0.326000	0.326000	0.301027	
1000	0.266000	0.980858	1000	0.266000	0.266000	0.300775	
1000	0.278000	0.980858	1000	0.278000	0.278000	0.300612	
1000	0.308000	0.980858	1000	0.308000	0.308000	0.300665	
1000	0.324000	0.980858	1000	0.324000	0.324000	0.300829	
1000	0.299000	0.980858	1000	0.299000	0.299000	0.300816	
1000	0.299000	0.980858	1000	0.299000	0.299000	0.300803	
1000	0.297000	0.980858	1000	0.297000	0.297000	0.300777	
1000	0.300000	0.980858	1000	0.300000	0.300000	0.300772	
1000	0.274000	0.980858	1000	0.274000	0.274000	0.300590	
1000	0.278000	0.980858	1000	0.278000	0.278000	0.300437	
1000	0.286000	0.980858	1000	0.286000	0.286000	0.300340	
1000	0.288000	0.980858	1000	0.288000	0.288000	0.300258	
1000	0.295000	0.980858	1000	0.295000	0.295000	0.300223	
1000	0.330000	0.980858	1000	0.330000	0.330000	0.300419	
1000	0.292000	0.980858	1000	0.292000	0.292000	0.300364	
1000	0.298000	0.980858	1000	0.298000	0.298000	0.300349	
1000	0.295000	0.980858	1000	0.295000	0.295000	0.300314	
1000	0.318000	0.980858	1000	0.318000	0.318000	0.300428	
1000	0.296000	0.980858	1000	0.296000	0.296000	0.300399	
1000	0.289000	0.980858	1000	0.289000	0.289000	0.300327	
1000	0.302000	0.980858	1000	0.302000	0.302000	0.300338	
1000	0.296000	0.980858	1000	0.296000	0.296000	0.300311	
1000	0.327000	0.980858	1000	0.327000	0.327000	0.300476	
1000	0.336000	0.980858	1000	0.336000	0.336000	0.300696	
1000	0.289000	0.980858	1000	0.289000	0.289000	0.300624	
1000	0.286000	0.980858	1000	0.286000	0.286000	0.300535	
1000	0.294000	0.980858	1000	0.294000	0.294000	0.300495	
1000	0.274000	0.980858	1000	0.274000	0.274000	0.300336	
1000	0.251000	0.980858	1000	0.251000	0.251000	0.300040	
1000	0.314000	0.980858	1000	0.314000	0.314000	0.300123	
1000	0.329000	0.980858	1000	0.329000	0.329000	0.300294	
1000	0.283000	0.980858	1000	0.283000	0.283000	0.300192	
1000	0.289000	0.980858	1000	0.289000	0.289000	0.300127	
1000	0.351000	0.980858	1000	0.351000	0.351000	0.300423	
1000	0.305000	0.980858	1000	0.305000	0.305000	0.300449	
1000	0.302000	0.980858	1000	0.302000	0.302000	0.300458	
1000	0.285000	0.980858	1000	0.285000	0.285000	0.300370	
1000	0.317000	0.980858	1000	0.317000	0.317000	0.300464	
1000	0.313000	0.980858	1000	0.313000	0.313000	0.300535	
1000	0.292000	0.980858	1000	0.292000	0.292000	0.300487	
1000	0.279000	0.980858	1000	0.279000	0.279000	0.300367	
1000	0.358000	0.980858	1000	0.358000	0.358000	0.300687	
1000	0.280000	0.980858	1000	0.280000	0.280000	0.300573	
1000	0.284000	0.980858	1000	0.284000	0.284000	0.300482	
1000	0.268000	0.980858	1000	0.268000	0.268000	0.300304	
1000	0.267000	0.980858	1000	0.267000	0.267000	0.300123	
1000	0.306000	0.980858	1000	0.306000	0.306000	0.300155	
1000	0.282000	0.980858	1000	0.282000	0.282000	0.300058	
1000	0.264000	0.980858	1000	0.264000	0.264000	0.299865	
1000	0.314000	0.980858	1000	0.314000	0.314000	0.299940	
1000	0.266000	0.980858	1000	0.266000	0.266000	0.299760	
1000	0.271000	0.980858	1000	0.271000	0.271000	0.299609	
1000	0.297000	0.980858	1000	0.297000	0.297000	0.299595	
1000	0.292000	0.980858	1000	0.292000	0.292000	0.299556	
1000	0.284000	0.980858	1000	0.284000	0.284000	0.299475	
1000	0.304000	0.980858	1000	0.304000	0.304000	0.299498	
1000	0.299000	0.980858	1000	0.299000	0.299000	0.299496	
1000	0.315000	0.980858	1000	0.315000	0.315000	0.299575	
1000	0.291000	0.980858	1000	0.291000	0.291000	0.299531	
1000	0.288000	0.980858	1000	0.288000	0.288000	0.299473	
1000	0.302000	0.980858	1000	0.302000	0.302000	0.299486	
1000	0.268000	0.980858	1000	0.268000	0.268000	0.299329	
1000	0.279000	0.980858	1000	0.279000	0.279000	0.299227	
1000	0.246000	0.980858	1000	0.246000	0.246000	0.298964	
1000	0.306000	0.980858	1000	0.306000	0.306000	0.298999	
1000	0.298000	0.980858	1000	0.298000	0.298000	0.298994	
1000	0.295000	0.980858	1000	0.295000	0.295000	0.298974	
1000	0.324000	0.980858	1000	0.324000	0.324000	0.299096	
1000	0.262000	0.980858	1000	0.262000	0.262000	0.298916	
1000	0.293000	0.980858	1000	0.293000	0.293000	0.298888	
1000	0.326000	0.980858	1000	0.326000	0.326000	0.299018	
1000	0.291000	0.980858	1000	0.291000	0.291000	0.298980	
1000	0.323000	0.980858	1000	0.323000	0.323000	0.299093	
1000	0.301000	0.980858	1000	0.301000	0.301000	0.299102	
1000	0.300000	0.980858	1000	0.300000	0.300000	0.299107	
1000	0.291000	0.980858	1000	0.291000	0.291000	0.299069	
1000	0.294000	0.980858	1000	0.294000	0.294000	0.299045	
1000	0.307000	0.980858	1000	0.307000	0.307000	0.299082	
1000	0.304000	0.980858	1000	0.304000	0.304000	0.299105	
1000	0.301000	0.980858	1000	0.301000	0.301000	0.299113	
1000	0.303000	0.980858	1000	0.303000	0.303000	0.299131	
1000	0.287000	0.980858	1000	0.287000	0.287000	0.299076	
1000	0.293000	0.980858	1000	0.293000	0.293000	0.299048	
1000	0.298000	0.980858	1000	0.298000	0.298000	0.299044	
1000	0.274000	0.980858	1000	0.274000	0.274000	0.298931	
1000	0.327000	0.980858	1000	0.327000	0.327000	0.299057	
1000	0.308000	0.980858	1000	0.308000	0.308000	0.299096	
1000	0.289000	0.980858	1000	0.289000	0.289000	0.299052	
1000	0.296000	0.980858	1000	0.296000	0.296000	0.299038	
1000	0.304000	0.980858	1000	0.304000	0.304000	0.299060	
1000	0.291000	0.980858	1000	0.291000	0.291000	0.299025	
1000	0.281000	0.980858	1000	0.281000	0.281000	0.298947	
1000	0.303000	0.980858	1000	0.303000	0.303000	0.298964	
1000	0.296000	0.980858	1000	0.296000	0.296000	0.298951	
1000	0.280000	0.980858	1000	0.280000	0.280000	0.298870	
1000	0.315000	0.980858	1000	0.315000	0.315000	0.298939	
1000	0.305000	0.980858	1000	0.305000	0.305000	0.298965	
1000	0.288000	0.980858	1000	0.288000	0.288000	0.298918	
1000	0.296000	0.980858	1000	0.296000	0.296000	0.298906	
1000	0.302000	0.980858	1000	0.302000	0.302000	0.298919	
1000	0.317000	0.980858	1000	0.317000	0.317000	0.298995	
1000	0.266000	0.980858	1000	0.266000	0.266000	0.298857	
1000	0.299000	0.980858	1000	0.299000	0.299000	0.298858	
1000	0.283000	0.980858	1000	0.283000	0.283000	0.298792	
1000	0.281000	0.980858	1000	0.281000	0.281000	0.298719	
1000	0.301000	0.980858	1000	0.301000	0.301000	0.298728	
1000	0.307000	0.980858	1000	0.307000	0.307000	0.298762	
1000	0.281000	0.980858	1000	0.281000	0.281000	0.298690	
1000	0.321000	0.980858	1000	0.321000	0.321000	0.298780	
1000	0.277000	0.980858	1000	0.277000	0.277000	0.298692	
1000	0.283000	0.980858	1000	0.283000	0.283000	0.298629	
1000	0.329000	0.980858	1000	0.329000	0.329000	0.298751	
1000	0.275000	0.980858	1000	0.275000	0.275000	0.298656	
1000	0.315000	0.980858	1000	0.315000	0.315000	0.298721	
1000	0.277000	0.980858	1000	0.277000	0.277000	0.298635	
1000	0.301000	0.980858	1000	0.301000	0.301000	0.298644	
1000	0.282000	0.980858	1000	0.282000	0.282000	0.298579	
1000	0.285000	0.980858	1000	0.285000	0.285000	0.298526	
1000	0.287000	0.980858	1000	0.287000	0.287000	0.298481	
1000	0.269000	0.980858	1000	0.269000	0.269000	0.298367	
1000	0.302000	0.980858	1000	0.302000	0.302000	0.298381	
1000	0.307000	0.980858	1000	0.307000	0.307000	0.298414	
1000	0.298000	0.980858	1000	0.298000	0.298000	0.298413	
1000	0.293000	0.980858	1000	0.293000	0.293000	0.298392	
1000	0.295000	0.980858	1000	0.295000	0.295000	0.298379	
1000	0.295000	0.980858	1000	0.295000	0.295000	0.298366	
1000	0.312000	0.980858	1000	0.312000	0.312000	0.298418	
1000	0.301000	0.980858	1000	0.301000	0.301000	0.298427	
1000	0.297000	0.980858	1000	0.297000	0.297000	0.298422	
1000	0.302000	0.980858	1000	0.302000	0.302000	0.298435	
1000	0.282000	0.980858	1000	0.282000	0.282000	0.298374	
1000	0.354000	0.980858	1000	0.354000	0.354000	0.298580	
1000	0.268000	0.980858	1000	0.268000	0.268000	0.298468	
1000	0.298000	0.980858	1000	0.298000	0.298000	0.298466	
1000	0.316000	0.980858	1000	0.316000	0.316000	0.298530	
1000	0.291000	0.980858	1000	0.291000	0.291000	0.298503	
1000	0.306000	0.980858	1000	0.306000	0.306000	0.298530	
1000	0.277000	0.980858	1000	0.277000	0.277000	0.298452	
1000	0.311000	0.980858	1000	0.311000	0.311000	0.298497	
1000	0.316000	0.980858	1000	0.316000	0.316000	0.298560	
1000	0.296000	0.980858	1000	0.296000	0.296000	0.298551	
1000	0.255000	0.980858	1000	0.255000	0.255000	0.298395	
1000	0.301000	0.980858	1000	0.301000	0.301000	0.298405	
1000	0.289000	0.980858	1000	0.289000	0.289000	0.298371	
1000	0.315000	0.980858	1000	0.315000	0.315000	0.298430	
1000	0.298000	0.980858	1000	0.298000	0.298000	0.298429	
1000	0.294000	0.980858	1000	0.294000	0.294000	0.298413	
1000	0.284000	0.980858	1000	0.284000	0.284000	0.298363	
1000	0.302000	0.980858	1000	0.302000	0.302000	0.298375	
1000	0.298000	0.980858	1000	0.298000	0.298000	0.298374	
1000	0.270000	0.980858	1000	0.270000	0.270000	0.298276	
1000	0.319000	0.980858	1000	0.319000	0.319000	0.298347	
1000	0.287000	0.980858	1000	0.287000	0.287000	0.298308	
1000	0.298000	0.980858	1000	0.298000	0.298000	0.298307	
1000	0.300000	0.980858	1000	0.300000	0.300000	0.298313	
1000	0.280000	0.980858	1000	0.280000	0.280000	0.298251	
1000	0.289000	0.980858	1000	0.289000	0.289000	0.298219	
1000	0.296000	0.980858	1000	0.296000	0.296000	0.298212	
1000	0.317000	0.980858	1000	0.317000	0.317000	0.298275	
1000	0.279000	0.980858	1000	0.279000	0.279000	0.298210	
1000	0.308000	0.980858	1000	0.308000	0.308000	0.298243	
1000	0.282000	0.980858	1000	0.282000	0.282000	0.298189	
1000	0.297000	0.980858	1000	0.297000	0.297000	0.298185	
1000	0.289000	0.980858	1000	0.289000	0.289000	0.298155	
1000	0.308000	0.980858	1000	0.308000	0.308000	0.298187	
1000	0.308000	0.980858	1000	0.308000	0.308000	0.298219	
1000	0.290000	0.980858	1000	0.290000	0.290000	0.298192	
1000	0.332000	0.980858	1000	0.332000	0.332000	0.298303	
1000	0.322000	0.980858	1000	0.322000	0.322000	0.298380	
1000	0.298000	0.980858	1000	0.298000	0.298000	0.298379	
1000	0.280000	0.980858	1000	0.280000	0.280000	0.298319	
1000	0.325000	0.980858	1000	0.325000	0.325000	0.298405	
1000	0.289000	0.980858	1000	0.289000	0.289000	0.298375	
1000	0.282000	0.980858	1000	0.282000	0.282000	0.298323	
1000	0.308000	0.980858	1000	0.308000	0.308000	0.298354	
1000	0.311000	0.980858	1000	0.311000	0.311000	0.298394	
1000	0.354000	0.980858	1000	0.354000	0.354000	0.298570	
1000	0.318000	0.980858	1000	0.318000	0.318000	0.298632	
1000	0.348000	0.980858	1000	0.348000	0.348000	0.298788	
1000	0.359000	0.980858	1000	0.359000	0.359000	0.298977	
1000	0.351000	0.980858	1000	0.351000	0.351000	0.299140	
1000	0.318000	0.980858	1000	0.318000	0.318000	0.299199	
1000	0.316000	0.980858	1000	0.316000	0.316000	0.299251	
1000	0.285000	0.980858	1000	0.285000	0.285000	0.299207	
1000	0.303000	0.980858	1000	0.303000	0.303000	0.299219	
1000	0.352000	0.980858	1000	0.352000	0.352000	0.299382	
1000	0.318000	0.980858	1000	0.318000	0.318000	0.299439	
1000	0.356000	0.980858	1000	0.356000	0.356000	0.299613	
1000	0.369000	0.980858	1000	0.369000	0.369000	0.299825	
1000	0.328000	0.980858	1000	0.328000	0.328000	0.299911	
1000	0.295000	0.980858	1000	0.295000	0.295000	0.299896	
1000	0.308000	0.980858	1000	0.308000	0.308000	0.299920	
1000	0.235000	0.980858	1000	0.235000	0.235000	0.299724	
1000	0.291000	0.980858	1000	0.291000	0.291000	0.299698	
1000	0.263000	0.980858	1000	0.263000	0.263000	0.299588	
1000	0.294000	0.980858	1000	0.294000	0.294000	0.299571	
1000	0.254000	0.980858	1000	0.254000	0.254000	0.299435	
1000	0.289000	0.980858	1000	0.289000	0.289000	0.299404	
1000	0.303000	0.980858	1000	0.303000	0.303000	0.299415	
1000	0.310000	0.980858	1000	0.310000	0.310000	0.299446	
1000	0.288000	0.980858	1000	0.288000	0.288000	0.299412	
1000	0.292000	0.980858	1000	0.292000	0.292000	0.299390	
1000	0.295000	0.980858	1000	0.295000	0.295000	0.299377	
1000	0.307000	0.980858	1000	0.307000	0.307000	0.299400	
1000	0.296000	0.980858	1000	0.296000	0.296000	0.299390	
1000	0.288000	0.980858	1000	0.288000	0.288000	0.299357	
1000	0.282000	0.980858	1000	0.282000	0.282000	0.299306	
1000	0.290000	0.980858	1000	0.290000	0.290000	0.299279	
1000	0.265000	0.980858	1000	0.265000	0.265000	0.299181	
1000	0.281000	0.980858	1000	0.281000	0.281000	0.299128	
1000	0.295000	0.980858	1000	0.295000	0.295000	0.299117	
1000	0.314000	0.980858	1000	0.314000	0.314000	0.299159	
1000	0.351000	0.980858	1000	0.351000	0.351000	0.299307	
1000	0.312000	0.980858	1000	0.312000	0.312000	0.299343	
1000	0.306000	0.980858	1000	0.306000	0.306000	0.299362	
1000	0.312000	0.980858	1000	0.312000	0.312000	0.299397	
1000	0.271000	0.980858	1000	0.271000	0.271000	0.299317	
1000	0.277000	0.980858	1000	0.277000	0.277000	0.299255	
1000	0.276000	0.980858	1000	0.276000	0.276000	0.299190	
1000	0.280000	0.980858	1000	0.280000	0.280000	0.299136	
1000	0.268000	0.980858	1000	0.268000	0.268000	0.299049	
1000	0.252000	0.980858	1000	0.252000	0.252000	0.298919	
1000	0.297000	0.980858	1000	0.297000	0.297000	0.298913	
1000	0.297000	0.980858	1000	0.297000	0.297000	0.298908	
1000	0.328000	0.980858	1000	0.328000	0.328000	0.298988	
1000	0.300000	0.980858	1000	0.300000	0.300000	0.298991	
1000	0.328000	0.980858	1000	0.328000	0.328000	0.299070	
1000	0.318000	0.980858	1000	0.318000	0.318000	0.299122	
1000	0.338000	0.980858	1000	0.338000	0.338000	0.299228	
1000	0.362000	0.980858	1000	0.362000	0.362000	0.299399	
1000	0.300000	0.980858	1000	0.300000	0.300000	0.299400	
1000	0.319000	0.980858	1000	0.319000	0.319000	0.299453	
1000	0.295000	0.980858	1000	0.295000	0.295000	0.299441	
1000	0.313000	0.980858	1000	0.313000	0.313000	0.299478	
1000	0.324000	0.980858	1000	0.324000	0.324000	0.299543	
1000	0.295000	0.980858	1000	0.295000	0.295000	0.299531	
1000	0.290000	0.980858	1000	0.290000	0.290000	0.299506	
1000	0.269000	0.980858	1000	0.269000	0.269000	0.299425	
1000	0.275000	0.980858	1000	0.275000	0.275000	0.299360	
1000	0.298000	0.980858	1000	0.298000	0.298000	0.299356	
1000	0.266000	0.980858	1000	0.266000	0.266000	0.299268	
1000	0.271000	0.980858	1000	0.271000	0.271000	0.299194	
1000	0.275000	0.980858	1000	0.275000	0.275000	0.299130	
1000	0.294000	0.980858	1000	0.294000	0.294000	0.299117	
1000	0.287000	0.980858	1000	0.287000	0.287000	0.299085	
1000	0.264000	0.980858	1000	0.264000	0.264000	0.298994	
1000	0.286000	0.980858	1000	0.286000	0.286000	0.298960	
1000	0.308000	0.980858	1000	0.308000	0.308000	0.298984	
1000	0.281000	0.980858	1000	0.281000	0.281000	0.298937	
1000	0.303000	0.980858	1000	0.303000	0.303000	0.298948	
1000	0.285000	0.980858	1000	0.285000	0.285000	0.298912	
1000	0.261000	0.980858	1000	0.261000	0.261000	0.298815	
1000	0.274000	0.980858	1000	0.274000	0.274000	0.298751	
1000	0.272000	0.980858	1000	0.272000	0.272000	0.298683	
1000	0.332000	0.980858	1000	0.332000	0.332000	0.298768	
1000	0.279000	0.980858	1000	0.279000	0.279000	0.298718	
1000	0.337000	0.980858	1000	0.337000	0.337000	0.298814	
1000	0.301000	0.980858	1000	0.301000	0.301000	0.298820	
1000	0.290000	0.980858	1000	0.290000	0.290000	0.298798	
1000	0.285000	0.980858	1000	0.285000	0.285000	0.298763	
1000	0.311000	0.980858	1000	0.311000	0.311000	0.298794	
1000	0.315000	0.980858	1000	0.315000	0.315000	0.298834	
1000	0.306000	0.980858	1000	0.306000	0.306000	0.298852	
1000	0.294000	0.980858	1000	0.294000	0.294000	0.298840	
1000	0.298000	0.980858	1000	0.298000	0.298000	0.298838	
1000	0.296000	0.980858	1000	0.296000	0.296000	0.298831	
1000	0.306000	0.980858	1000	0.306000	0.306000	0.298849	
1000	0.319000	0.980858	1000	0.319000	0.319000	0.298898	
1000	0.281000	0.980858	1000	0.281000	0.281000	0.298854	
1000	0.280000	0.980858	1000	0.280000	0.280000	0.298808	
1000	0.270000	0.980858	1000	0.270000	0.270000	0.298738	
1000	0.278000	0.980858	1000	0.278000	0.278000	0.298687	
1000	0.290000	0.980858	1000	0.290000	0.290000	0.298666	
1000	0.268000	0.980858	1000	0.268000	0.268000	0.298592	
1000	0.287000	0.980858	1000	0.287000	0.287000	0.298563	
1000	0.283000	0.980858	1000	0.283000	0.283000	0.298526	
1000	0.312000	0.980858	1000	0.312000	0.312000	0.298558	
1000	0.299000	0.980858	1000	0.299000	0.299000	0.298559	
1000	0.292000	0.980858	1000	0.292000	0.292000	0.298544	
1000	0.321000	0.980858	1000	0.321000	0.321000	0.298597	
1000	0.309000	0.980858	1000	0.309000	0.309000	0.298622	
1000	0.300000	0.980858	1000	0.300000	0.300000	0.298625	
1000	0.362000	0.980858	1000	0.362000	0.362000	0.298776	
1000	0.285000	0.980858	1000	0.285000	0.285000	0.298743	
1000	0.290000	0.980858	1000	0.290000	0.290000	0.298723	
1000	0.267000	0.980858	1000	0.267000	0.267000	0.298648	
1000	0.253000	0.980858	1000	0.253000	0.253000	0.298540	
1000	0.268000	0.980858	1000	0.268000	0.268000	0.298469	
1000	0.243000	0.980858	1000	0.243000	0.243000	0.298339	
1000	0.278000	0.980858	1000	0.278000	0.278000	0.298291	
1000	0.277000	0.980858	1000	0.277000	0.277000	0.298242	
1000	0.293000	0.980858	1000	0.293000	0.293000	0.298230	
1000	0.289000	0.980858	1000	0.289000	0.289000	0.298208	
1000	0.311000	0.980858	1000	0.311000	0.311000	0.298238	
1000	0.279000	0.980858	1000	0.279000	0.279000	0.298193	
1000	0.318000	0.980858	1000	0.318000	0.318000	0.298239	
1000	0.289000	0.980858	1000	0.289000	0.289000	0.298218	
1000	0.260000	0.980858	1000	0.260000	0.260000	0.298130	
1000	0.272000	0.980858	1000	0.272000	0.272000	0.298070	
1000	0.323000	0.980858	1000	0.323000	0.323000	0.298127	
1000	0.308000	0.980858	1000	0.308000	0.308000	0.298150	
1000	0.288000	0.980858	1000	0.288000	0.288000	0.298127	
1000	0.279000	0.980858	1000	0.279000	0.279000	0.298083	
1000	0.301000	0.980858	1000	0.301000	0.301000	0.298090	
1000	0.272000	0.980858	1000	0.272000	0.272000	0.298031	
1000	0.301000	0.980858	1000	0.301000	0.301000	0.298038	
1000	0.282000	0.980858	1000	0.282000	0.282000	0.298002	
1000	0.287000	0.980858	1000	0.287000	0.287000	0.297977	
1000	0.304000	0.980858	1000	0.304000	0.304000	0.297990	
1000	0.292000	0.980858	1000	0.292000	0.292000	0.297977	
1000	0.258000	0.980858	1000	0.258000	0.258000	0.297888	
1000	0.308000	0.980858	1000	0.308000	0.308000	0.297910	
1000	0.289000	0.980858	1000	0.289000	0.289000	0.297891	
1000	0.303000	0.980858	1000	0.303000	0.303000	0.297902	
1000	0.297000	0.980858	1000	0.297000	0.297000	0.297900	
1000	0.275000	0.980858	1000	0.275000	0.275000	0.297850	
1000	0.304000	0.980858	1000	0.304000	0.304000	0.297863	
1000	0.296000	0.980858	1000	0.296000	0.296000	0.297859	
1000	0.291000	0.980858	1000	0.291000	0.291000	0.297844	
1000	0.303000	0.980858	1000	0.303000	0.303000	0.297855	
1000	0.293000	0.980858	1000	0.293000	0.293000	0.297845	
1000	0.306000	0.980858	1000	0.306000	0.306000	0.297862	
1000	0.340000	0.980858	1000	0.340000	0.340000	0.297954	
1000	0.331000	0.980858	1000	0.331000	0.331000	0.298025	
1000	0.270000	0.980858	1000	0.270000	0.270000	0.297965	
1000	0.367000	0.980858	1000	0.367000	0.367000	0.298114	
1000	0.274000	0.980858	1000	0.274000	0.274000	0.298062	
1000	0.307000	0.980858	1000	0.307000	0.307000	0.298081	
1000	0.274000	0.980858	1000	0.274000	0.274000	0.298029	
1000	0.281000	0.980858	1000	0.281000	0.281000	0.297993	
1000	0.276000	0.980858	1000	0.276000	0.276000	0.297946	
1000	0.266000	0.980858	1000	0.266000	0.266000	0.297878	
1000	0.284000	0.980858	1000	0.284000	0.284000	0.297849	
1000	0.255000	0.980858	1000	0.255000	0.255000	0.297758	
1000	0.278000	0.980858	1000	0.278000	0.278000	0.297716	
1000	0.295000	0.980858	1000	0.295000	0.295000	0.297710	
1000	0.318000	0.980858	1000	0.318000	0.318000	0.297753	
1000	0.240000	0.980858	1000	0.240000	0.240000	0.297632	
1000	0.291000	0.980858	1000	0.291000	0.291000	0.297618	
1000	0.272000	0.980858	1000	0.272000	0.272000	0.297564	
1000	0.253000	0.980858	1000	0.253000	0.253000	0.297471	
1000	0.277000	0.980858	1000	0.277000	0.277000	0.297429	
1000	0.295000	0.980858	1000	0.295000	0.295000	0.297423	
1000	0.319000	0.980858	1000	0.319000	0.319000	0.297468	
1000	0.273000	0.980858	1000	0.273000	0.273000	0.297418	
1000	0.306000	0.980858	1000	0.306000	0.306000	0.297435	
1000	0.297000	0.980858	1000	0.297000	0.297000	0.297434	
1000	0.301000	0.980858	1000	0.301000	0.301000	0.297442	
1000	0.299000	0.980858	1000	0.299000	0.299000	0.297445	
1000	0.264000	0.980858	1000	0.264000	0.264000	0.297376	
1000	0.279000	0.980858	1000	0.279000	0.279000	0.297339	
1000	0.286000	0.980858	1000	0.286000	0.286000	0.297316	
1000	0.287000	0.980858	1000	0.287000	0.287000	0.297295	
1000	0.298000	0.980858	1000	0.298000	0.298000	0.297296	
1000	0.309000	0.980858	1000	0.309000	0.309000	0.297320	
1000	0.320000	0.980858	1000	0.320000	0.320000	0.297366	
1000	0.316000	0.980858	1000	0.316000	0.316000	0.297403	
1000	0.317000	0.980858	1000	0.317000	0.317000	0.297443	
1000	0.295000	0.980858	1000	0.295000	0.295000	0.297438	
1000	0.306000	0.980858	1000	0.306000	0.306000	0.297455	
1000	0.293000	0.980858	1000	0.293000	0.293000	0.297446	
1000	0.290000	0.980858	1000	0.290000	0.290000	0.297431	
1000	0.286000	0.980858	1000	0.286000	0.286000	0.297409	
1000	0.289000	0.980858	1000	0.289000	0.289000	0.297392	
1000	0.309000	0.980858	1000	0.309000	0.309000	0.297415	
1000	0.280000	0.980858	1000	0.280000	0.280000	0.297380	
1000	0.304000	0.980858	1000	0.304000	0.304000	0.297393	
1000	0.299000	0.980858	1000	0.299000	0.299000	0.297397	
1000	0.297000	0.980858	1000	0.297000	0.297000	0.297396	
1000	0.296000	0.980858	1000	0.296000	0.296000	0.297393	
1000	0.315000	0.980858	1000	0.315000	0.315000	0.297428	
1000	0.302000	0.980858	1000	0.302000	0.302000	0.297437	
1000	0.255000	0.980858	1000	0.255000	0.255000	0.297354	
1000	0.272000	0.980858	1000	0.272000	0.272000	0.297304	
1000	0.260000	0.980858	1000	0.260000	0.260000	0.297231	
1000	0.284000	0.980858	1000	0.284000	0.284000	0.297206	
1000	0.306000	0.980858	1000	0.306000	0.306000	0.297223	
1000	0.271000	0.980858	1000	0.271000	0.271000	0.297172	
1000	0.270000	0.980858	1000	0.270000	0.270000	0.297119	
1000	0.288000	0.980858	1000	0.288000	0.288000	0.297102	
1000	0.281000	0.980858	1000	0.281000	0.281000	0.297071	
1000	0.325000	0.980858	1000	0.325000	0.325000	0.297124	
1000	0.283000	0.980858	1000	0.283000	0.283000	0.297097	
1000	0.300000	0.980858	1000	0.300000	0.300000	0.297103	
1000	0.273000	0.980858	1000	0.273000	0.273000	0.297057	
1000	0.280000	0.980858	1000	0.280000	0.280000	0.297024	
1000	0.300000	0.980858	1000	0.300000	0.300000	0.297030	
1000	0.283000	0.980858	1000	0.283000	0.283000	0.297003	
1000	0.289000	0.980858	1000	0.289000	0.289000	0.296988	
1000	0.363000	0.980858	1000	0.363000	0.363000	0.297113	
1000	0.288000	0.980858	1000	0.288000	0.288000	0.297096	
1000	0.315000	0.980858	1000	0.315000	0.315000	0.297130	
1000	0.286000	0.980858	1000	0.286000	0.286000	0.297109	
1000	0.307000	0.980858	1000	0.307000	0.307000	0.297127	
1000	0.276000	0.980858	1000	0.276000	0.276000	0.297088	
1000	0.316000	0.980858	1000	0.316000	0.316000	0.297123	
1000	0.286000	0.980858	1000	0.286000	0.286000	0.297102	
1000	0.305000	0.980858	1000	0.305000	0.305000	0.297117	
1000	0.319000	0.980858	1000	0.319000	0.319000	0.297158	
1000	0.299000	0.980858	1000	0.299000	0.299000	0.297161	
1000	0.283000	0.980858	1000	0.283000	0.283000	0.297135	
1000	0.293000	0.980858	1000	0.293000	0.293000	0.297127	
1000	0.296000	0.980858	1000	0.296000	0.296000	0.297125	
1000	0.316000	0.980858	1000	0.316000	0.316000	0.297160	
1000	0.284000	0.980858	1000	0.284000	0.284000	0.297136	
1000	0.307000	0.980858	1000	0.307000	0.307000	0.297154	
1000	0.288000	0.980858	1000	0.288000	0.288000	0.297137	
1000	0.268000	0.980858	1000	0.268000	0.268000	0.297084	
1000	0.283000	0.980858	1000	0.283000	0.283000	0.297058	
1000	0.297000	0.980858	1000	0.297000	0.297000	0.297058	
1000	0.281000	0.980858	1000	0.281000	0.281000	0.297029	
1000	0.294000	0.980858	1000	0.294000	0.294000	0.297023	
1000	0.292000	0.980858	1000	0.292000	0.292000	0.297014	
1000	0.299000	0.980858	1000	0.299000	0.299000	0.297018	
1000	0.284000	0.980858	1000	0.284000	0.284000	0.296994	
1000	0.323000	0.980858	1000	0.323000	0.323000	0.297041	
1000	0.279000	0.980858	1000	0.279000	0.279000	0.297008	
1000	0.324000	0.980858	1000	0.324000	0.324000	0.297057	
1000	0.299000	0.980858	1000	0.299000	0.299000	0.297061	
1000	0.282000	0.980858	1000	0.282000	0.282000	0.297034	
1000	0.285000	0.980858	1000	0.285000	0.285000	0.297012	
1000	0.283000	0.980858	1000	0.283000	0.283000	0.296987	
1000	0.311000	0.980858	1000	0.311000	0.311000	0.297012	
1000	0.271000	0.980858	1000	0.271000	0.271000	0.296966	
1000	0.317000	0.980858	1000	0.317000	0.317000	0.297001	
1000	0.278000	0.980858	1000	0.278000	0.278000	0.296968	
1000	0.327000	0.980858	1000	0.327000	0.327000	0.297021	
1000	0.270000	0.980858	1000	0.270000	0.270000	0.296973	
1000	0.288000	0.980858	1000	0.288000	0.288000	0.296957	
1000	0.297000	0.980858	1000	0.297000	0.297000	0.296957	
1000	0.291000	0.980858	1000	0.291000	0.291000	0.296947	
1000	0.282000	0.980858	1000	0.282000	0.282000	0.296921	
1000	0.282000	0.980858	1000	0.282000	0.282000	0.296894	
1000	0.286000	0.980858	1000	0.286000	0.286000	0.296875	
1000	0.305000	0.980858	1000	0.305000	0.305000	0.296890	
1000	0.280000	0.980858	1000	0.280000	0.280000	0.296860	
1000	0.324000	0.980858	1000	0.324000	0.324000	0.296907	
1000	0.285000	0.980858	1000	0.285000	0.285000	0.296887	
1000	0.280000	0.980858	1000	0.280000	0.280000	0.296857	
1000	0.300000	0.980858	1000	0.300000	0.300000	0.296863	
1000	0.276000	0.980858	1000	0.276000	0.276000	0.296827	
1000	0.261000	0.980858	1000	0.261000	0.261000	0.296765	
1000	0.301000	0.980858	1000	0.301000	0.301000	0.296772	
1000	0.305000	0.980858	1000	0.305000	0.305000	0.296786	
1000	0.280000	0.980858	1000	0.280000	0.280000	0.296758	
1000	0.324000	0.980858	1000	0.324000	0.324000	0.296804	
1000	0.301000	0.980858	1000	0.301000	0.301000	0.296811	
1000	0.310000	0.980858	1000	0.310000	0.310000	0.296834	
1000	0.329000	0.980858	1000	0.329000	0.329000	0.296889	
1000	0.264000	0.980858	1000	0.264000	0.264000	0.296833	
1000	0.276000	0.980858	1000	0.276000	0.276000	0.296797	
1000	0.289000	0.980858	1000	0.289000	0.289000	0.296784	
1000	0.293000	0.980858	1000	0.293000	0.293000	0.296778	
1000	0.300000	0.980858	1000	0.300000	0.300000	0.296783	
1000	0.331000	0.980858	1000	0.331000	0.331000	0.296841	
1000	0.292000	0.980858	1000	0.292000	0.292000	0.296833	
1000	0.316000	0.980858	1000	0.316000	0.316000	0.296865	
1000	0.282000	0.980858	1000	0.282000	0.282000	0.296840	
1000	0.276000	0.980858	1000	0.276000	0.276000	0.296805	
1000	0.277000	0.980858	1000	0.277000	0.277000	0.296772	
1000	0.286000	0.980858	1000	0.286000	0.286000	0.296754	
1000	0.328000	0.980858	1000	0.328000	0.328000	0.296806	
1000	0.287000	0.980858	1000	0.287000	0.287000	0.296790	
1000	0.291000	0.980858	1000	0.291000	0.291000	0.296780	
1000	0.274000	0.980858	1000	0.274000	0.274000	0.296742	
1000	0.276000	0.980858	1000	0.276000	0.276000	0.296708	
1000	0.288000	0.980858	1000	0.288000	0.288000	0.296694	
1000	0.285000	0.980858	1000	0.285000	0.285000	0.296674	
1000	0.257000	0.980858	1000	0.257000	0.257000	0.296609	
1000	0.280000	0.980858	1000	0.280000	0.280000	0.296582	
1000	0.359000	0.980858	1000	0.359000	0.359000	0.296684	
1000	0.318000	0.980858	1000	0.318000	0.318000	0.296719	
1000	0.299000	0.980858	1000	0.299000	0.299000	0.296723	
1000	0.292000	0.980858	1000	0.292000	0.292000	0.296715	
1000	0.285000	0.980858	1000	0.285000	0.285000	0.296696	
1000	0.276000	0.980858	1000	0.276000	0.276000	0.296662	
1000	0.324000	0.980858	1000	0.324000	0.324000	0.296707	
1000	0.298000	0.980858	1000	0.298000	0.298000	0.296709	
1000	0.287000	0.980858	1000	0.287000	0.287000	0.296693	
1000	0.303000	0.980858	1000	0.303000	0.303000	0.296703	
1000	0.282000	0.980858	1000	0.282000	0.282000	0.296680	
1000	0.311000	0.980858	1000	0.311000	0.311000	0.296703	
1000	0.315000	0.980858	1000	0.315000	0.315000	0.296732	
1000	0.304000	0.980858	1000	0.304000	0.304000	0.296744	
1000	0.269000	0.980858	1000	0.269000	0.269000	0.296699	
1000	0.301000	0.980858	1000	0.301000	0.301000	0.296706	
1000	0.322000	0.980858	1000	0.322000	0.322000	0.296747	
1000	0.309000	0.980858	1000	0.309000	0.309000	0.296766	
1000	0.287000	0.980858	1000	0.287000	0.287000	0.296751	
1000	0.258000	0.980858	1000	0.258000	0.258000	0.296689	
1000	0.306000	0.980858	1000	0.306000	0.306000	0.296704	
1000	0.308000	0.980858	1000	0.308000	0.308000	0.296722	
1000	0.329000	0.980858	1000	0.329000	0.329000	0.296773	
1000	0.311000	0.980858	1000	0.311000	0.311000	0.296795	
1000	0.252000	0.980858	1000	0.252000	0.252000	0.296725	
1000	0.279000	0.980858	1000	0.279000	0.279000	0.296697	
1000	0.281000	0.980858	1000	0.281000	0.281000	0.296672	
1000	0.320000	0.980858	1000	0.320000	0.320000	0.296709	
1000	0.323000	0.980858	1000	0.323000	0.323000	0.296750	
1000	0.291000	0.980858	1000	0.291000	0.291000	0.296741	
1000	0.301000	0.980858	1000	0.301000	0.301000	0.296748	
1000	0.297000	0.980858	1000	0.297000	0.297000	0.296748	
1000	0.312000	0.980858	1000	0.312000	0.312000	0.296772	
1000	0.274000	0.980858	1000	0.274000	0.274000	0.296736	
1000	0.313000	0.980858	1000	0.313000	0.313000	0.296762	
1000	0.313000	0.980858	1000	0.313000	0.313000	0.296787	
1000	0.295000	0.980858	1000	0.295000	0.295000	0.296784	
1000	0.261000	0.980858	1000	0.261000	0.261000	0.296729	
1000	0.277000	0.980858	1000	0.277000	0.277000	0.296698	
1000	0.279000	0.980858	1000	0.279000	0.279000	0.296671	
1000	0.334000	0.980858	1000	0.334000	0.334000	0.296728	
1000	0.318000	0.980858	1000	0.318000	0.318000	0.296761	
1000	0.348000	0.980858	1000	0.348000	0.348000	0.296840	
1000	0.277000	0.980858	1000	0.277000	0.277000	0.296809	
1000	0.284000	0.980858	1000	0.284000	0.284000	0.296790	
1000	0.351000	0.980858	1000	0.351000	0.351000	0.296873	
1000	0.330000	0.980858	1000	0.330000	0.330000	0.296923	
1000	0.291000	0.980858	1000	0.291000	0.291000	0.296914	
1000	0.262000	0.980858	1000	0.262000	0.262000	0.296861	
1000	0.321000	0.980858	1000	0.321000	0.321000	0.296898	
1000	0.297000	0.980858	1000	0.297000	0.297000	0.296898	
1000	0.296000	0.980858	1000	0.296000	0.296000	0.296897	
1000	0.322000	0.980858	1000	0.322000	0.322000	0.296934	
1000	0.298000	0.980858	1000	0.298000	0.298000	0.296936	
1000	0.309000	0.980858	1000	0.309000	0.309000	0.296954	
1000	0.285000	0.980858	1000	0.285000	0.285000	0.296936	
1000	0.288000	0.980858	1000	0.288000	0.288000	0.296923	
1000	0.302000	0.980858	1000	0.302000	0.302000	0.296930	
1000	0.289000	0.980858	1000	0.289000	0.289000	0.296919	
1000	0.349000	0.980858	1000	0.349000	0.349000	0.296997	
1000	0.285000	0.980858	1000	0.285000	0.285000	0.296979	
1000	0.295000	0.980858	1000	0.295000	0.295000	0.296976	
1000	0.299000	0.980858	1000	0.299000	0.299000	0.296979	
1000	0.328000	0.980858	1000	0.328000	0.328000	0.297025	
1000	0.308000	0.980858	1000	0.308000	0.308000	0.297041	
1000	0.319000	0.980858	1000	0.319000	0.319000	0.297074	
1000	0.253000	0.980858	1000	0.253000	0.253000	0.297008	
1000	0.291000	0.980858	1000	0.291000	0.291000	0.297000	
1000	0.326000	0.980858	1000	0.326000	0.326000	0.297042	
1000	0.315000	0.980858	1000	0.315000	0.315000	0.297069	
1000	0.307000	0.980858	1000	0.307000	0.307000	0.297084	
1000	0.297000	0.980858	1000	0.297000	0.297000	0.297083	
1000	0.298000	0.980858	1000	0.298000	0.298000	0.297085	
1000	0.254000	0.980858	1000	0.254000	0.254000	0.297022	
1000	0.324000	0.980858	1000	0.324000	0.324000	0.297061	
1000	0.329000	0.980858	1000	0.329000	0.329000	0.297108	
1000	0.331000	0.980858	1000	0.331000	0.331000	0.297157	
1000	0.317000	0.980858	1000	0.317000	0.317000	0.297186	
1000	0.296000	0.980858	1000	0.296000	0.296000	0.297184	
1000	0.298000	0.980858	1000	0.298000	0.298000	0.297186	
1000	0.299000	0.980858	1000	0.299000	0.299000	0.297188	
1000	0.306000	0.980858	1000	0.306000	0.306000	0.297201	
1000	0.274000	0.980858	1000	0.274000	0.274000	0.297167	
1000	0.300000	0.980858	1000	0.300000	0.300000	0.297172	
1000	0.291000	0.980858	1000	0.291000	0.291000	0.297163	
1000	0.310000	0.980858	1000	0.310000	0.310000	0.297181	
1000	0.287000	0.980858	1000	0.287000	0.287000	0.297166	
1000	0.314000	0.980858	1000	0.314000	0.314000	0.297191	
1000	0.283000	0.980858	1000	0.283000	0.283000	0.297170	
1000	0.290000	0.980858	1000	0.290000	0.290000	0.297160	
1000	0.317000	0.980858	1000	0.317000	0.317000	0.297188	
1000	0.286000	0.980858	1000	0.286000	0.286000	0.297172	
1000	0.289000	0.980858	1000	0.289000	0.289000	0.297161	
1000	0.259000	0.980858	1000	0.259000	0.259000	0.297106	
1000	0.290000	0.980858	1000	0.290000	0.290000	0.297096	
1000	0.308000	0.980858	1000	0.308000	0.308000	0.297112	
1000	0.343000	0.980858	1000	0.343000	0.343000	0.297177	
1000	0.332000	0.980858	1000	0.332000	0.332000	0.297226	
1000	0.289000	0.980858	1000	0.289000	0.289000	0.297215	
1000	0.291000	0.980858	1000	0.291000	0.291000	0.297206	
1000	0.277000	0.980858	1000	0.277000	0.277000	0.297177	
1000	0.304000	0.980858	1000	0.304000	0.304000	0.297187	
1000	0.250000	0.980858	1000	0.250000	0.250000	0.297121	
1000	0.294000	0.980858	1000	0.294000	0.294000	0.297116	
1000	0.288000	0.980858	1000	0.288000	0.288000	0.297103	
1000	0.319000	0.980858	1000	0.319000	0.319000	0.297134	
1000	0.289000	0.980858	1000	0.289000	0.289000	0.297123	
1000	0.327000	0.980858	1000	0.327000	0.327000	0.297164	
1000	0.327000	0.980858	1000	0.327000	0.327000	0.297206	
1000	0.314000	0.980858	1000	0.314000	0.314000	0.297229	
1000	0.304000	0.980858	1000	0.304000	0.304000	0.297239	
1000	0.291000	0.980858	1000	0.291000	0.291000	0.297230	
1000	0.310000	0.980858	1000	0.310000	0.310000	0.297248	
1000	0.301000	0.980858	1000	0.301000	0.301000	0.297253	
1000	0.284000	0.980858	1000	0.284000	0.284000	0.297235	
1000	0.288000	0.980858	1000	0.288000	0.288000	0.297222	
1000	0.275000	0.980858	1000	0.275000	0.275000	0.297191	
1000	0.308000	0.980858	1000	0.308000	0.308000	0.297206	
1000	0.296000	0.980858	1000	0.296000	0.296000	0.297205	
1000	0.285000	0.980858	1000	0.285000	0.285000	0.297188	
1000	0.274000	0.980858	1000	0.274000	0.274000	0.297156	
1000	0.283000	0.980858	1000	0.283000	0.283000	0.297137	
1000	0.300000	0.980858	1000	0.300000	0.300000	0.297140	
1000	0.296000	0.980858	1000	0.296000	0.296000	0.297139	
1000	0.283000	0.980858	1000	0.283000	0.283000	0.297120	
1000	0.285000	0.980858	1000	0.285000	0.285000	0.297103	
1000	0.304000	0.980858	1000	0.304000	0.304000	0.297113	
1000	0.325000	0.980858	1000	0.325000	0.325000	0.297150	
1000	0.272000	0.980858	1000	0.272000	0.272000	0.297116	
1000	0.310000	0.980858	1000	0.310000	0.310000	0.297134	
1000	0.306000	0.980858	1000	0.306000	0.306000	0.297146	
1000	0.340000	0.980858	1000	0.340000	0.340000	0.297204	
1000	0.332000	0.980858	1000	0.332000	0.332000	0.297251	
1000	0.290000	0.980858	1000	0.290000	0.290000	0.297241	
1000	0.278000	0.980858	1000	0.278000	0.278000	0.297215	
1000	0.313000	0.980858	1000	0.313000	0.313000	0.297236	
1000	0.281000	0.980858	1000	0.281000	0.281000	0.297214	
1000	0.298000	0.980858	1000	0.298000	0.298000	0.297215	
1000	0.279000	0.980858	1000	0.279000	0.279000	0.297191	
1000	0.306000	0.980858	1000	0.306000	0.306000	0.297203	
1000	0.292000	0.980858	1000	0.292000	0.292000	0.297196	
1000	0.300000	0.980858	1000	0.300000	0.300000	0.297200	
1000	0.346000	0.980858	1000	0.346000	0.346000	0.297265	
1000	0.321000	0.980858	1000	0.321000	0.321000	0.297296	
1000	0.290000	0.980858	1000	0.290000	0.290000	0.297286	
1000	0.341000	0.980858	1000	0.341000	0.341000	0.297344	
1000	0.307000	0.980858	1000	0.307000	0.307000	0.297357	
1000	0.287000	0.980858	1000	0.287000	0.287000	0.297344	
1000	0.270000	0.980858	1000	0.270000	0.270000	0.297307	
1000	0.324000	0.980858	1000	0.324000	0.324000	0.297343	
1000	0.305000	0.980858	1000	0.305000	0.305000	0.297353	
1000	0.308000	0.980858	1000	0.308000	0.308000	0.297367	
1000	0.272000	0.980858	1000	0.272000	0.272000	0.297333	
1000	0.279000	0.980858	1000	0.279000	0.279000	0.297309	
1000	0.292000	0.980858	1000	0.292000	0.292000	0.297302	
1000	0.285000	0.980858	1000	0.285000	0.285000	0.297286	
1000	0.279000	0.980858	1000	0.279000	0.279000	0.297262	
1000	0.239000	0.980858	1000	0.239000	0.239000	0.297186	
1000	0.272000	0.980858	1000	0.272000	0.272000	0.297153	
1000	0.262000	0.980858	1000	0.262000	0.262000	0.297108	
1000	0.304000	0.980858	1000	0.304000	0.304000	0.297117	
1000	0.336000	0.980858	1000	0.336000	0.336000	0.297167	
1000	0.292000	0.980858	1000	0.292000	0.292000	0.297160	
1000	0.279000	0.980858	1000	0.279000	0.279000	0.297137	
1000	0.288000	0.980858	1000	0.288000	0.288000	0.297125	
1000	0.294000	0.980858	1000	0.294000	0.294000	0.297121	
1000	0.265000	0.980858	1000	0.265000	0.265000	0.297080	
1000	0.286000	0.980858	1000	0.286000	0.286000	0.297065	
1000	0.304000	0.980858	1000	0.304000	0.304000	0.297074	
1000	0.281000	0.980858	1000	0.281000	0.281000	0.297054	
1000	0.306000	0.980858	1000	0.306000	0.306000	0.297065	
1000	0.292000	0.980858	1000	0.292000	0.292000	0.297059	
1000	0.297000	0.980858	1000	0.297000	0.297000	0.297059	
1000	0.302000	0.980858	1000	0.302000	0.302000	0.297065	
1000	0.303000	0.980858	1000	0.303000	0.303000	0.297072	
1000	0.261000	0.980858	1000	0.261000	0.261000	0.297026	
1000	0.296000	0.980858	1000	0.296000	0.296000	0.297025	
1000	0.295000	0.980858	1000	0.295000	0.295000	0.297023	
1000	0.273000	0.980858	1000	0.273000	0.273000	0.296992	
1000	0.321000	0.980858	1000	0.321000	0.321000	0.297022	
1000	0.291000	0.980858	1000	0.291000	0.291000	0.297015	
1000	0.292000	0.980858	1000	0.292000	0.292000	0.297008	
1000	0.301000	0.980858	1000	0.301000	0.301000	0.297014	
1000	0.273000	0.980858	1000	0.273000	0.273000	0.296983	
1000	0.332000	0.980858	1000	0.332000	0.332000	0.297027	
1000	0.300000	0.980858	1000	0.300000	0.300000	0.297031	
1000	0.262000	0.980858	1000	0.262000	0.262000	0.296987	
1000	0.310000	0.980858	1000	0.310000	0.310000	0.297003	
1000	0.298000	0.980858	1000	0.298000	0.298000	0.297005	
1000	0.311000	0.980858	1000	0.311000	0.311000	0.297022	
1000	0.296000	0.980858	1000	0.296000	0.296000	0.297021	
1000	0.295000	0.980858	1000	0.295000	0.295000	0.297018	
1000	0.297000	0.980858	1000	0.297000	0.297000	0.297018	
1000	0.274000	0.980858	1000	0.274000	0.274000	0.296990	
1000	0.296000	0.980858	1000	0.296000	0.296000	0.296988	
1000	0.317000	0.980858	1000	0.317000	0.317000	0.297013	
1000	0.294000	0.980858	1000	0.294000	0.294000	0.297010	
1000	0.285000	0.980858	1000	0.285000	0.285000	0.296995	
1000	0.304000	0.980858	1000	0.304000	0.304000	0.297003	
1000	0.272000	0.980858	1000	0.272000	0.272000	0.296972	
1000	0.272000	0.980858	1000	0.272000	0.272000	0.296942	
1000	0.282000	0.980858	1000	0.282000	0.282000	0.296923	
1000	0.301000	0.980858	1000	0.301000	0.301000	0.296928	
1000	0.310000	0.980858	1000	0.310000	0.310000	0.296944	
1000	0.298000	0.980858	1000	0.298000	0.298000	0.296946	
1000	0.288000	0.980858	1000	0.288000	0.288000	0.296935	
1000	0.340000	0.980858	1000	0.340000	0.340000	0.296987	
1000	0.294000	0.980858	1000	0.294000	0.294000	0.296984	
1000	0.248000	0.980858	1000	0.248000	0.248000	0.296924	
1000	0.307000	0.980858	1000	0.307000	0.307000	0.296936	
1000	0.303000	0.980858	1000	0.303000	0.303000	0.296943	
1000	0.337000	0.980858	1000	0.337000	0.337000	0.296992	
1000	0.292000	0.980858	1000	0.292000	0.292000	0.296986	
1000	0.282000	0.980858	1000	0.282000	0.282000	0.296968	
1000	0.291000	0.980858	1000	0.291000	0.291000	0.296961	
1000	0.265000	0.980858	1000	0.265000	0.265000	0.296922	
1000	0.348000	0.980858	1000	0.348000	0.348000	0.296984	
1000	0.295000	0.980858	1000	0.295000	0.295000	0.296981	
1000	0.257000	0.980858	1000	0.257000	0.257000	0.296933	
1000	0.275000	0.980858	1000	0.275000	0.275000	0.296907	
1000	0.296000	0.980858	1000	0.296000	0.296000	0.296906	
1000	0.280000	0.980858	1000	0.280000	0.280000	0.296885	
1000	0.301000	0.980858	1000	0.301000	0.301000	0.296890	
1000	0.338000	0.980858	1000	0.338000	0.338000	0.296940	
1000	0.284000	0.980858	1000	0.284000	0.284000	0.296924	
1000	0.290000	0.980858	1000	0.290000	0.290000	0.296916	
1000	0.300000	0.980858	1000	0.300000	0.300000	0.296919	
1000	0.284000	0.980858	1000	0.284000	0.284000	0.296904	
1000	0.278000	0.980858	1000	0.278000	0.278000	0.296881	
1000	0.257000	0.980858	1000	0.257000	0.257000	0.296834	
1000	0.292000	0.980858	1000	0.292000	0.292000	0.296828	
1000	0.336000	0.980858	1000	0.336000	0.336000	0.296875	
1000	0.254000	0.980858	1000	0.254000	0.254000	0.296824	
1000	0.287000	0.980858	1000	0.287000	0.287000	0.296812	
1000	0.264000	0.980858	1000	0.264000	0.264000	0.296773	
1000	0.280000	0.980858	1000	0.280000	0.280000	0.296753	
1000	0.265000	0.980858	1000	0.265000	0.265000	0.296716	
1000	0.289000	0.980858	1000	0.289000	0.289000	0.296707	
1000	0.277000	0.980858	1000	0.277000	0.277000	0.296683	
1000	0.302000	0.980858	1000	0.302000	0.302000	0.296690	
1000	0.332000	0.980858	1000	0.332000	0.332000	0.296731	
1000	0.301000	0.980858	1000	0.301000	0.301000	0.296736	
1000	0.286000	0.980858	1000	0.286000	0.286000	0.296724	
1000	0.285000	0.980858	1000	0.285000	0.285000	0.296710	
1000	0.299000	0.980858	1000	0.299000	0.299000	0.296712	
1000	0.317000	0.980858	1000	0.317000	0.317000	0.296736	
1000	0.285000	0.980858	1000	0.285000	0.285000	0.296722	
1000	0.317000	0.980858	1000	0.317000	0.317000	0.296746	
1000	0.317000	0.980858	1000	0.317000	0.317000	0.296770	
1000	0.294000	0.980858	1000	0.294000	0.294000	0.296767	
1000	0.338000	0.980858	1000	0.338000	0.338000	0.296815	
1000	0.320000	0.980858	1000	0.320000	0.320000	0.296842	
1000	0.305000	0.980858	1000	0.305000	0.305000	0.296851	
1000	0.287000	0.980858	1000	0.287000	0.287000	0.296840	
1000	0.291000	0.980858	1000	0.291000	0.291000	0.296833	
1000	0.322000	0.980858	1000	0.322000	0.322000	0.296862	
1000	0.305000	0.980858	1000	0.305000	0.305000	0.296871	
1000	0.304000	0.980858	1000	0.304000	0.304000	0.296880	
1000	0.274000	0.980858	1000	0.274000	0.274000	0.296853	
1000	0.289000	0.980858	1000	0.289000	0.289000	0.296844	
1000	0.321000	0.980858	1000	0.321000	0.321000	0.296872	
1000	0.295000	0.980858	1000	0.295000	0.295000	0.296870	
1000	0.277000	0.980858	1000	0.277000	0.277000	0.296847	
1000	0.266000	0.980858	1000	0.266000	0.266000	0.296812	
1000	0.282000	0.980858	1000	0.282000	0.282000	0.296795	
1000	0.289000	0.980858	1000	0.289000	0.289000	0.296786	
1000	0.334000	0.980858	1000	0.334000	0.334000	0.296828	
1000	0.296000	0.980858	1000	0.296000	0.296000	0.296827	
1000	0.348000	0.980858	1000	0.348000	0.348000	0.296886	
1000	0.305000	0.980858	1000	0.305000	0.305000	0.296895	
1000	0.306000	0.980858	1000	0.306000	0.306000	0.296905	
1000	0.286000	0.980858	1000	0.286000	0.286000	0.296893	
1000	0.298000	0.980858	1000	0.298000	0.298000	0.296894	
1000	0.309000	0.980858	1000	0.309000	0.309000	0.296908	
1000	0.309000	0.980858	1000	0.309000	0.309000	0.296922	
1000	0.334000	0.980858	1000	0.334000	0.334000	0.296963	
1000	0.321000	0.980858	1000	0.321000	0.321000	0.296991	
1000	0.269000	0.980858	1000	0.269000	0.269000	0.296959	
1000	0.314000	0.980858	1000	0.314000	0.314000	0.296978	
1000	0.297000	0.980858	1000	0.297000	0.297000	0.296978	
1000	0.289000	0.980858	1000	0.289000	0.289000	0.296969	
1000	0.260000	0.980858	1000	0.260000	0.260000	0.296928	
1000	0.268000	0.980858	1000	0.268000	0.268000	0.296895	
1000	0.293000	0.980858	1000	0.293000	0.293000	0.296891	
1000	0.326000	0.980858	1000	0.326000	0.326000	0.296924	
1000	0.276000	0.980858	1000	0.276000	0.276000	0.296900	
1000	0.312000	0.980858	1000	0.312000	0.312000	0.296917	
1000	0.269000	0.980858	1000	0.269000	0.269000	0.296886	
1000	0.320000	0.980858	1000	0.320000	0.320000	0.296912	
1000	0.276000	0.980858	1000	0.276000	0.276000	0.296888	
1000	0.280000	0.980858	1000	0.280000	0.280000	0.296870	
1000	0.291000	0.980858	1000	0.291000	0.291000	0.296863	
1000	0.262000	0.980858	1000	0.262000	0.262000	0.296824	
1000	0.254000	0.980858	1000	0.254000	0.254000	0.296777	
1000	0.363000	0.980858	1000	0.363000	0.363000	0.296850	
1000	0.316000	0.980858	1000	0.316000	0.316000	0.296871	
1000	0.294000	0.980858	1000	0.294000	0.294000	0.296868	
1000	0.277000	0.980858	1000	0.277000	0.277000	0.296846	
1000	0.305000	0.980858	1000	0.305000	0.305000	0.296855	
1000	0.300000	0.980858	1000	0.300000	0.300000	0.296859	
1000	0.278000	0.980858	1000	0.278000	0.278000	0.296838	
1000	0.304000	0.980858	1000	0.304000	0.304000	0.296846	
1000	0.306000	0.980858	1000	0.306000	0.306000	0.296856	
1000	0.298000	0.980858	1000	0.298000	0.298000	0.296857	
1000	0.297000	0.980858	1000	0.297000	0.297000	0.296857	
1000	0.317000	0.980858	1000	0.317000	0.317000	0.296879	
1000	0.282000	0.980858	1000	0.282000	0.282000	0.296863	
1000	0.272000	0.980858	1000	0.272000	0.272000	0.296836	
1000	0.316000	0.980858	1000	0.316000	0.316000	0.296857	
1000	0.273000	0.980858	1000	0.273000	0.273000	0.296831	
1000	0.293000	0.980858	1000	0.293000	0.293000	0.296827	
1000	0.275000	0.980858	1000	0.275000	0.275000	0.296803	
1000	0.267000	0.980858	1000	0.267000	0.267000	0.296771	
1000	0.296000	0.980858	1000	0.296000	0.296000	0.296770	
1000	0.305000	0.980858	1000	0.305000	0.305000	0.296779	
1000	0.306000	0.980858	1000	0.306000	0.306000	0.296789	
1000	0.332000	0.980858	1000	0.332000	0.332000	0.296827	
1000	0.284000	0.980858	1000	0.284000	0.284000	0.296813	
1000	0.290000	0.980858	1000	0.290000	0.290000	0.296806	
1000	0.286000	0.980858	1000	0.286000	0.286000	0.296794	
1000	0.264000	0.980858	1000	0.264000	0.264000	0.296759	
1000	0.290000	0.980858	1000	0.290000	0.290000	0.296751	
1000	0.301000	0.980858	1000	0.301000	0.301000	0.296756	
1000	0.299000	0.980858	1000	0.299000	0.299000	0.296758	
1000	0.263000	0.980858	1000	0.263000	0.263000	0.296722	
1000	0.310000	0.980858	1000	0.310000	0.310000	0.296736	
1000	0.296000	0.980858	1000	0.296000	0.296000	0.296736	
1000	0.267000	0.980858	1000	0.267000	0.267000	0.296704	
1000	0.279000	0.980858	1000	0.279000	0.279000	0.296685	
1000	0.314000	0.980858	1000	0.314000	0.314000	0.296703	
1000	0.311000	0.980858	1000	0.311000	0.311000	0.296719	
1000	0.317000	0.980858	1000	0.317000	0.317000	0.296740	
1000	0.287000	0.980858	1000	0.287000	0.287000	0.296730	
1000	0.276000	0.980858	1000	0.276000	0.276000	0.296708	
1000	0.289000	0.980858	1000	0.289000	0.289000	0.296700	
1000	0.299000	0.980858	1000	0.299000	0.299000	0.296702	
1000	0.282000	0.980858	1000	0.282000	0.282000	0.296686	
1000	0.292000	0.980858	1000	0.292000	0.292000	0.296682	
1000	0.309000	0.980858	1000	0.309000	0.309000	0.296695	
1000	0.277000	0.980858	1000	0.277000	0.277000	0.296674	
1000	0.319000	0.980858	1000	0.319000	0.319000	0.296697	
1000	0.261000	0.980858	1000	0.261000	0.261000	0.296660	
1000	0.309000	0.980858	1000	0.309000	0.309000	0.296673	
1000	0.294000	0.980858	1000	0.294000	0.294000	0.296670	
1000	0.283000	0.980858	1000	0.283000	0.283000	0.296656	
1000	0.261000	0.980858	1000	0.261000	0.261000	0.296618	
1000	0.296000	0.980858	1000	0.296000	0.296000	0.296617	
1000	0.286000	0.980858	1000	0.286000	0.286000	0.296606	
1000	0.301000	0.980858	1000	0.301000	0.301000	0.296611	
1000	0.279000	0.980858	1000	0.279000	0.279000	0.296593	
1000	0.306000	0.980858	1000	0.306000	0.306000	0.296602	
1000	0.307000	0.980858	1000	0.307000	0.307000	0.296613	
1000	0.332000	0.980858	1000	0.332000	0.332000	0.296650	
1000	0.312000	0.980858	1000	0.312000	0.312000	0.296666	
1000	0.296000	0.980858	1000	0.296000	0.296000	0.296665	
1000	0.292000	0.980858	1000	0.292000	0.292000	0.296660	
1000	0.294000	0.980858	1000	0.294000	0.294000	0.296658	
1000	0.299000	0.980858	1000	0.299000	0.299000	0.296660	
1000	0.311000	0.980858	1000	0.311000	0.311000	0.296675	
1000	0.285000	0.980858	1000	0.285000	0.285000	0.296663	
1000	0.300000	0.980858	1000	0.300000	0.300000	0.296666	
1000	0.309000	0.980858	1000	0.309000	0.309000	0.296679	
1000	0.278000	0.980858	1000	0.278000	0.278000	0.296660	
1000	0.297000	0.980858	1000	0.297000	0.297000	0.296660	
1000	0.297000	0.980858	1000	0.297000	0.297000	0.296661	
1000	0.295000	0.980858	1000	0.295000	0.295000	0.296659	
1000	0.308000	0.980858	1000	0.308000	0.308000	0.296670	
1000	0.283000	0.980858	1000	0.283000	0.283000	0.296656	
1000	0.306000	0.980858	1000	0.306000	0.306000	0.296666	
1000	0.287000	0.980858	1000	0.287000	0.287000	0.296656	
1000	0.285000	0.980858	1000	0.285000	0.285000	0.296644	
1000	0.307000	0.980858	1000	0.307000	0.307000	0.296655	
1000	0.288000	0.980858	1000	0.288000	0.288000	0.296646	
1000	0.277000	0.980858	1000	0.277000	0.277000	0.296626	
1000	0.276000	0.980858	1000	0.276000	0.276000	0.296605	
1000	0.319000	0.980858	1000	0.319000	0.319000	0.296628	
1000	0.321000	0.980858	1000	0.321000	0.321000	0.296652	
1000	0.273000	0.980858	1000	0.273000	0.273000	0.296629	
1000	0.289000	0.980858	1000	0.289000	0.289000	0.296621	
1000	0.303000	0.980858	1000	0.303000	0.303000	0.296627	
1000	0.300000	0.980858	1000	0.300000	0.300000	0.296631	
1000	0.278000	0.980858	1000	0.278000	0.278000	0.296612	
1000	0.324000	0.980858	1000	0.324000	0.324000	0.296639	
1000	0.302000	0.980858	1000	0.302000	0.302000	0.296645	
1000	0.314000	0.980858	1000	0.314000	0.314000	0.296662	
1000	0.334000	0.980858	1000	0.334000	0.334000	0.296700	
1000	0.289000	0.980858	1000	0.289000	0.289000	0.296692	
1000	0.293000	0.980858	1000	0.293000	0.293000	0.296688	
1000	0.310000	0.980858	1000	0.310000	0.310000	0.296702	
1000	0.281000	0.980858	1000	0.281000	0.281000	0.296686	
1000	0.301000	0.980858	1000	0.301000	0.301000	0.296690	
1000	0.276000	0.980858	1000	0.276000	0.276000	0.296670	
1000	0.264000	0.980858	1000	0.264000	0.264000	0.296637	
1000	0.282000	0.980858	1000	0.282000	0.282000	0.296622	
1000	0.285000	0.980858	1000	0.285000	0.285000	0.296611	
1000	0.310000	0.980858	1000	0.310000	0.310000	0.296624	
1000	0.277000	0.980858	1000	0.277000	0.277000	0.296605	
1000	0.304000	0.980858	1000	0.304000	0.304000	0.296612	
1000	0.292000	0.980858	1000	0.292000	0.292000	0.296607	
1000	0.320000	0.980858	1000	0.320000	0.320000	0.296631	
1000	0.284000	0.980858	1000	0.284000	0.284000	0.296618	
1000	0.314000	0.980858	1000	0.314000	0.314000	0.296635	
