Default schedule
Rate	100.00
Rate Tried	% Accepted	Rates - Dev	Rates - Tried	Rates - Accepted	Sample Ave Acceptance	Total Ave Acceptance	
1000	0.264000	1.414415	1000	0.264000	0.264000	0.252886	
1000	0.232000	1.414415	1000	0.232000	0.232000	0.251146	
1000	0.238000	1.414415	1000	0.238000	0.238000	0.250135	
1000	0.248000	1.414415	1000	0.248000	0.248000	0.249982	
1000	0.257000	1.414415	1000	0.257000	0.257000	0.250450	
1000	0.253000	1.414415	1000	0.253000	0.253000	0.250609	
1000	0.255000	1.414415	1000	0.255000	0.255000	0.250868	
1000	0.273000	1.414415	1000	0.273000	0.273000	0.252097	
1000	0.232000	1.414415	1000	0.232000	0.232000	0.251039	
1000	0.268000	1.414415	1000	0.268000	0.268000	0.251887	
1000	0.260000	1.414415	1000	0.260000	0.260000	0.252274	
1000	0.263000	1.414415	1000	0.263000	0.263000	0.252761	
1000	0.252000	1.414415	1000	0.252000	0.252000	0.252728	
1000	0.253000	1.414415	1000	0.253000	0.253000	0.252739	
1000	0.243000	1.414415	1000	0.243000	0.243000	0.252350	
1000	0.242000	1.414415	1000	0.242000	0.242000	0.251952	
1000	0.272000	1.414415	1000	0.272000	0.272000	0.252694	
1000	0.246000	1.414415	1000	0.246000	0.246000	0.252455	
1000	0.239000	1.414415	1000	0.239000	0.239000	0.251991	
1000	0.263000	1.414415	1000	0.263000	0.263000	0.252358	
1000	0.251000	1.414415	1000	0.251000	0.251000	0.252314	
1000	0.260000	1.414415	1000	0.260000	0.260000	0.252555	
1000	0.248000	1.414415	1000	0.248000	0.248000	0.252417	
1000	0.284000	1.414415	1000	0.284000	0.284000	0.253345	
1000	0.262000	1.414415	1000	0.262000	0.262000	0.253593	
1000	0.248000	1.414415	1000	0.248000	0.248000	0.253437	
1000	0.266000	1.414415	1000	0.266000	0.266000	0.253777	
1000	0.252000	1.414415	1000	0.252000	0.252000	0.253730	
1000	0.247000	1.414415	1000	0.247000	0.247000	0.253558	
1000	0.291000	1.414415	1000	0.291000	0.291000	0.254494	
1000	0.258000	1.414415	1000	0.258000	0.258000	0.254579	
1000	0.264000	1.414415	1000	0.264000	0.264000	0.254803	
1000	0.256000	1.414415	1000	0.256000	0.256000	0.254831	
1000	0.252000	1.414415	1000	0.252000	0.252000	0.254767	
1000	0.264000	1.414415	1000	0.264000	0.264000	0.254972	
1000	0.242000	1.414415	1000	0.242000	0.242000	0.254690	
1000	0.251000	1.414415	1000	0.251000	0.251000	0.254612	
1000	0.248000	1.414415	1000	0.248000	0.248000	0.254474	
1000	0.253000	1.414415	1000	0.253000	0.253000	0.254444	
1000	0.258000	1.414415	1000	0.258000	0.258000	0.254515	
1000	0.237000	1.414415	1000	0.237000	0.237000	0.254171	
1000	0.245000	1.414415	1000	0.245000	0.245000	0.253995	
1000	0.237000	1.414415	1000	0.237000	0.237000	0.253674	
1000	0.276000	1.414415	1000	0.276000	0.276000	0.254088	
1000	0.250000	1.414415	1000	0.250000	0.250000	0.254014	
1000	0.256000	1.414415	1000	0.256000	0.256000	0.254049	
1000	0.269000	1.414415	1000	0.269000	0.269000	0.254311	
1000	0.249000	1.414415	1000	0.249000	0.249000	0.254220	
1000	0.279000	1.414415	1000	0.279000	0.279000	0.254640	
1000	0.241000	1.414415	1000	0.241000	0.241000	0.254412	
1000	0.287000	1.414415	1000	0.287000	0.287000	0.254947	
1000	0.231000	1.414415	1000	0.231000	0.231000	0.254560	
1000	0.237000	1.414415	1000	0.237000	0.237000	0.254282	
1000	0.224000	1.414415	1000	0.224000	0.224000	0.253809	
1000	0.242000	1.414415	1000	0.242000	0.242000	0.253627	
1000	0.269000	1.414415	1000	0.269000	0.269000	0.253860	
1000	0.255000	1.414415	1000	0.255000	0.255000	0.253877	
1000	0.286000	1.414415	1000	0.286000	0.286000	0.254349	
1000	0.235000	1.414415	1000	0.235000	0.235000	0.254069	
1000	0.240000	1.414415	1000	0.240000	0.240000	0.253868	
1000	0.240000	1.414415	1000	0.240000	0.240000	0.253672	
1000	0.237000	1.414415	1000	0.237000	0.237000	0.253441	
1000	0.263000	1.414415	1000	0.263000	0.263000	0.253572	
1000	0.259000	1.414415	1000	0.259000	0.259000	0.253645	
1000	0.219000	1.414415	1000	0.219000	0.219000	0.253183	
1000	0.237000	1.414415	1000	0.237000	0.237000	0.252970	
1000	0.247000	1.414415	1000	0.247000	0.247000	0.252893	
1000	0.278000	1.414415	1000	0.278000	0.278000	0.253215	
1000	0.265000	1.414415	1000	0.265000	0.265000	0.253364	
1000	0.214000	1.414415	1000	0.214000	0.214000	0.252872	
1000	0.258000	1.414415	1000	0.258000	0.258000	0.252935	
1000	0.256000	1.414415	1000	0.256000	0.256000	0.252973	
1000	0.237000	1.414415	1000	0.237000	0.237000	0.252780	
1000	0.225000	1.414415	1000	0.225000	0.225000	0.252449	
1000	0.245000	1.414415	1000	0.245000	0.245000	0.252362	
1000	0.269000	1.414415	1000	0.269000	0.269000	0.252555	
1000	0.258000	1.414415	1000	0.258000	0.258000	0.252618	
1000	0.260000	1.414415	1000	0.260000	0.260000	0.252702	
1000	0.251000	1.414415	1000	0.251000	0.251000	0.252683	
1000	0.248000	1.414415	1000	0.248000	0.248000	0.252631	
1000	0.244000	1.414415	1000	0.244000	0.244000	0.252536	
1000	0.268000	1.414415	1000	0.268000	0.268000	0.252704	
1000	0.274000	1.414415	1000	0.274000	0.274000	0.252933	
1000	0.237000	1.414415	1000	0.237000	0.237000	0.252763	
1000	0.251000	1.414415	1000	0.251000	0.251000	0.252745	
1000	0.276000	1.414415	1000	0.276000	0.276000	0.252987	
1000	0.249000	1.414415	1000	0.249000	0.249000	0.252946	
1000	0.250000	1.414415	1000	0.250000	0.250000	0.252916	
1000	0.251000	1.414415	1000	0.251000	0.251000	0.252896	
1000	0.252000	1.414415	1000	0.252000	0.252000	0.252887	
1000	0.193000	1.414415	1000	0.193000	0.193000	0.252295	
1000	0.335000	1.179770	1000	0.335000	0.335000	0.253105	
1000	0.322000	1.179770	1000	0.322000	0.322000	0.253774	
1000	0.331000	1.179770	1000	0.331000	0.331000	0.254517	
1000	0.333000	1.179770	1000	0.333000	0.333000	0.255264	
1000	0.325000	1.179770	1000	0.325000	0.325000	0.255922	
1000	0.302000	1.179770	1000	0.302000	0.302000	0.256353	
1000	0.285000	1.179770	1000	0.285000	0.285000	0.256618	
1000	0.289000	1.179770	1000	0.289000	0.289000	0.256915	
1000	0.329000	1.179770	1000	0.329000	0.329000	0.257570	
1000	0.296000	1.179770	1000	0.296000	0.296000	0.257917	
1000	0.322000	1.179770	1000	0.322000	0.322000	0.258489	
1000	0.338000	1.179770	1000	0.338000	0.338000	0.259192	
1000	0.362000	1.179770	1000	0.362000	0.362000	0.260094	
1000	0.341000	1.179770	1000	0.341000	0.341000	0.260798	
1000	0.301000	1.179770	1000	0.301000	0.301000	0.261144	
1000	0.322000	1.179770	1000	0.322000	0.322000	0.261664	
1000	0.340000	1.179770	1000	0.340000	0.340000	0.262328	
1000	0.313000	1.179770	1000	0.313000	0.313000	0.262754	
1000	0.295000	1.179770	1000	0.295000	0.295000	0.263023	
1000	0.268000	1.179770	1000	0.268000	0.268000	0.263064	
1000	0.321000	1.179770	1000	0.321000	0.321000	0.263539	
1000	0.317000	1.179770	1000	0.317000	0.317000	0.263973	
1000	0.322000	1.179770	1000	0.322000	0.322000	0.264441	
1000	0.332000	1.179770	1000	0.332000	0.332000	0.264982	
1000	0.332000	1.179770	1000	0.332000	0.332000	0.265514	
1000	0.331000	1.179770	1000	0.331000	0.331000	0.266029	
1000	0.344000	1.179770	1000	0.344000	0.344000	0.266639	
1000	0.323000	1.179770	1000	0.323000	0.323000	0.267075	
1000	0.341000	1.179770	1000	0.341000	0.341000	0.267644	
1000	0.324000	1.179770	1000	0.324000	0.324000	0.268074	
1000	0.324000	1.179770	1000	0.324000	0.324000	0.268498	
1000	0.298000	1.179770	1000	0.298000	0.298000	0.268720	
1000	0.338000	1.179770	1000	0.338000	0.338000	0.269237	
1000	0.313000	1.179770	1000	0.313000	0.313000	0.269561	
1000	0.326000	1.179770	1000	0.326000	0.326000	0.269976	
1000	0.312000	1.179770	1000	0.312000	0.312000	0.270283	
1000	0.336000	1.179770	1000	0.336000	0.336000	0.270759	
1000	0.304000	1.179770	1000	0.304000	0.304000	0.270998	
1000	0.309000	1.179770	1000	0.309000	0.309000	0.271269	
1000	0.310000	1.179770	1000	0.310000	0.310000	0.271544	
1000	0.344000	1.179770	1000	0.344000	0.344000	0.272054	
1000	0.320000	1.179770	1000	0.320000	0.320000	0.272390	
1000	0.362000	1.179770	1000	0.362000	0.362000	0.273012	
1000	0.319000	1.179770	1000	0.319000	0.319000	0.273329	
1000	0.317000	1.179770	1000	0.317000	0.317000	0.273628	
1000	0.324000	1.179770	1000	0.324000	0.324000	0.273971	
1000	0.335000	1.179770	1000	0.335000	0.335000	0.274383	
1000	0.290000	1.179770	1000	0.290000	0.290000	0.274488	
1000	0.310000	1.179770	1000	0.310000	0.310000	0.274725	
1000	0.335000	1.179770	1000	0.335000	0.335000	0.275124	
1000	0.363000	1.179770	1000	0.363000	0.363000	0.275702	
1000	0.312000	1.179770	1000	0.312000	0.312000	0.275939	
1000	0.327000	1.179770	1000	0.327000	0.327000	0.276271	
1000	0.318000	1.179770	1000	0.318000	0.318000	0.276540	
1000	0.333000	1.179770	1000	0.333000	0.333000	0.276902	
1000	0.323000	1.179770	1000	0.323000	0.323000	0.277196	
1000	0.323000	1.179770	1000	0.323000	0.323000	0.277486	
1000	0.341000	1.179770	1000	0.341000	0.341000	0.277885	
1000	0.319000	1.179770	1000	0.319000	0.319000	0.278142	
1000	0.345000	1.179770	1000	0.345000	0.345000	0.278557	
1000	0.327000	1.179770	1000	0.327000	0.327000	0.278856	
1000	0.331000	1.179770	1000	0.331000	0.331000	0.279176	
1000	0.339000	1.179770	1000	0.339000	0.339000	0.279541	
1000	0.333000	1.179770	1000	0.333000	0.333000	0.279865	
1000	0.295000	1.179770	1000	0.295000	0.295000	0.279956	
1000	0.354000	1.179770	1000	0.354000	0.354000	0.280400	
1000	0.336000	1.179770	1000	0.336000	0.336000	0.280730	
1000	0.331000	1.179770	1000	0.331000	0.331000	0.281028	
1000	0.299000	1.179770	1000	0.299000	0.299000	0.281134	
1000	0.316000	1.179770	1000	0.316000	0.316000	0.281338	
1000	0.344000	1.179770	1000	0.344000	0.344000	0.281702	
1000	0.339000	1.179770	1000	0.339000	0.339000	0.282033	
1000	0.308000	1.179770	1000	0.308000	0.308000	0.282182	
1000	0.320000	1.179770	1000	0.320000	0.320000	0.282398	
1000	0.304000	1.179770	1000	0.304000	0.304000	0.282521	
1000	0.328000	1.179770	1000	0.328000	0.328000	0.282778	
1000	0.350000	1.179770	1000	0.350000	0.350000	0.283156	
1000	0.313000	1.179770	1000	0.313000	0.313000	0.283322	
1000	0.314000	1.179770	1000	0.314000	0.314000	0.283493	
1000	0.313000	1.179770	1000	0.313000	0.313000	0.283656	
1000	0.365000	1.179770	1000	0.365000	0.365000	0.284103	
1000	0.320000	1.179770	1000	0.320000	0.320000	0.284299	
1000	0.327000	1.179770	1000	0.327000	0.327000	0.284531	
1000	0.328000	1.179770	1000	0.328000	0.328000	0.284766	
1000	0.311000	1.179770	1000	0.311000	0.311000	0.284907	
1000	0.347000	1.179770	1000	0.347000	0.347000	0.285239	
1000	0.346000	1.179770	1000	0.346000	0.346000	0.285562	
1000	0.353000	1.179770	1000	0.353000	0.353000	0.285919	
1000	0.341000	1.179770	1000	0.341000	0.341000	0.286209	
1000	0.326000	1.179770	1000	0.326000	0.326000	0.286417	
1000	0.312000	1.179770	1000	0.312000	0.312000	0.286551	
1000	0.356000	1.179770	1000	0.356000	0.356000	0.286910	
1000	0.322000	1.179770	1000	0.322000	0.322000	0.287091	
1000	0.318000	1.179770	1000	0.318000	0.318000	0.287250	
1000	0.325000	1.179770	1000	0.325000	0.325000	0.287442	
1000	0.350000	1.179770	1000	0.350000	0.350000	0.287760	
1000	0.289000	1.179770	1000	0.289000	0.289000	0.287766	
1000	0.317000	1.179770	1000	0.317000	0.317000	0.287913	
1000	0.326000	1.179770	1000	0.326000	0.326000	0.288104	
1000	0.333000	1.179770	1000	0.333000	0.333000	0.288327	
1000	0.325000	1.179770	1000	0.325000	0.325000	0.288508	
1000	0.328000	1.179770	1000	0.328000	0.328000	0.288703	
1000	0.302000	1.179770	1000	0.302000	0.302000	0.288768	
1000	0.327000	1.179770	1000	0.327000	0.327000	0.288955	
1000	0.327000	1.179770	1000	0.327000	0.327000	0.289139	
1000	0.340000	1.179770	1000	0.340000	0.340000	0.289385	
1000	0.346000	1.179770	1000	0.346000	0.346000	0.289657	
1000	0.323000	1.179770	1000	0.323000	0.323000	0.289817	
1000	0.343000	1.179770	1000	0.343000	0.343000	0.290070	
1000	0.319000	1.179770	1000	0.319000	0.319000	0.290207	
1000	0.364000	1.179770	1000	0.364000	0.364000	0.290555	
1000	0.304000	1.179770	1000	0.304000	0.304000	0.290618	
1000	0.297000	1.179770	1000	0.297000	0.297000	0.290648	
1000	0.327000	1.179770	1000	0.327000	0.327000	0.290817	
1000	0.344000	1.179770	1000	0.344000	0.344000	0.291063	
1000	0.296000	1.179770	1000	0.296000	0.296000	0.291086	
1000	0.330000	1.179770	1000	0.330000	0.330000	0.291265	
1000	0.335000	1.179770	1000	0.335000	0.335000	0.291464	
1000	0.315000	1.179770	1000	0.315000	0.315000	0.291571	
1000	0.323000	1.179770	1000	0.323000	0.323000	0.291714	
1000	0.311000	1.179770	1000	0.311000	0.311000	0.291800	
1000	0.314000	1.179770	1000	0.314000	0.314000	0.291900	
1000	0.310000	1.179770	1000	0.310000	0.310000	0.291981	
1000	0.340000	1.179770	1000	0.340000	0.340000	0.292194	
1000	0.342000	1.179770	1000	0.342000	0.342000	0.292415	
1000	0.325000	1.179770	1000	0.325000	0.325000	0.292558	
1000	0.301000	1.179770	1000	0.301000	0.301000	0.292595	
1000	0.330000	1.179770	1000	0.330000	0.330000	0.292759	
1000	0.290000	1.179770	1000	0.290000	0.290000	0.292747	
1000	0.277000	1.179770	1000	0.277000	0.277000	0.292678	
1000	0.336000	1.179770	1000	0.336000	0.336000	0.292865	
1000	0.319000	1.179770	1000	0.319000	0.319000	0.292977	
1000	0.306000	1.179770	1000	0.306000	0.306000	0.293033	
1000	0.328000	1.179770	1000	0.328000	0.328000	0.293182	
1000	0.313000	1.179770	1000	0.313000	0.313000	0.293266	
1000	0.307000	1.179770	1000	0.307000	0.307000	0.293324	
1000	0.322000	1.179770	1000	0.322000	0.322000	0.293444	
1000	0.330000	1.179770	1000	0.330000	0.330000	0.293597	
1000	0.333000	1.179770	1000	0.333000	0.333000	0.293761	
1000	0.310000	1.179770	1000	0.310000	0.310000	0.293829	
1000	0.328000	1.179770	1000	0.328000	0.328000	0.293970	
1000	0.369000	1.179770	1000	0.369000	0.369000	0.294279	
1000	0.316000	1.179770	1000	0.316000	0.316000	0.294368	
1000	0.305000	1.179770	1000	0.305000	0.305000	0.294411	
1000	0.344000	1.179770	1000	0.344000	0.344000	0.294613	
1000	0.349000	1.179770	1000	0.349000	0.349000	0.294833	
1000	0.307000	1.179770	1000	0.307000	0.307000	0.294882	
1000	0.324000	1.179770	1000	0.324000	0.324000	0.294999	
1000	0.288000	1.179770	1000	0.288000	0.288000	0.294971	
1000	0.336000	1.179770	1000	0.336000	0.336000	0.295134	
1000	0.305000	1.179770	1000	0.305000	0.305000	0.295173	
1000	0.319000	1.179770	1000	0.319000	0.319000	0.295268	
1000	0.288000	1.179770	1000	0.288000	0.288000	0.295239	
1000	0.310000	1.179770	1000	0.310000	0.310000	0.295297	
1000	0.340000	1.179770	1000	0.340000	0.340000	0.295472	
1000	0.367000	1.179770	1000	0.367000	0.367000	0.295750	
1000	0.313000	1.179770	1000	0.313000	0.313000	0.295817	
1000	0.306000	1.179770	1000	0.306000	0.306000	0.295856	
1000	0.334000	1.179770	1000	0.334000	0.334000	0.296003	
1000	0.319000	1.179770	1000	0.319000	0.319000	0.296091	
1000	0.329000	1.179770	1000	0.329000	0.329000	0.296216	
1000	0.318000	1.179770	1000	0.318000	0.318000	0.296299	
1000	0.329000	1.179770	1000	0.329000	0.329000	0.296423	
1000	0.324000	1.179770	1000	0.324000	0.324000	0.296527	
1000	0.339000	1.179770	1000	0.339000	0.339000	0.296687	
1000	0.350000	1.179770	1000	0.350000	0.350000	0.296887	
1000	0.326000	1.179770	1000	0.326000	0.326000	0.296995	
1000	0.305000	1.179770	1000	0.305000	0.305000	0.297025	
1000	0.307000	1.179770	1000	0.307000	0.307000	0.297062	
1000	0.316000	1.179770	1000	0.316000	0.316000	0.297132	
1000	0.303000	1.179770	1000	0.303000	0.303000	0.297153	
1000	0.336000	1.179770	1000	0.336000	0.336000	0.297296	
1000	0.326000	1.179770	1000	0.326000	0.326000	0.297400	
1000	0.326000	1.179770	1000	0.326000	0.326000	0.297504	
1000	0.327000	1.179770	1000	0.327000	0.327000	0.297611	
1000	0.336000	1.179770	1000	0.336000	0.336000	0.297750	
1000	0.277000	1.179770	1000	0.277000	0.277000	0.297675	
1000	0.328000	1.179770	1000	0.328000	0.328000	0.297784	
1000	0.344000	1.179770	1000	0.344000	0.344000	0.297949	
1000	0.329000	1.179770	1000	0.329000	0.329000	0.298059	
1000	0.352000	1.179770	1000	0.352000	0.352000	0.298251	
1000	0.328000	1.179770	1000	0.328000	0.328000	0.298356	
1000	0.348000	1.179770	1000	0.348000	0.348000	0.298531	
1000	0.323000	1.179770	1000	0.323000	0.323000	0.298616	
1000	0.341000	1.179770	1000	0.341000	0.341000	0.298765	
1000	0.320000	1.179770	1000	0.320000	0.320000	0.298839	
1000	0.323000	1.179770	1000	0.323000	0.323000	0.298923	
1000	0.306000	1.179770	1000	0.306000	0.306000	0.298947	
1000	0.343000	1.179770	1000	0.343000	0.343000	0.299099	
1000	0.296000	1.179770	1000	0.296000	0.296000	0.299088	
1000	0.305000	1.179770	1000	0.305000	0.305000	0.299109	
1000	0.307000	1.179770	1000	0.307000	0.307000	0.299135	
1000	0.313000	1.179770	1000	0.313000	0.313000	0.299183	
1000	0.319000	1.179770	1000	0.319000	0.319000	0.299250	
1000	0.289000	1.179770	1000	0.289000	0.289000	0.299215	
1000	0.335000	1.179770	1000	0.335000	0.335000	0.299336	
1000	0.313000	1.179770	1000	0.313000	0.313000	0.299382	
1000	0.306000	1.179770	1000	0.306000	0.306000	0.299404	
1000	0.301000	1.179770	1000	0.301000	0.301000	0.299409	
1000	0.308000	1.179770	1000	0.308000	0.308000	0.299438	
1000	0.318000	1.179770	1000	0.318000	0.318000	0.299499	
1000	0.313000	1.179770	1000	0.313000	0.313000	0.299544	
1000	0.316000	1.179770	1000	0.316000	0.316000	0.299598	
1000	0.310000	1.179770	1000	0.310000	0.310000	0.299632	
1000	0.332000	1.179770	1000	0.332000	0.332000	0.299738	
1000	0.284000	1.179770	1000	0.284000	0.284000	0.299686	
1000	0.317000	1.179770	1000	0.317000	0.317000	0.299743	
1000	0.336000	1.179770	1000	0.336000	0.336000	0.299860	
1000	0.328000	1.179770	1000	0.328000	0.328000	0.299951	
1000	0.309000	1.179770	1000	0.309000	0.309000	0.299980	
1000	0.319000	1.179770	1000	0.319000	0.319000	0.300041	
1000	0.350000	1.179770	1000	0.350000	0.350000	0.300200	
1000	0.352000	1.179770	1000	0.352000	0.352000	0.300365	
1000	0.334000	1.179770	1000	0.334000	0.334000	0.300472	
1000	0.339000	1.179770	1000	0.339000	0.339000	0.300594	
1000	0.331000	1.179770	1000	0.331000	0.331000	0.300690	
1000	0.342000	1.179770	1000	0.342000	0.342000	0.300820	
1000	0.293000	1.179770	1000	0.293000	0.293000	0.300795	
1000	0.343000	1.179770	1000	0.343000	0.343000	0.300927	
1000	0.318000	1.179770	1000	0.318000	0.318000	0.300980	
1000	0.286000	1.179770	1000	0.286000	0.286000	0.300934	
1000	0.337000	1.179770	1000	0.337000	0.337000	0.301046	
1000	0.326000	1.179770	1000	0.326000	0.326000	0.301123	
1000	0.313000	1.179770	1000	0.313000	0.313000	0.301159	
1000	0.306000	1.179770	1000	0.306000	0.306000	0.301174	
1000	0.309000	1.179770	1000	0.309000	0.309000	0.301198	
1000	0.304000	1.179770	1000	0.304000	0.304000	0.301206	
1000	0.336000	1.179770	1000	0.336000	0.336000	0.301312	
1000	0.309000	1.179770	1000	0.309000	0.309000	0.301335	
1000	0.315000	1.179770	1000	0.315000	0.315000	0.301377	
1000	0.338000	1.179770	1000	0.338000	0.338000	0.301487	
1000	0.335000	1.179770	1000	0.335000	0.335000	0.301588	
1000	0.306000	1.179770	1000	0.306000	0.306000	0.301601	
1000	0.333000	1.179770	1000	0.333000	0.333000	0.301695	
1000	0.326000	1.179770	1000	0.326000	0.326000	0.301767	
1000	0.336000	1.179770	1000	0.336000	0.336000	0.301869	
1000	0.325000	1.179770	1000	0.325000	0.325000	0.301937	
1000	0.294000	1.179770	1000	0.294000	0.294000	0.301914	
1000	0.329000	1.179770	1000	0.329000	0.329000	0.301993	
1000	0.327000	1.179770	1000	0.327000	0.327000	0.302067	
1000	0.320000	1.179770	1000	0.320000	0.320000	0.302119	
1000	0.310000	1.179770	1000	0.310000	0.310000	0.302142	
1000	0.300000	1.179770	1000	0.300000	0.300000	0.302136	
1000	0.325000	1.179770	1000	0.325000	0.325000	0.302202	
1000	0.319000	1.179770	1000	0.319000	0.319000	0.302251	
1000	0.327000	1.179770	1000	0.327000	0.327000	0.302322	
1000	0.308000	1.179770	1000	0.308000	0.308000	0.302338	
1000	0.319000	1.179770	1000	0.319000	0.319000	0.302386	
1000	0.332000	1.179770	1000	0.332000	0.332000	0.302471	
1000	0.335000	1.179770	1000	0.335000	0.335000	0.302563	
1000	0.315000	1.179770	1000	0.315000	0.315000	0.302599	
1000	0.302000	1.179770	1000	0.302000	0.302000	0.302597	
1000	0.334000	1.179770	1000	0.334000	0.334000	0.302686	
1000	0.332000	1.179770	1000	0.332000	0.332000	0.302768	
1000	0.298000	1.179770	1000	0.298000	0.298000	0.302755	
1000	0.332000	1.179770	1000	0.332000	0.332000	0.302837	
1000	0.344000	1.179770	1000	0.344000	0.344000	0.302952	
1000	0.318000	1.179770	1000	0.318000	0.318000	0.302994	
1000	0.342000	1.179770	1000	0.342000	0.342000	0.303102	
1000	0.327000	1.179770	1000	0.327000	0.327000	0.303168	
1000	0.352000	1.179770	1000	0.352000	0.352000	0.303303	
1000	0.296000	1.179770	1000	0.296000	0.296000	0.303283	
1000	0.317000	1.179770	1000	0.317000	0.317000	0.303321	
1000	0.315000	1.179770	1000	0.315000	0.315000	0.303353	
1000	0.326000	1.179770	1000	0.326000	0.326000	0.303414	
1000	0.302000	1.179770	1000	0.302000	0.302000	0.303411	
1000	0.323000	1.179770	1000	0.323000	0.323000	0.303464	
1000	0.322000	1.179770	1000	0.322000	0.322000	0.303514	
1000	0.334000	1.179770	1000	0.334000	0.334000	0.303596	
1000	0.325000	1.179770	1000	0.325000	0.325000	0.303654	
1000	0.334000	1.179770	1000	0.334000	0.334000	0.303736	
1000	0.314000	1.179770	1000	0.314000	0.314000	0.303763	
1000	0.318000	1.179770	1000	0.318000	0.318000	0.303801	
1000	0.332000	1.179770	1000	0.332000	0.332000	0.303877	
1000	0.328000	1.179770	1000	0.328000	0.328000	0.303941	
1000	0.332000	1.179770	1000	0.332000	0.332000	0.304015	
1000	0.293000	1.179770	1000	0.293000	0.293000	0.303986	
1000	0.329000	1.179770	1000	0.329000	0.329000	0.304052	
1000	0.337000	1.179770	1000	0.337000	0.337000	0.304139	
1000	0.335000	1.179770	1000	0.335000	0.335000	0.304220	
1000	0.332000	1.179770	1000	0.332000	0.332000	0.304292	
1000	0.328000	1.179770	1000	0.328000	0.328000	0.304354	
1000	0.320000	1.179770	1000	0.320000	0.320000	0.304395	
1000	0.313000	1.179770	1000	0.313000	0.313000	0.304417	
1000	0.321000	1.179770	1000	0.321000	0.321000	0.304460	
1000	0.308000	1.179770	1000	0.308000	0.308000	0.304469	
1000	0.320000	1.179770	1000	0.320000	0.320000	0.304510	
1000	0.324000	1.179770	1000	0.324000	0.324000	0.304560	
1000	0.315000	1.179770	1000	0.315000	0.315000	0.304586	
1000	0.314000	1.179770	1000	0.314000	0.314000	0.304610	
1000	0.309000	1.179770	1000	0.309000	0.309000	0.304622	
1000	0.290000	1.179770	1000	0.290000	0.290000	0.304584	
1000	0.312000	1.179770	1000	0.312000	0.312000	0.304603	
1000	0.315000	1.179770	1000	0.315000	0.315000	0.304630	
1000	0.316000	1.179770	1000	0.316000	0.316000	0.304658	
1000	0.342000	1.179770	1000	0.342000	0.342000	0.304752	
1000	0.343000	1.179770	1000	0.343000	0.343000	0.304848	
1000	0.352000	1.179770	1000	0.352000	0.352000	0.304967	
1000	0.299000	1.179770	1000	0.299000	0.299000	0.304952	
1000	0.305000	1.179770	1000	0.305000	0.305000	0.304952	
1000	0.303000	1.179770	1000	0.303000	0.303000	0.304947	
1000	0.308000	1.179770	1000	0.308000	0.308000	0.304955	
1000	0.317000	1.179770	1000	0.317000	0.317000	0.304984	
1000	0.327000	1.179770	1000	0.327000	0.327000	0.305039	
1000	0.354000	1.179770	1000	0.354000	0.354000	0.305159	
1000	0.339000	1.179770	1000	0.339000	0.339000	0.305242	
1000	0.298000	1.179770	1000	0.298000	0.298000	0.305225	
1000	0.307000	1.179770	1000	0.307000	0.307000	0.305229	
1000	0.325000	1.179770	1000	0.325000	0.325000	0.305277	
1000	0.294000	1.179770	1000	0.294000	0.294000	0.305250	
1000	0.334000	1.179770	1000	0.334000	0.334000	0.305320	
1000	0.305000	1.179770	1000	0.305000	0.305000	0.305319	
1000	0.322000	1.179770	1000	0.322000	0.322000	0.305359	
1000	0.324000	1.179770	1000	0.324000	0.324000	0.305404	
1000	0.361000	1.179770	1000	0.361000	0.361000	0.305538	
1000	0.319000	1.179770	1000	0.319000	0.319000	0.305570	
1000	0.319000	1.179770	1000	0.319000	0.319000	0.305602	
1000	0.331000	1.179770	1000	0.331000	0.331000	0.305663	
1000	0.341000	1.179770	1000	0.341000	0.341000	0.305747	
1000	0.333000	1.179770	1000	0.333000	0.333000	0.305812	
1000	0.313000	1.179770	1000	0.313000	0.313000	0.305829	
1000	0.322000	1.179770	1000	0.322000	0.322000	0.305867	
1000	0.303000	1.179770	1000	0.303000	0.303000	0.305860	
1000	0.330000	1.179770	1000	0.330000	0.330000	0.305917	
1000	0.370000	1.179770	1000	0.370000	0.370000	0.306067	
1000	0.346000	1.179770	1000	0.346000	0.346000	0.306161	
1000	0.328000	1.179770	1000	0.328000	0.328000	0.306212	
1000	0.319000	1.179770	1000	0.319000	0.319000	0.306242	
1000	0.298000	1.179770	1000	0.298000	0.298000	0.306223	
1000	0.326000	1.179770	1000	0.326000	0.326000	0.306268	
1000	0.321000	1.179770	1000	0.321000	0.321000	0.306303	
1000	0.311000	1.179770	1000	0.311000	0.311000	0.306313	
1000	0.320000	1.179770	1000	0.320000	0.320000	0.306345	
1000	0.309000	1.179770	1000	0.309000	0.309000	0.306351	
1000	0.313000	1.179770	1000	0.313000	0.313000	0.306366	
1000	0.329000	1.179770	1000	0.329000	0.329000	0.306418	
1000	0.315000	1.179770	1000	0.315000	0.315000	0.306438	
1000	0.329000	1.179770	1000	0.329000	0.329000	0.306489	
1000	0.328000	1.179770	1000	0.328000	0.328000	0.306538	
1000	0.321000	1.179770	1000	0.321000	0.321000	0.306571	
1000	0.328000	1.179770	1000	0.328000	0.328000	0.306619	
1000	0.330000	1.179770	1000	0.330000	0.330000	0.306672	
1000	0.334000	1.179770	1000	0.334000	0.334000	0.306734	
1000	0.328000	1.179770	1000	0.328000	0.328000	0.306781	
1000	0.332000	1.179770	1000	0.332000	0.332000	0.306838	
1000	0.331000	1.179770	1000	0.331000	0.331000	0.306892	
1000	0.316000	1.179770	1000	0.316000	0.316000	0.306912	
1000	0.317000	1.179770	1000	0.317000	0.317000	0.306935	
1000	0.297000	1.179770	1000	0.297000	0.297000	0.306913	
1000	0.340000	1.179770	1000	0.340000	0.340000	0.306986	
1000	0.325000	1.179770	1000	0.325000	0.325000	0.307026	
1000	0.323000	1.179770	1000	0.323000	0.323000	0.307061	
1000	0.296000	1.179770	1000	0.296000	0.296000	0.307037	
1000	0.318000	1.179770	1000	0.318000	0.318000	0.307061	
1000	0.321000	1.179770	1000	0.321000	0.321000	0.307091	
1000	0.319000	1.179770	1000	0.319000	0.319000	0.307117	
1000	0.311000	1.179770	1000	0.311000	0.311000	0.307126	
1000	0.286000	1.179770	1000	0.286000	0.286000	0.307080	
1000	0.339000	1.179770	1000	0.339000	0.339000	0.307149	
1000	0.316000	1.179770	1000	0.316000	0.316000	0.307169	
1000	0.323000	1.179770	1000	0.323000	0.323000	0.307203	
1000	0.355000	1.179770	1000	0.355000	0.355000	0.307306	
1000	0.336000	1.179770	1000	0.336000	0.336000	0.307368	
1000	0.313000	1.179770	1000	0.313000	0.313000	0.307380	
1000	0.312000	1.179770	1000	0.312000	0.312000	0.307390	
1000	0.296000	1.179770	1000	0.296000	0.296000	0.307366	
1000	0.324000	1.179770	1000	0.324000	0.324000	0.307401	
1000	0.301000	1.179770	1000	0.301000	0.301000	0.307387	
1000	0.330000	1.179770	1000	0.330000	0.330000	0.307436	
1000	0.278000	1.179770	1000	0.278000	0.278000	0.307373	
1000	0.321000	1.179770	1000	0.321000	0.321000	0.307402	
1000	0.340000	1.179770	1000	0.340000	0.340000	0.307471	
1000	0.312000	1.179770	1000	0.312000	0.312000	0.307480	
1000	0.342000	1.179770	1000	0.342000	0.342000	0.307553	
1000	0.307000	1.179770	1000	0.307000	0.307000	0.307552	
1000	0.323000	1.179770	1000	0.323000	0.323000	0.307584	
1000	0.307000	1.179770	1000	0.307000	0.307000	0.307583	
1000	0.306000	1.179770	1000	0.306000	0.306000	0.307580	
1000	0.312000	1.179770	1000	0.312000	0.312000	0.307589	
1000	0.305000	1.179770	1000	0.305000	0.305000	0.307584	
1000	0.329000	1.179770	1000	0.329000	0.329000	0.307628	
1000	0.316000	1.179770	1000	0.316000	0.316000	0.307645	
1000	0.326000	1.179770	1000	0.326000	0.326000	0.307683	
1000	0.314000	1.179770	1000	0.314000	0.314000	0.307696	
1000	0.333000	1.179770	1000	0.333000	0.333000	0.307748	
1000	0.314000	1.179770	1000	0.314000	0.314000	0.307761	
1000	0.316000	1.179770	1000	0.316000	0.316000	0.307778	
1000	0.321000	1.179770	1000	0.321000	0.321000	0.307805	
1000	0.322000	1.179770	1000	0.322000	0.322000	0.307834	
1000	0.321000	1.179770	1000	0.321000	0.321000	0.307861	
1000	0.298000	1.179770	1000	0.298000	0.298000	0.307841	
1000	0.333000	1.179770	1000	0.333000	0.333000	0.307892	
1000	0.282000	1.179770	1000	0.282000	0.282000	0.307839	
1000	0.325000	1.179770	1000	0.325000	0.325000	0.307874	
1000	0.306000	1.179770	1000	0.306000	0.306000	0.307870	
1000	0.302000	1.179770	1000	0.302000	0.302000	0.307859	
1000	0.328000	1.179770	1000	0.328000	0.328000	0.307899	
1000	0.348000	1.179770	1000	0.348000	0.348000	0.307979	
1000	0.316000	1.179770	1000	0.316000	0.316000	0.307995	
1000	0.334000	1.179770	1000	0.334000	0.334000	0.308047	
1000	0.319000	1.179770	1000	0.319000	0.319000	0.308069	
1000	0.320000	1.179770	1000	0.320000	0.320000	0.308093	
1000	0.334000	1.179770	1000	0.334000	0.334000	0.308144	
1000	0.342000	1.179770	1000	0.342000	0.342000	0.308211	
1000	0.332000	1.179770	1000	0.332000	0.332000	0.308258	
1000	0.315000	1.179770	1000	0.315000	0.315000	0.308272	
1000	0.346000	1.179770	1000	0.346000	0.346000	0.308346	
1000	0.337000	1.179770	1000	0.337000	0.337000	0.308402	
1000	0.308000	1.179770	1000	0.308000	0.308000	0.308401	
1000	0.301000	1.179770	1000	0.301000	0.301000	0.308387	
1000	0.323000	1.179770	1000	0.323000	0.323000	0.308415	
1000	0.332000	1.179770	1000	0.332000	0.332000	0.308461	
1000	0.321000	1.179770	1000	0.321000	0.321000	0.308486	
1000	0.321000	1.179770	1000	0.321000	0.321000	0.308510	
1000	0.302000	1.179770	1000	0.302000	0.302000	0.308497	
1000	0.341000	1.179770	1000	0.341000	0.341000	0.308560	
1000	0.279000	1.179770	1000	0.279000	0.279000	0.308503	
1000	0.309000	1.179770	1000	0.309000	0.309000	0.308504	
1000	0.313000	1.179770	1000	0.313000	0.313000	0.308513	
1000	0.327000	1.179770	1000	0.327000	0.327000	0.308548	
1000	0.341000	1.179770	1000	0.341000	0.341000	0.308611	
1000	0.342000	1.179770	1000	0.342000	0.342000	0.308674	
1000	0.332000	1.179770	1000	0.332000	0.332000	0.308719	
1000	0.318000	1.179770	1000	0.318000	0.318000	0.308737	
1000	0.340000	1.179770	1000	0.340000	0.340000	0.308796	
1000	0.339000	1.179770	1000	0.339000	0.339000	0.308853	
1000	0.339000	1.179770	1000	0.339000	0.339000	0.308910	
1000	0.301000	1.179770	1000	0.301000	0.301000	0.308895	
1000	0.352000	1.179770	1000	0.352000	0.352000	0.308977	
1000	0.345000	1.179770	1000	0.345000	0.345000	0.309045	
1000	0.319000	1.179770	1000	0.319000	0.319000	0.309063	
1000	0.318000	1.179770	1000	0.318000	0.318000	0.309080	
1000	0.332000	1.179770	1000	0.332000	0.332000	0.309123	
1000	0.343000	1.179770	1000	0.343000	0.343000	0.309186	
1000	0.306000	1.179770	1000	0.306000	0.306000	0.309180	
1000	0.319000	1.179770	1000	0.319000	0.319000	0.309199	
1000	0.306000	1.179770	1000	0.306000	0.306000	0.309193	
1000	0.317000	1.179770	1000	0.317000	0.317000	0.309207	
1000	0.315000	1.179770	1000	0.315000	0.315000	0.309218	
1000	0.291000	1.179770	1000	0.291000	0.291000	0.309184	
1000	0.304000	1.179770	1000	0.304000	0.304000	0.309175	
1000	0.291000	1.179770	1000	0.291000	0.291000	0.309141	
1000	0.310000	1.179770	1000	0.310000	0.310000	0.309143	
1000	0.345000	1.179770	1000	0.345000	0.345000	0.309209	
1000	0.351000	1.179770	1000	0.351000	0.351000	0.309285	
1000	0.311000	1.179770	1000	0.311000	0.311000	0.309288	
1000	0.357000	1.179770	1000	0.357000	0.357000	0.309375	
1000	0.340000	1.179770	1000	0.340000	0.340000	0.309431	
1000	0.375000	1.179770	1000	0.375000	0.375000	0.309550	
1000	0.328000	1.179770	1000	0.328000	0.328000	0.309584	
1000	0.323000	1.179770	1000	0.323000	0.323000	0.309608	
1000	0.295000	1.179770	1000	0.295000	0.295000	0.309582	
1000	0.316000	1.179770	1000	0.316000	0.316000	0.309593	
1000	0.308000	1.179770	1000	0.308000	0.308000	0.309590	
1000	0.293000	1.179770	1000	0.293000	0.293000	0.309561	
1000	0.299000	1.179770	1000	0.299000	0.299000	0.309542	
1000	0.341000	1.179770	1000	0.341000	0.341000	0.309598	
1000	0.337000	1.179770	1000	0.337000	0.337000	0.309647	
1000	0.368000	1.179770	1000	0.368000	0.368000	0.309751	
1000	0.345000	1.179770	1000	0.345000	0.345000	0.309814	
1000	0.337000	1.179770	1000	0.337000	0.337000	0.309862	
1000	0.341000	1.179770	1000	0.341000	0.341000	0.309918	
1000	0.323000	1.179770	1000	0.323000	0.323000	0.309941	
1000	0.282000	1.179770	1000	0.282000	0.282000	0.309891	
1000	0.310000	1.179770	1000	0.310000	0.310000	0.309892	
1000	0.317000	1.179770	1000	0.317000	0.317000	0.309904	
1000	0.302000	1.179770	1000	0.302000	0.302000	0.309890	
1000	0.323000	1.179770	1000	0.323000	0.323000	0.309913	
1000	0.351000	1.179770	1000	0.351000	0.351000	0.309985	
1000	0.280000	1.179770	1000	0.280000	0.280000	0.309933	
1000	0.328000	1.179770	1000	0.328000	0.328000	0.309964	
1000	0.315000	1.179770	1000	0.315000	0.315000	0.309973	
1000	0.338000	1.179770	1000	0.338000	0.338000	0.310022	
1000	0.307000	1.179770	1000	0.307000	0.307000	0.310017	
1000	0.338000	1.179770	1000	0.338000	0.338000	0.310065	
1000	0.288000	1.179770	1000	0.288000	0.288000	0.310027	
1000	0.295000	1.179770	1000	0.295000	0.295000	0.310001	
1000	0.311000	1.179770	1000	0.311000	0.311000	0.310003	
1000	0.319000	1.179770	1000	0.319000	0.319000	0.310018	
1000	0.319000	1.179770	1000	0.319000	0.319000	0.310034	
1000	0.318000	1.179770	1000	0.318000	0.318000	0.310048	
1000	0.323000	1.179770	1000	0.323000	0.323000	0.310070	
1000	0.311000	1.179770	1000	0.311000	0.311000	0.310071	
1000	0.326000	1.179770	1000	0.326000	0.326000	0.310099	
1000	0.330000	1.179770	1000	0.330000	0.330000	0.310133	
1000	0.311000	1.179770	1000	0.311000	0.311000	0.310134	
1000	0.329000	1.179770	1000	0.329000	0.329000	0.310166	
1000	0.344000	1.179770	1000	0.344000	0.344000	0.310224	
1000	0.299000	1.179770	1000	0.299000	0.299000	0.310205	
1000	0.319000	1.179770	1000	0.319000	0.319000	0.310219	
1000	0.318000	1.179770	1000	0.318000	0.318000	0.310233	
1000	0.317000	1.179770	1000	0.317000	0.317000	0.310244	
1000	0.317000	1.179770	1000	0.317000	0.317000	0.310255	
1000	0.306000	1.179770	1000	0.306000	0.306000	0.310248	
1000	0.305000	1.179770	1000	0.305000	0.305000	0.310239	
1000	0.305000	1.179770	1000	0.305000	0.305000	0.310231	
1000	0.341000	1.179770	1000	0.341000	0.341000	0.310282	
1000	0.345000	1.179770	1000	0.345000	0.345000	0.310340	
1000	0.303000	1.179770	1000	0.303000	0.303000	0.310328	
1000	0.318000	1.179770	1000	0.318000	0.318000	0.310341	
1000	0.314000	1.179770	1000	0.314000	0.314000	0.310347	
1000	0.342000	1.179770	1000	0.342000	0.342000	0.310399	
1000	0.326000	1.179770	1000	0.326000	0.326000	0.310425	
1000	0.313000	1.179770	1000	0.313000	0.313000	0.310429	
1000	0.295000	1.179770	1000	0.295000	0.295000	0.310404	
1000	0.332000	1.179770	1000	0.332000	0.332000	0.310439	
1000	0.311000	1.179770	1000	0.311000	0.311000	0.310440	
1000	0.324000	1.179770	1000	0.324000	0.324000	0.310463	
1000	0.327000	1.179770	1000	0.327000	0.327000	0.310490	
1000	0.330000	1.179770	1000	0.330000	0.330000	0.310522	
1000	0.318000	1.179770	1000	0.318000	0.318000	0.310534	
1000	0.342000	1.179770	1000	0.342000	0.342000	0.310585	
1000	0.303000	1.179770	1000	0.303000	0.303000	0.310573	
1000	0.336000	1.179770	1000	0.336000	0.336000	0.310614	
1000	0.301000	1.179770	1000	0.301000	0.301000	0.310599	
1000	0.326000	1.179770	1000	0.326000	0.326000	0.310623	
1000	0.342000	1.179770	1000	0.342000	0.342000	0.310674	
1000	0.297000	1.179770	1000	0.297000	0.297000	0.310652	
1000	0.335000	1.179770	1000	0.335000	0.335000	0.310691	
1000	0.296000	1.179770	1000	0.296000	0.296000	0.310668	
1000	0.285000	1.179770	1000	0.285000	0.285000	0.310627	
1000	0.297000	1.179770	1000	0.297000	0.297000	0.310605	
1000	0.305000	1.179770	1000	0.305000	0.305000	0.310596	
1000	0.340000	1.179770	1000	0.340000	0.340000	0.310643	
1000	0.320000	1.179770	1000	0.320000	0.320000	0.310658	
1000	0.327000	1.179770	1000	0.327000	0.327000	0.310684	
1000	0.303000	1.179770	1000	0.303000	0.303000	0.310671	
1000	0.330000	1.179770	1000	0.330000	0.330000	0.310702	
1000	0.300000	1.179770	1000	0.300000	0.300000	0.310685	
1000	0.351000	1.179770	1000	0.351000	0.351000	0.310749	
1000	0.346000	1.179770	1000	0.346000	0.346000	0.310805	
1000	0.354000	1.179770	1000	0.354000	0.354000	0.310873	
1000	0.306000	1.179770	1000	0.306000	0.306000	0.310865	
1000	0.308000	1.179770	1000	0.308000	0.308000	0.310861	
1000	0.340000	1.179770	1000	0.340000	0.340000	0.310907	
1000	0.340000	1.179770	1000	0.340000	0.340000	0.310952	
1000	0.321000	1.179770	1000	0.321000	0.321000	0.310968	
1000	0.336000	1.179770	1000	0.336000	0.336000	0.311007	
1000	0.322000	1.179770	1000	0.322000	0.322000	0.311025	
1000	0.342000	1.179770	1000	0.342000	0.342000	0.311073	
1000	0.295000	1.179770	1000	0.295000	0.295000	0.311048	
1000	0.326000	1.179770	1000	0.326000	0.326000	0.311071	
1000	0.325000	1.179770	1000	0.325000	0.325000	0.311093	
1000	0.311000	1.179770	1000	0.311000	0.311000	0.311093	
1000	0.302000	1.179770	1000	0.302000	0.302000	0.311078	
1000	0.308000	1.179770	1000	0.308000	0.308000	0.311074	
1000	0.320000	1.179770	1000	0.320000	0.320000	0.311087	
1000	0.315000	1.179770	1000	0.315000	0.315000	0.311094	
1000	0.299000	1.179770	1000	0.299000	0.299000	0.311075	
1000	0.336000	1.179770	1000	0.336000	0.336000	0.311113	
1000	0.303000	1.179770	1000	0.303000	0.303000	0.311101	
1000	0.311000	1.179770	1000	0.311000	0.311000	0.311101	
1000	0.328000	1.179770	1000	0.328000	0.328000	0.311126	
1000	0.311000	1.179770	1000	0.311000	0.311000	0.311126	
1000	0.307000	1.179770	1000	0.307000	0.307000	0.311120	
1000	0.333000	1.179770	1000	0.333000	0.333000	0.311153	
1000	0.318000	1.179770	1000	0.318000	0.318000	0.311164	
1000	0.354000	1.179770	1000	0.354000	0.354000	0.311229	
1000	0.327000	1.179770	1000	0.327000	0.327000	0.311253	
1000	0.326000	1.179770	1000	0.326000	0.326000	0.311275	
1000	0.353000	1.179770	1000	0.353000	0.353000	0.311338	
1000	0.299000	1.179770	1000	0.299000	0.299000	0.311319	
1000	0.320000	1.179770	1000	0.320000	0.320000	0.311332	
1000	0.316000	1.179770	1000	0.316000	0.316000	0.311339	
1000	0.312000	1.179770	1000	0.312000	0.312000	0.311340	
1000	0.318000	1.179770	1000	0.318000	0.318000	0.311350	
1000	0.321000	1.179770	1000	0.321000	0.321000	0.311365	
1000	0.316000	1.179770	1000	0.316000	0.316000	0.311372	
1000	0.325000	1.179770	1000	0.325000	0.325000	0.311392	
1000	0.309000	1.179770	1000	0.309000	0.309000	0.311389	
1000	0.335000	1.179770	1000	0.335000	0.335000	0.311424	
1000	0.346000	1.179770	1000	0.346000	0.346000	0.311475	
1000	0.303000	1.179770	1000	0.303000	0.303000	0.311462	
1000	0.324000	1.179770	1000	0.324000	0.324000	0.311481	
1000	0.311000	1.179770	1000	0.311000	0.311000	0.311480	
1000	0.318000	1.179770	1000	0.318000	0.318000	0.311490	
1000	0.323000	1.179770	1000	0.323000	0.323000	0.311507	
1000	0.326000	1.179770	1000	0.326000	0.326000	0.311528	
1000	0.309000	1.179770	1000	0.309000	0.309000	0.311525	
1000	0.350000	1.179770	1000	0.350000	0.350000	0.311581	
1000	0.316000	1.179770	1000	0.316000	0.316000	0.311588	
1000	0.297000	1.179770	1000	0.297000	0.297000	0.311566	
1000	0.329000	1.179770	1000	0.329000	0.329000	0.311592	
1000	0.316000	1.179770	1000	0.316000	0.316000	0.311598	
1000	0.307000	1.179770	1000	0.307000	0.307000	0.311591	
1000	0.334000	1.179770	1000	0.334000	0.334000	0.311624	
1000	0.311000	1.179770	1000	0.311000	0.311000	0.311623	
1000	0.332000	1.179770	1000	0.332000	0.332000	0.311653	
1000	0.306000	1.179770	1000	0.306000	0.306000	0.311644	
1000	0.326000	1.179770	1000	0.326000	0.326000	0.311665	
1000	0.327000	1.179770	1000	0.327000	0.327000	0.311687	
1000	0.321000	1.179770	1000	0.321000	0.321000	0.311701	
1000	0.311000	1.179770	1000	0.311000	0.311000	0.311700	
1000	0.323000	1.179770	1000	0.323000	0.323000	0.311716	
1000	0.331000	1.179770	1000	0.331000	0.331000	0.311744	
1000	0.311000	1.179770	1000	0.311000	0.311000	0.311743	
1000	0.294000	1.179770	1000	0.294000	0.294000	0.311717	
1000	0.306000	1.179770	1000	0.306000	0.306000	0.311709	
1000	0.328000	1.179770	1000	0.328000	0.328000	0.311732	
1000	0.311000	1.179770	1000	0.311000	0.311000	0.311731	
1000	0.299000	1.179770	1000	0.299000	0.299000	0.311713	
1000	0.309000	1.179770	1000	0.309000	0.309000	0.311709	
1000	0.337000	1.179770	1000	0.337000	0.337000	0.311745	
1000	0.300000	1.179770	1000	0.300000	0.300000	0.311729	
1000	0.325000	1.179770	1000	0.325000	0.325000	0.311747	
1000	0.338000	1.179770	1000	0.338000	0.338000	0.311785	
1000	0.345000	1.179770	1000	0.345000	0.345000	0.311831	
1000	0.302000	1.179770	1000	0.302000	0.302000	0.311818	
1000	0.341000	1.179770	1000	0.341000	0.341000	0.311859	
1000	0.343000	1.179770	1000	0.343000	0.343000	0.311903	
1000	0.324000	1.179770	1000	0.324000	0.324000	0.311920	
1000	0.331000	1.179770	1000	0.331000	0.331000	0.311946	
1000	0.323000	1.179770	1000	0.323000	0.323000	0.311962	
1000	0.310000	1.179770	1000	0.310000	0.310000	0.311959	
1000	0.304000	1.179770	1000	0.304000	0.304000	0.311948	
1000	0.325000	1.179770	1000	0.325000	0.325000	0.311966	
1000	0.334000	1.179770	1000	0.334000	0.334000	0.311997	
1000	0.316000	1.179770	1000	0.316000	0.316000	0.312002	
1000	0.324000	1.179770	1000	0.324000	0.324000	0.312019	
1000	0.347000	1.179770	1000	0.347000	0.347000	0.312068	
1000	0.335000	1.179770	1000	0.335000	0.335000	0.312099	
1000	0.326000	1.179770	1000	0.326000	0.326000	0.312119	
1000	0.320000	1.179770	1000	0.320000	0.320000	0.312129	
1000	0.333000	1.179770	1000	0.333000	0.333000	0.312158	
1000	0.318000	1.179770	1000	0.318000	0.318000	0.312166	
1000	0.316000	1.179770	1000	0.316000	0.316000	0.312172	
1000	0.322000	1.179770	1000	0.322000	0.322000	0.312185	
1000	0.299000	1.179770	1000	0.299000	0.299000	0.312167	
1000	0.325000	1.179770	1000	0.325000	0.325000	0.312185	
1000	0.314000	1.179770	1000	0.314000	0.314000	0.312187	
1000	0.324000	1.179770	1000	0.324000	0.324000	0.312203	
1000	0.321000	1.179770	1000	0.321000	0.321000	0.312215	
1000	0.337000	1.179770	1000	0.337000	0.337000	0.312249	
1000	0.338000	1.179770	1000	0.338000	0.338000	0.312284	
1000	0.314000	1.179770	1000	0.314000	0.314000	0.312286	
1000	0.349000	1.179770	1000	0.349000	0.349000	0.312336	
1000	0.318000	1.179770	1000	0.318000	0.318000	0.312344	
1000	0.348000	1.179770	1000	0.348000	0.348000	0.312392	
1000	0.299000	1.179770	1000	0.299000	0.299000	0.312374	
1000	0.340000	1.179770	1000	0.340000	0.340000	0.312411	
1000	0.318000	1.179770	1000	0.318000	0.318000	0.312419	
1000	0.307000	1.179770	1000	0.307000	0.307000	0.312411	
1000	0.336000	1.179770	1000	0.336000	0.336000	0.312443	
1000	0.299000	1.179770	1000	0.299000	0.299000	0.312425	
1000	0.295000	1.179770	1000	0.295000	0.295000	0.312402	
1000	0.310000	1.179770	1000	0.310000	0.310000	0.312399	
1000	0.335000	1.179770	1000	0.335000	0.335000	0.312429	
1000	0.322000	1.179770	1000	0.322000	0.322000	0.312442	
1000	0.349000	1.179770	1000	0.349000	0.349000	0.312490	
1000	0.354000	1.179770	1000	0.354000	0.354000	0.312546	
1000	0.333000	1.179770	1000	0.333000	0.333000	0.312573	
1000	0.332000	1.179770	1000	0.332000	0.332000	0.312599	
1000	0.341000	1.179770	1000	0.341000	0.341000	0.312636	
1000	0.326000	1.179770	1000	0.326000	0.326000	0.312654	
1000	0.332000	1.179770	1000	0.332000	0.332000	0.312679	
1000	0.299000	1.179770	1000	0.299000	0.299000	0.312661	
1000	0.332000	1.179770	1000	0.332000	0.332000	0.312687	
1000	0.315000	1.179770	1000	0.315000	0.315000	0.312690	
1000	0.329000	1.179770	1000	0.329000	0.329000	0.312711	
1000	0.325000	1.179770	1000	0.325000	0.325000	0.312728	
1000	0.323000	1.179770	1000	0.323000	0.323000	0.312741	
1000	0.342000	1.179770	1000	0.342000	0.342000	0.312779	
1000	0.330000	1.179770	1000	0.330000	0.330000	0.312802	
1000	0.333000	1.179770	1000	0.333000	0.333000	0.312828	
1000	0.344000	1.179770	1000	0.344000	0.344000	0.312869	
1000	0.323000	1.179770	1000	0.323000	0.323000	0.312882	
1000	0.320000	1.179770	1000	0.320000	0.320000	0.312892	
1000	0.330000	1.179770	1000	0.330000	0.330000	0.312914	
1000	0.313000	1.179770	1000	0.313000	0.313000	0.312914	
1000	0.301000	1.179770	1000	0.301000	0.301000	0.312898	
1000	0.313000	1.179770	1000	0.313000	0.313000	0.312899	
1000	0.347000	1.179770	1000	0.347000	0.347000	0.312943	
1000	0.346000	1.179770	1000	0.346000	0.346000	0.312985	
1000	0.345000	1.179770	1000	0.345000	0.345000	0.313027	
1000	0.341000	1.179770	1000	0.341000	0.341000	0.313063	
1000	0.300000	1.179770	1000	0.300000	0.300000	0.313046	
1000	0.304000	1.179770	1000	0.304000	0.304000	0.313034	
1000	0.319000	1.179770	1000	0.319000	0.319000	0.313042	
1000	0.303000	1.179770	1000	0.303000	0.303000	0.313029	
1000	0.324000	1.179770	1000	0.324000	0.324000	0.313043	
1000	0.329000	1.179770	1000	0.329000	0.329000	0.313064	
1000	0.312000	1.179770	1000	0.312000	0.312000	0.313062	
1000	0.309000	1.179770	1000	0.309000	0.309000	0.313057	
1000	0.327000	1.179770	1000	0.327000	0.327000	0.313075	
1000	0.322000	1.179770	1000	0.322000	0.322000	0.313086	
1000	0.326000	1.179770	1000	0.326000	0.326000	0.313103	
1000	0.329000	1.179770	1000	0.329000	0.329000	0.313123	
1000	0.295000	1.179770	1000	0.295000	0.295000	0.313100	
1000	0.345000	1.179770	1000	0.345000	0.345000	0.313140	
1000	0.318000	1.179770	1000	0.318000	0.318000	0.313146	
1000	0.375000	1.179770	1000	0.375000	0.375000	0.313224	
1000	0.288000	1.179770	1000	0.288000	0.288000	0.313193	
1000	0.329000	1.179770	1000	0.329000	0.329000	0.313212	
1000	0.308000	1.179770	1000	0.308000	0.308000	0.313206	
1000	0.339000	1.179770	1000	0.339000	0.339000	0.313238	
1000	0.346000	1.179770	1000	0.346000	0.346000	0.313279	
1000	0.340000	1.179770	1000	0.340000	0.340000	0.313313	
1000	0.346000	1.179770	1000	0.346000	0.346000	0.313354	
1000	0.322000	1.179770	1000	0.322000	0.322000	0.313365	
1000	0.329000	1.179770	1000	0.329000	0.329000	0.313384	
1000	0.332000	1.179770	1000	0.332000	0.332000	0.313407	
1000	0.323000	1.179770	1000	0.323000	0.323000	0.313419	
1000	0.323000	1.179770	1000	0.323000	0.323000	0.313431	
1000	0.308000	1.179770	1000	0.308000	0.308000	0.313424	
1000	0.355000	1.179770	1000	0.355000	0.355000	0.313476	
1000	0.322000	1.179770	1000	0.322000	0.322000	0.313487	
1000	0.355000	1.179770	1000	0.355000	0.355000	0.313538	
1000	0.354000	1.179770	1000	0.354000	0.354000	0.313588	
1000	0.318000	1.179770	1000	0.318000	0.318000	0.313593	
1000	0.303000	1.179770	1000	0.303000	0.303000	0.313580	
1000	0.328000	1.179770	1000	0.328000	0.328000	0.313598	
1000	0.331000	1.179770	1000	0.331000	0.331000	0.313620	
1000	0.378000	1.179770	1000	0.378000	0.378000	0.313699	
1000	0.335000	1.179770	1000	0.335000	0.335000	0.313725	
1000	0.317000	1.179770	1000	0.317000	0.317000	0.313729	
1000	0.339000	1.179770	1000	0.339000	0.339000	0.313760	
1000	0.306000	1.179770	1000	0.306000	0.306000	0.313750	
1000	0.339000	1.179770	1000	0.339000	0.339000	0.313781	
1000	0.318000	1.179770	1000	0.318000	0.318000	0.313786	
1000	0.327000	1.179770	1000	0.327000	0.327000	0.313802	
1000	0.338000	1.179770	1000	0.338000	0.338000	0.313832	
1000	0.308000	1.179770	1000	0.308000	0.308000	0.313825	
1000	0.339000	1.179770	1000	0.339000	0.339000	0.313855	
1000	0.335000	1.179770	1000	0.335000	0.335000	0.313881	
1000	0.333000	1.179770	1000	0.333000	0.333000	0.313904	
1000	0.321000	1.179770	1000	0.321000	0.321000	0.313913	
1000	0.281000	1.179770	1000	0.281000	0.281000	0.313873	
1000	0.320000	1.179770	1000	0.320000	0.320000	0.313880	
1000	0.326000	1.179770	1000	0.326000	0.326000	0.313895	
1000	0.296000	1.179770	1000	0.296000	0.296000	0.313873	
1000	0.323000	1.179770	1000	0.323000	0.323000	0.313884	
1000	0.345000	1.179770	1000	0.345000	0.345000	0.313922	
1000	0.321000	1.179770	1000	0.321000	0.321000	0.313930	
1000	0.317000	1.179770	1000	0.317000	0.317000	0.313934	
1000	0.305000	1.179770	1000	0.305000	0.305000	0.313923	
1000	0.314000	1.179770	1000	0.314000	0.314000	0.313923	
1000	0.308000	1.179770	1000	0.308000	0.308000	0.313916	
1000	0.335000	1.179770	1000	0.335000	0.335000	0.313941	
1000	0.321000	1.179770	1000	0.321000	0.321000	0.313950	
1000	0.333000	1.179770	1000	0.333000	0.333000	0.313972	
1000	0.333000	1.179770	1000	0.333000	0.333000	0.313995	
1000	0.316000	1.179770	1000	0.316000	0.316000	0.313997	
1000	0.327000	1.179770	1000	0.327000	0.327000	0.314013	
1000	0.299000	1.179770	1000	0.299000	0.299000	0.313995	
1000	0.340000	1.179770	1000	0.340000	0.340000	0.314026	
1000	0.336000	1.179770	1000	0.336000	0.336000	0.314052	
1000	0.313000	1.179770	1000	0.313000	0.313000	0.314050	
1000	0.301000	1.179770	1000	0.301000	0.301000	0.314035	
1000	0.310000	1.179770	1000	0.310000	0.310000	0.314030	
1000	0.331000	1.179770	1000	0.331000	0.331000	0.314050	
1000	0.334000	1.179770	1000	0.334000	0.334000	0.314074	
1000	0.337000	1.179770	1000	0.337000	0.337000	0.314100	
1000	0.320000	1.179770	1000	0.320000	0.320000	0.314107	
1000	0.308000	1.179770	1000	0.308000	0.308000	0.314100	
1000	0.343000	1.179770	1000	0.343000	0.343000	0.314134	
1000	0.307000	1.179770	1000	0.307000	0.307000	0.314126	
1000	0.303000	1.179770	1000	0.303000	0.303000	0.314113	
1000	0.321000	1.179770	1000	0.321000	0.321000	0.314121	
1000	0.321000	1.179770	1000	0.321000	0.321000	0.314129	
1000	0.338000	1.179770	1000	0.338000	0.338000	0.314156	
1000	0.308000	1.179770	1000	0.308000	0.308000	0.314149	
1000	0.289000	1.179770	1000	0.289000	0.289000	0.314120	
1000	0.309000	1.179770	1000	0.309000	0.309000	0.314114	
1000	0.348000	1.179770	1000	0.348000	0.348000	0.314153	
1000	0.354000	1.179770	1000	0.354000	0.354000	0.314199	
1000	0.317000	1.179770	1000	0.317000	0.317000	0.314203	
1000	0.315000	1.179770	1000	0.315000	0.315000	0.314204	
1000	0.343000	1.179770	1000	0.343000	0.343000	0.314237	
1000	0.300000	1.179770	1000	0.300000	0.300000	0.314220	
1000	0.304000	1.179770	1000	0.304000	0.304000	0.314209	
1000	0.295000	1.179770	1000	0.295000	0.295000	0.314187	
1000	0.336000	1.179770	1000	0.336000	0.336000	0.314212	
1000	0.347000	1.179770	1000	0.347000	0.347000	0.314249	
1000	0.306000	1.179770	1000	0.306000	0.306000	0.314240	
1000	0.314000	1.179770	1000	0.314000	0.314000	0.314239	
1000	0.326000	1.179770	1000	0.326000	0.326000	0.314253	
1000	0.335000	1.179770	1000	0.335000	0.335000	0.314276	
1000	0.340000	1.179770	1000	0.340000	0.340000	0.314306	
1000	0.335000	1.179770	1000	0.335000	0.335000	0.314329	
1000	0.324000	1.179770	1000	0.324000	0.324000	0.314340	
1000	0.313000	1.179770	1000	0.313000	0.313000	0.314339	
1000	0.310000	1.179770	1000	0.310000	0.310000	0.314334	
1000	0.304000	1.179770	1000	0.304000	0.304000	0.314322	
1000	0.330000	1.179770	1000	0.330000	0.330000	0.314340	
1000	0.334000	1.179770	1000	0.334000	0.334000	0.314362	
1000	0.315000	1.179770	1000	0.315000	0.315000	0.314363	
1000	0.317000	1.179770	1000	0.317000	0.317000	0.314366	
1000	0.333000	1.179770	1000	0.333000	0.333000	0.314387	
1000	0.347000	1.179770	1000	0.347000	0.347000	0.314423	
1000	0.324000	1.179770	1000	0.324000	0.324000	0.314434	
1000	0.345000	1.179770	1000	0.345000	0.345000	0.314468	
1000	0.359000	1.179770	1000	0.359000	0.359000	0.314518	
1000	0.326000	1.179770	1000	0.326000	0.326000	0.314531	
1000	0.307000	1.179770	1000	0.307000	0.307000	0.314523	
1000	0.323000	1.179770	1000	0.323000	0.323000	0.314532	
1000	0.336000	1.179770	1000	0.336000	0.336000	0.314556	
1000	0.352000	1.179770	1000	0.352000	0.352000	0.314598	
1000	0.349000	1.179770	1000	0.349000	0.349000	0.314636	
1000	0.357000	1.179770	1000	0.357000	0.357000	0.314683	
1000	0.323000	1.179770	1000	0.323000	0.323000	0.314692	
1000	0.310000	1.179770	1000	0.310000	0.310000	0.314687	
1000	0.338000	1.179770	1000	0.338000	0.338000	0.314713	
1000	0.304000	1.179770	1000	0.304000	0.304000	0.314701	
1000	0.321000	1.179770	1000	0.321000	0.321000	0.314708	
1000	0.327000	1.179770	1000	0.327000	0.327000	0.314722	
1000	0.320000	1.179770	1000	0.320000	0.320000	0.314727	
1000	0.318000	1.179770	1000	0.318000	0.318000	0.314731	
1000	0.310000	1.179770	1000	0.310000	0.310000	0.314726	
1000	0.316000	1.179770	1000	0.316000	0.316000	0.314727	
1000	0.292000	1.179770	1000	0.292000	0.292000	0.314702	
1000	0.322000	1.179770	1000	0.322000	0.322000	0.314710	
1000	0.311000	1.179770	1000	0.311000	0.311000	0.314706	
1000	0.332000	1.179770	1000	0.332000	0.332000	0.314725	
1000	0.314000	1.179770	1000	0.314000	0.314000	0.314724	
1000	0.338000	1.179770	1000	0.338000	0.338000	0.314750	
1000	0.280000	1.179770	1000	0.280000	0.280000	0.314712	
1000	0.328000	1.179770	1000	0.328000	0.328000	0.314726	
1000	0.341000	1.179770	1000	0.341000	0.341000	0.314755	
1000	0.304000	1.179770	1000	0.304000	0.304000	0.314743	
1000	0.317000	1.179770	1000	0.317000	0.317000	0.314746	
1000	0.310000	1.179770	1000	0.310000	0.310000	0.314740	
1000	0.307000	1.179770	1000	0.307000	0.307000	0.314732	
1000	0.311000	1.179770	1000	0.311000	0.311000	0.314728	
1000	0.319000	1.179770	1000	0.319000	0.319000	0.314733	
1000	0.316000	1.179770	1000	0.316000	0.316000	0.314734	
1000	0.338000	1.179770	1000	0.338000	0.338000	0.314759	
1000	0.326000	1.179770	1000	0.326000	0.326000	0.314771	
1000	0.286000	1.179770	1000	0.286000	0.286000	0.314740	
1000	0.305000	1.179770	1000	0.305000	0.305000	0.314730	
1000	0.290000	1.179770	1000	0.290000	0.290000	0.314703	
1000	0.271000	1.179770	1000	0.271000	0.271000	0.314656	
1000	0.343000	1.179770	1000	0.343000	0.343000	0.314687	
1000	0.331000	1.179770	1000	0.331000	0.331000	0.314704	
1000	0.359000	1.179770	1000	0.359000	0.359000	0.314752	
1000	0.353000	1.179770	1000	0.353000	0.353000	0.314792	
1000	0.319000	1.179770	1000	0.319000	0.319000	0.314797	
1000	0.337000	1.179770	1000	0.337000	0.337000	0.314821	
1000	0.317000	1.179770	1000	0.317000	0.317000	0.314823	
1000	0.337000	1.179770	1000	0.337000	0.337000	0.314846	
1000	0.338000	1.179770	1000	0.338000	0.338000	0.314871	
1000	0.349000	1.179770	1000	0.349000	0.349000	0.314907	
1000	0.316000	1.179770	1000	0.316000	0.316000	0.314908	
1000	0.344000	1.179770	1000	0.344000	0.344000	0.314939	
1000	0.266000	1.179770	1000	0.266000	0.266000	0.314887	
1000	0.312000	1.179770	1000	0.312000	0.312000	0.314884	
1000	0.307000	1.179770	1000	0.307000	0.307000	0.314876	
1000	0.298000	1.179770	1000	0.298000	0.298000	0.314858	
1000	0.337000	1.179770	1000	0.337000	0.337000	0.314882	
1000	0.351000	1.179770	1000	0.351000	0.351000	0.314920	
1000	0.309000	1.179770	1000	0.309000	0.309000	0.314913	
1000	0.316000	1.179770	1000	0.316000	0.316000	0.314915	
1000	0.313000	1.179770	1000	0.313000	0.313000	0.314913	
1000	0.276000	1.179770	1000	0.276000	0.276000	0.314872	
1000	0.324000	1.179770	1000	0.324000	0.324000	0.314881	
1000	0.325000	1.179770	1000	0.325000	0.325000	0.314892	
1000	0.327000	1.179770	1000	0.327000	0.327000	0.314905	
1000	0.295000	1.179770	1000	0.295000	0.295000	0.314884	
1000	0.354000	1.179770	1000	0.354000	0.354000	0.314925	
1000	0.341000	1.179770	1000	0.341000	0.341000	0.314952	
1000	0.327000	1.179770	1000	0.327000	0.327000	0.314964	
1000	0.310000	1.179770	1000	0.310000	0.310000	0.314959	
1000	0.295000	1.179770	1000	0.295000	0.295000	0.314938	
1000	0.363000	1.179770	1000	0.363000	0.363000	0.314988	
1000	0.340000	1.179770	1000	0.340000	0.340000	0.315014	
1000	0.348000	1.179770	1000	0.348000	0.348000	0.315048	
1000	0.328000	1.179770	1000	0.328000	0.328000	0.315062	
1000	0.325000	1.179770	1000	0.325000	0.325000	0.315072	
1000	0.334000	1.179770	1000	0.334000	0.334000	0.315092	
1000	0.334000	1.179770	1000	0.334000	0.334000	0.315111	
1000	0.333000	1.179770	1000	0.333000	0.333000	0.315129	
1000	0.332000	1.179770	1000	0.332000	0.332000	0.315147	
1000	0.292000	1.179770	1000	0.292000	0.292000	0.315123	
1000	0.305000	1.179770	1000	0.305000	0.305000	0.315113	
1000	0.331000	1.179770	1000	0.331000	0.331000	0.315129	
1000	0.306000	1.179770	1000	0.306000	0.306000	0.315120	
1000	0.308000	1.179770	1000	0.308000	0.308000	0.315112	
1000	0.318000	1.179770	1000	0.318000	0.318000	0.315115	
1000	0.320000	1.179770	1000	0.320000	0.320000	0.315120	
1000	0.346000	1.179770	1000	0.346000	0.346000	0.315152	
1000	0.311000	1.179770	1000	0.311000	0.311000	0.315147	
1000	0.340000	1.179770	1000	0.340000	0.340000	0.315173	
1000	0.317000	1.179770	1000	0.317000	0.317000	0.315175	
1000	0.322000	1.179770	1000	0.322000	0.322000	0.315182	
1000	0.312000	1.179770	1000	0.312000	0.312000	0.315178	
1000	0.308000	1.179770	1000	0.308000	0.308000	0.315171	
1000	0.317000	1.179770	1000	0.317000	0.317000	0.315173	
1000	0.336000	1.179770	1000	0.336000	0.336000	0.315194	
1000	0.314000	1.179770	1000	0.314000	0.314000	0.315193	
1000	0.308000	1.179770	1000	0.308000	0.308000	0.315186	
1000	0.335000	1.179770	1000	0.335000	0.335000	0.315206	
1000	0.314000	1.179770	1000	0.314000	0.314000	0.315204	
1000	0.303000	1.179770	1000	0.303000	0.303000	0.315192	
1000	0.319000	1.179770	1000	0.319000	0.319000	0.315196	
1000	0.297000	1.179770	1000	0.297000	0.297000	0.315178	
1000	0.326000	1.179770	1000	0.326000	0.326000	0.315188	
1000	0.320000	1.179770	1000	0.320000	0.320000	0.315193	
1000	0.306000	1.179770	1000	0.306000	0.306000	0.315184	
1000	0.311000	1.179770	1000	0.311000	0.311000	0.315180	
1000	0.300000	1.179770	1000	0.300000	0.300000	0.315165	
1000	0.328000	1.179770	1000	0.328000	0.328000	0.315178	
1000	0.325000	1.179770	1000	0.325000	0.325000	0.315187	
1000	0.346000	1.179770	1000	0.346000	0.346000	0.315218	
1000	0.333000	1.179770	1000	0.333000	0.333000	0.315236	
1000	0.286000	1.179770	1000	0.286000	0.286000	0.315207	
1000	0.327000	1.179770	1000	0.327000	0.327000	0.315218	
1000	0.308000	1.179770	1000	0.308000	0.308000	0.315211	
1000	0.340000	1.179770	1000	0.340000	0.340000	0.315236	
1000	0.345000	1.179770	1000	0.345000	0.345000	0.315265	
1000	0.332000	1.179770	1000	0.332000	0.332000	0.315282	
