Default schedule
Rate	100.00
Rate Tried	% Accepted	Rates - Dev	Rates - Tried	Rates - Accepted	Sample Ave Acceptance	Total Ave Acceptance	
1000	0.448000	0.817473	1000	0.448000	0.448000	0.185619	
1000	0.387000	0.957120	1000	0.387000	0.387000	0.202400	
1000	0.406000	0.957120	1000	0.406000	0.406000	0.218060	
1000	0.175000	1.749908	1000	0.175000	0.175000	0.214985	
1000	0.164000	1.727714	1000	0.164000	0.164000	0.211586	
1000	0.240000	1.412979	1000	0.240000	0.240000	0.213362	
1000	0.236000	1.412979	1000	0.236000	0.236000	0.214693	
1000	0.234000	1.412979	1000	0.234000	0.234000	0.215766	
1000	0.264000	1.412979	1000	0.264000	0.264000	0.218304	
1000	0.268000	1.412979	1000	0.268000	0.268000	0.220789	
1000	0.253000	1.412979	1000	0.253000	0.253000	0.222323	
1000	0.223000	1.412979	1000	0.223000	0.223000	0.222354	
1000	0.243000	1.412979	1000	0.243000	0.243000	0.223251	
1000	0.218000	1.412979	1000	0.218000	0.218000	0.223032	
1000	0.197000	1.412979	1000	0.197000	0.197000	0.221991	
1000	0.414000	0.874812	1000	0.414000	0.414000	0.229376	
1000	0.217000	1.405764	1000	0.217000	0.217000	0.228917	
1000	0.223000	1.405764	1000	0.223000	0.223000	0.228706	
1000	0.246000	1.405764	1000	0.246000	0.246000	0.229302	
1000	0.264000	1.405764	1000	0.264000	0.264000	0.230459	
1000	0.245000	1.405764	1000	0.245000	0.245000	0.230928	
1000	0.248000	1.405764	1000	0.248000	0.248000	0.231462	
1000	0.277000	1.405764	1000	0.277000	0.277000	0.232841	
1000	0.254000	1.405764	1000	0.254000	0.254000	0.233464	
1000	0.258000	1.405764	1000	0.258000	0.258000	0.234165	
1000	0.225000	1.405764	1000	0.225000	0.225000	0.233910	
1000	0.257000	1.405764	1000	0.257000	0.257000	0.234534	
1000	0.225000	1.405764	1000	0.225000	0.225000	0.234283	
1000	0.271000	1.405764	1000	0.271000	0.271000	0.235225	
1000	0.237000	1.405764	1000	0.237000	0.237000	0.235269	
1000	0.237000	1.405764	1000	0.237000	0.237000	0.235311	
1000	0.214000	1.405764	1000	0.214000	0.214000	0.234804	
1000	0.246000	1.405764	1000	0.246000	0.246000	0.235064	
1000	0.226000	1.405764	1000	0.226000	0.226000	0.234858	
1000	0.255000	1.405764	1000	0.255000	0.255000	0.235306	
1000	0.277000	1.405764	1000	0.277000	0.277000	0.236212	
1000	0.256000	1.405764	1000	0.256000	0.256000	0.236633	
1000	0.259000	1.405764	1000	0.259000	0.259000	0.237099	
1000	0.253000	1.405764	1000	0.253000	0.253000	0.237424	
1000	0.246000	1.405764	1000	0.246000	0.246000	0.237595	
1000	0.224000	1.405764	1000	0.224000	0.224000	0.237329	
1000	0.241000	1.405764	1000	0.241000	0.241000	0.237399	
1000	0.228000	1.405764	1000	0.228000	0.228000	0.237222	
1000	0.260000	1.405764	1000	0.260000	0.260000	0.237644	
1000	0.224000	1.405764	1000	0.224000	0.224000	0.237396	
1000	0.230000	1.405764	1000	0.230000	0.230000	0.237264	
1000	0.259000	1.405764	1000	0.259000	0.259000	0.237645	
1000	0.240000	1.405764	1000	0.240000	0.240000	0.237686	
1000	0.229000	1.405764	1000	0.229000	0.229000	0.237538	
1000	0.224000	1.405764	1000	0.224000	0.224000	0.237313	
1000	0.217000	1.405764	1000	0.217000	0.217000	0.236980	
1000	0.204000	1.405764	1000	0.204000	0.204000	0.236448	
1000	0.206000	1.405764	1000	0.206000	0.206000	0.235965	
1000	0.251000	1.405764	1000	0.251000	0.251000	0.236199	
1000	0.256000	1.405764	1000	0.256000	0.256000	0.236504	
1000	0.228000	1.405764	1000	0.228000	0.228000	0.236375	
1000	0.238000	1.405764	1000	0.238000	0.238000	0.236399	
1000	0.246000	1.405764	1000	0.246000	0.246000	0.236541	
1000	0.230000	1.405764	1000	0.230000	0.230000	0.236446	
1000	0.242000	1.405764	1000	0.242000	0.242000	0.236525	
1000	0.272000	1.405764	1000	0.272000	0.272000	0.237025	
1000	0.242000	1.405764	1000	0.242000	0.242000	0.237094	
1000	0.259000	1.405764	1000	0.259000	0.259000	0.237394	
1000	0.241000	1.405764	1000	0.241000	0.241000	0.237443	
1000	0.245000	1.405764	1000	0.245000	0.245000	0.237543	
1000	0.228000	1.405764	1000	0.228000	0.228000	0.237418	
1000	0.247000	1.405764	1000	0.247000	0.247000	0.237542	
1000	0.237000	1.405764	1000	0.237000	0.237000	0.237535	
1000	0.240000	1.405764	1000	0.240000	0.240000	0.237567	
1000	0.238000	1.405764	1000	0.238000	0.238000	0.237572	
1000	0.232000	1.405764	1000	0.232000	0.232000	0.237503	
1000	0.232000	1.405764	1000	0.232000	0.232000	0.237436	
1000	0.258000	1.405764	1000	0.258000	0.258000	0.237684	
1000	0.242000	1.405764	1000	0.242000	0.242000	0.237735	
1000	0.243000	1.405764	1000	0.243000	0.243000	0.237797	
1000	0.228000	1.405764	1000	0.228000	0.228000	0.237683	
1000	0.216000	1.405764	1000	0.216000	0.216000	0.237434	
1000	0.236000	1.405764	1000	0.236000	0.236000	0.237418	
1000	0.247000	1.405764	1000	0.247000	0.247000	0.237525	
1000	0.251000	1.405764	1000	0.251000	0.251000	0.237675	
1000	0.225000	1.405764	1000	0.225000	0.225000	0.237536	
1000	0.209000	1.405764	1000	0.209000	0.209000	0.237226	
1000	0.221000	1.405764	1000	0.221000	0.221000	0.237051	
1000	0.228000	1.405764	1000	0.228000	0.228000	0.236955	
1000	0.247000	1.405764	1000	0.247000	0.247000	0.237061	
1000	0.260000	1.405764	1000	0.260000	0.260000	0.237300	
1000	0.243000	1.405764	1000	0.243000	0.243000	0.237358	
1000	0.247000	1.405764	1000	0.247000	0.247000	0.237457	
1000	0.254000	1.405764	1000	0.254000	0.254000	0.237624	
1000	0.258000	1.405764	1000	0.258000	0.258000	0.237828	
1000	0.227000	1.405764	1000	0.227000	0.227000	0.237720	
1000	0.248000	1.405764	1000	0.248000	0.248000	0.237821	
1000	0.215000	1.405764	1000	0.215000	0.215000	0.237600	
1000	0.245000	1.405764	1000	0.245000	0.245000	0.237671	
1000	0.245000	1.405764	1000	0.245000	0.245000	0.237741	
1000	0.251000	1.405764	1000	0.251000	0.251000	0.237866	
1000	0.225000	1.405764	1000	0.225000	0.225000	0.237745	
1000	0.241000	1.405764	1000	0.241000	0.241000	0.237776	
1000	0.224000	1.405764	1000	0.224000	0.224000	0.237649	
1000	0.260000	1.405764	1000	0.260000	0.260000	0.237852	
1000	0.227000	1.405764	1000	0.227000	0.227000	0.237755	
1000	0.226000	1.405764	1000	0.226000	0.226000	0.237650	
1000	0.256000	1.405764	1000	0.256000	0.256000	0.237812	
1000	0.245000	1.405764	1000	0.245000	0.245000	0.237875	
1000	0.248000	1.405764	1000	0.248000	0.248000	0.237963	
1000	0.225000	1.405764	1000	0.225000	0.225000	0.237851	
1000	0.241000	1.405764	1000	0.241000	0.241000	0.237878	
1000	0.266000	1.405764	1000	0.266000	0.266000	0.238117	
1000	0.236000	1.405764	1000	0.236000	0.236000	0.238099	
1000	0.251000	1.405764	1000	0.251000	0.251000	0.238206	
1000	0.242000	1.405764	1000	0.242000	0.242000	0.238238	
1000	0.251000	1.405764	1000	0.251000	0.251000	0.238342	
1000	0.234000	1.405764	1000	0.234000	0.234000	0.238307	
1000	0.249000	1.405764	1000	0.249000	0.249000	0.238393	
1000	0.272000	1.405764	1000	0.272000	0.272000	0.238662	
1000	0.241000	1.405764	1000	0.241000	0.241000	0.238681	
1000	0.222000	1.405764	1000	0.222000	0.222000	0.238549	
1000	0.232000	1.405764	1000	0.232000	0.232000	0.238498	
1000	0.233000	1.405764	1000	0.233000	0.233000	0.238456	
1000	0.263000	1.405764	1000	0.263000	0.263000	0.238644	
1000	0.249000	1.405764	1000	0.249000	0.249000	0.238723	
1000	0.266000	1.405764	1000	0.266000	0.266000	0.238930	
1000	0.238000	1.405764	1000	0.238000	0.238000	0.238923	
1000	0.223000	1.405764	1000	0.223000	0.223000	0.238804	
1000	0.256000	1.405764	1000	0.256000	0.256000	0.238932	
1000	0.237000	1.405764	1000	0.237000	0.237000	0.238917	
1000	0.260000	1.405764	1000	0.260000	0.260000	0.239071	
1000	0.257000	1.405764	1000	0.257000	0.257000	0.239201	
1000	0.234000	1.405764	1000	0.234000	0.234000	0.239164	
1000	0.268000	1.405764	1000	0.268000	0.268000	0.239370	
1000	0.242000	1.405764	1000	0.242000	0.242000	0.239388	
1000	0.239000	1.405764	1000	0.239000	0.239000	0.239386	
1000	0.257000	1.405764	1000	0.257000	0.257000	0.239509	
1000	0.242000	1.405764	1000	0.242000	0.242000	0.239526	
1000	0.221000	1.405764	1000	0.221000	0.221000	0.239398	
1000	0.244000	1.405764	1000	0.244000	0.244000	0.239430	
1000	0.233000	1.405764	1000	0.233000	0.233000	0.239386	
1000	0.247000	1.405764	1000	0.247000	0.247000	0.239438	
1000	0.240000	1.405764	1000	0.240000	0.240000	0.239441	
1000	0.248000	1.405764	1000	0.248000	0.248000	0.239498	
1000	0.257000	1.405764	1000	0.257000	0.257000	0.239614	
1000	0.253000	1.405764	1000	0.253000	0.253000	0.239702	
1000	0.252000	1.405764	1000	0.252000	0.252000	0.239783	
1000	0.268000	1.405764	1000	0.268000	0.268000	0.239966	
1000	0.271000	1.405764	1000	0.271000	0.271000	0.240166	
1000	0.235000	1.405764	1000	0.235000	0.235000	0.240133	
1000	0.253000	1.405764	1000	0.253000	0.253000	0.240215	
1000	0.238000	1.405764	1000	0.238000	0.238000	0.240201	
1000	0.258000	1.405764	1000	0.258000	0.258000	0.240313	
1000	0.281000	1.405764	1000	0.281000	0.281000	0.240567	
1000	0.217000	1.405764	1000	0.217000	0.217000	0.240421	
1000	0.221000	1.405764	1000	0.221000	0.221000	0.240301	
1000	0.241000	1.405764	1000	0.241000	0.241000	0.240305	
1000	0.241000	1.405764	1000	0.241000	0.241000	0.240310	
1000	0.248000	1.405764	1000	0.248000	0.248000	0.240356	
1000	0.263000	1.405764	1000	0.263000	0.263000	0.240493	
1000	0.222000	1.405764	1000	0.222000	0.222000	0.240382	
1000	0.234000	1.405764	1000	0.234000	0.234000	0.240344	
1000	0.253000	1.405764	1000	0.253000	0.253000	0.240419	
1000	0.228000	1.405764	1000	0.228000	0.228000	0.240346	
1000	0.247000	1.405764	1000	0.247000	0.247000	0.240385	
1000	0.244000	1.405764	1000	0.244000	0.244000	0.240406	
1000	0.208000	1.405764	1000	0.208000	0.208000	0.240218	
1000	0.253000	1.405764	1000	0.253000	0.253000	0.240292	
1000	0.258000	1.405764	1000	0.258000	0.258000	0.240393	
1000	0.246000	1.405764	1000	0.246000	0.246000	0.240425	
1000	0.264000	1.405764	1000	0.264000	0.264000	0.240558	
1000	0.243000	1.405764	1000	0.243000	0.243000	0.240572	
1000	0.243000	1.405764	1000	0.243000	0.243000	0.240585	
1000	0.254000	1.405764	1000	0.254000	0.254000	0.240660	
1000	0.212000	1.405764	1000	0.212000	0.212000	0.240501	
1000	0.270000	1.405764	1000	0.270000	0.270000	0.240664	
1000	0.226000	1.405764	1000	0.226000	0.226000	0.240583	
1000	0.227000	1.405764	1000	0.227000	0.227000	0.240510	
1000	0.231000	1.405764	1000	0.231000	0.231000	0.240458	
1000	0.236000	1.405764	1000	0.236000	0.236000	0.240434	
1000	0.253000	1.405764	1000	0.253000	0.253000	0.240501	
1000	0.229000	1.405764	1000	0.229000	0.229000	0.240440	
1000	0.264000	1.405764	1000	0.264000	0.264000	0.240565	
1000	0.216000	1.405764	1000	0.216000	0.216000	0.240436	
1000	0.271000	1.405764	1000	0.271000	0.271000	0.240596	
1000	0.253000	1.405764	1000	0.253000	0.253000	0.240660	
1000	0.225000	1.405764	1000	0.225000	0.225000	0.240579	
1000	0.251000	1.405764	1000	0.251000	0.251000	0.240633	
1000	0.253000	1.405764	1000	0.253000	0.253000	0.240696	
1000	0.207000	1.405764	1000	0.207000	0.207000	0.240524	
1000	0.290000	1.405764	1000	0.290000	0.290000	0.240775	
1000	0.220000	1.405764	1000	0.220000	0.220000	0.240671	
1000	0.244000	1.405764	1000	0.244000	0.244000	0.240687	
1000	0.230000	1.405764	1000	0.230000	0.230000	0.240634	
1000	0.255000	1.405764	1000	0.255000	0.255000	0.240705	
1000	0.221000	1.405764	1000	0.221000	0.221000	0.240608	
1000	0.212000	1.405764	1000	0.212000	0.212000	0.240467	
1000	0.219000	1.405764	1000	0.219000	0.219000	0.240362	
1000	0.221000	1.405764	1000	0.221000	0.221000	0.240267	
1000	0.274000	1.405764	1000	0.274000	0.274000	0.240431	
1000	0.222000	1.405764	1000	0.222000	0.222000	0.240342	
1000	0.241000	1.405764	1000	0.241000	0.241000	0.240345	
1000	0.238000	1.405764	1000	0.238000	0.238000	0.240334	
1000	0.242000	1.405764	1000	0.242000	0.242000	0.240342	
1000	0.277000	1.405764	1000	0.277000	0.277000	0.240515	
1000	0.236000	1.405764	1000	0.236000	0.236000	0.240494	
1000	0.227000	1.405764	1000	0.227000	0.227000	0.240431	
1000	0.261000	1.405764	1000	0.261000	0.261000	0.240527	
1000	0.215000	1.405764	1000	0.215000	0.215000	0.240408	
1000	0.231000	1.405764	1000	0.231000	0.231000	0.240365	
1000	0.245000	1.405764	1000	0.245000	0.245000	0.240386	
1000	0.239000	1.405764	1000	0.239000	0.239000	0.240380	
1000	0.275000	1.405764	1000	0.275000	0.275000	0.240538	
1000	0.251000	1.405764	1000	0.251000	0.251000	0.240585	
1000	0.229000	1.405764	1000	0.229000	0.229000	0.240533	
1000	0.268000	1.405764	1000	0.268000	0.268000	0.240657	
1000	0.231000	1.405764	1000	0.231000	0.231000	0.240613	
1000	0.238000	1.405764	1000	0.238000	0.238000	0.240602	
1000	0.230000	1.405764	1000	0.230000	0.230000	0.240554	
1000	0.238000	1.405764	1000	0.238000	0.238000	0.240543	
1000	0.230000	1.405764	1000	0.230000	0.230000	0.240497	
1000	0.262000	1.405764	1000	0.262000	0.262000	0.240591	
1000	0.234000	1.405764	1000	0.234000	0.234000	0.240562	
1000	0.225000	1.405764	1000	0.225000	0.225000	0.240495	
1000	0.226000	1.405764	1000	0.226000	0.226000	0.240432	
1000	0.256000	1.405764	1000	0.256000	0.256000	0.240499	
1000	0.249000	1.405764	1000	0.249000	0.249000	0.240535	
1000	0.267000	1.405764	1000	0.267000	0.267000	0.240649	
1000	0.231000	1.405764	1000	0.231000	0.231000	0.240607	
1000	0.231000	1.405764	1000	0.231000	0.231000	0.240567	
1000	0.236000	1.405764	1000	0.236000	0.236000	0.240548	
1000	0.254000	1.405764	1000	0.254000	0.254000	0.240604	
1000	0.212000	1.405764	1000	0.212000	0.212000	0.240484	
1000	0.196000	1.405764	1000	0.196000	0.196000	0.240299	
1000	0.334000	1.097567	1000	0.334000	0.334000	0.240688	
1000	0.343000	1.097567	1000	0.343000	0.343000	0.241111	
1000	0.327000	1.097567	1000	0.327000	0.327000	0.241464	
1000	0.321000	1.097567	1000	0.321000	0.321000	0.241790	
1000	0.335000	1.097567	1000	0.335000	0.335000	0.242170	
1000	0.310000	1.097567	1000	0.310000	0.310000	0.242446	
1000	0.362000	1.097567	1000	0.362000	0.362000	0.242930	
1000	0.325000	1.097567	1000	0.325000	0.325000	0.243261	
1000	0.318000	1.097567	1000	0.318000	0.318000	0.243561	
1000	0.325000	1.097567	1000	0.325000	0.325000	0.243887	
1000	0.335000	1.097567	1000	0.335000	0.335000	0.244250	
1000	0.344000	1.097567	1000	0.344000	0.344000	0.244646	
1000	0.353000	1.097567	1000	0.353000	0.353000	0.245074	
1000	0.324000	1.097567	1000	0.324000	0.324000	0.245385	
1000	0.323000	1.097567	1000	0.323000	0.323000	0.245689	
1000	0.330000	1.097567	1000	0.330000	0.330000	0.246019	
1000	0.329000	1.097567	1000	0.329000	0.329000	0.246341	
1000	0.335000	1.097567	1000	0.335000	0.335000	0.246685	
1000	0.336000	1.097567	1000	0.336000	0.336000	0.247030	
1000	0.304000	1.097567	1000	0.304000	0.304000	0.247249	
1000	0.325000	1.097567	1000	0.325000	0.325000	0.247547	
1000	0.345000	1.097567	1000	0.345000	0.345000	0.247919	
1000	0.334000	1.097567	1000	0.334000	0.334000	0.248246	
1000	0.318000	1.097567	1000	0.318000	0.318000	0.248510	
1000	0.309000	1.097567	1000	0.309000	0.309000	0.248739	
1000	0.354000	1.097567	1000	0.354000	0.354000	0.249134	
1000	0.338000	1.097567	1000	0.338000	0.338000	0.249467	
1000	0.347000	1.097567	1000	0.347000	0.347000	0.249831	
1000	0.340000	1.097567	1000	0.340000	0.340000	0.250166	
1000	0.316000	1.097567	1000	0.316000	0.316000	0.250410	
1000	0.321000	1.097567	1000	0.321000	0.321000	0.250671	
1000	0.316000	1.097567	1000	0.316000	0.316000	0.250911	
1000	0.323000	1.097567	1000	0.323000	0.323000	0.251175	
1000	0.314000	1.097567	1000	0.314000	0.314000	0.251404	
1000	0.335000	1.097567	1000	0.335000	0.335000	0.251708	
1000	0.334000	1.097567	1000	0.334000	0.334000	0.252006	
1000	0.332000	1.097567	1000	0.332000	0.332000	0.252295	
1000	0.328000	1.097567	1000	0.328000	0.328000	0.252567	
1000	0.343000	1.097567	1000	0.343000	0.343000	0.252892	
1000	0.325000	1.097567	1000	0.325000	0.325000	0.253149	
1000	0.350000	1.097567	1000	0.350000	0.350000	0.253494	
1000	0.338000	1.097567	1000	0.338000	0.338000	0.253793	
1000	0.338000	1.097567	1000	0.338000	0.338000	0.254091	
1000	0.325000	1.097567	1000	0.325000	0.325000	0.254341	
1000	0.321000	1.097567	1000	0.321000	0.321000	0.254575	
1000	0.337000	1.097567	1000	0.337000	0.337000	0.254863	
1000	0.335000	1.097567	1000	0.335000	0.335000	0.255142	
1000	0.337000	1.097567	1000	0.337000	0.337000	0.255426	
1000	0.343000	1.097567	1000	0.343000	0.343000	0.255729	
1000	0.328000	1.097567	1000	0.328000	0.328000	0.255978	
1000	0.325000	1.097567	1000	0.325000	0.325000	0.256216	
1000	0.345000	1.097567	1000	0.345000	0.345000	0.256520	
1000	0.330000	1.097567	1000	0.330000	0.330000	0.256770	
1000	0.316000	1.097567	1000	0.316000	0.316000	0.256972	
1000	0.325000	1.097567	1000	0.325000	0.325000	0.257203	
1000	0.331000	1.097567	1000	0.331000	0.331000	0.257452	
1000	0.314000	1.097567	1000	0.314000	0.314000	0.257642	
1000	0.345000	1.097567	1000	0.345000	0.345000	0.257935	
1000	0.337000	1.097567	1000	0.337000	0.337000	0.258200	
1000	0.314000	1.097567	1000	0.314000	0.314000	0.258386	
1000	0.319000	1.097567	1000	0.319000	0.319000	0.258587	
1000	0.326000	1.097567	1000	0.326000	0.326000	0.258810	
1000	0.319000	1.097567	1000	0.319000	0.319000	0.259009	
1000	0.366000	1.097567	1000	0.366000	0.366000	0.259361	
1000	0.293000	1.097567	1000	0.293000	0.293000	0.259471	
1000	0.341000	1.097567	1000	0.341000	0.341000	0.259738	
1000	0.297000	1.097567	1000	0.297000	0.297000	0.259859	
1000	0.346000	1.097567	1000	0.346000	0.346000	0.260139	
1000	0.318000	1.097567	1000	0.318000	0.318000	0.260326	
1000	0.321000	1.097567	1000	0.321000	0.321000	0.260522	
1000	0.345000	1.097567	1000	0.345000	0.345000	0.260793	
1000	0.331000	1.097567	1000	0.331000	0.331000	0.261018	
1000	0.308000	1.097567	1000	0.308000	0.308000	0.261168	
1000	0.360000	1.097567	1000	0.360000	0.360000	0.261483	
1000	0.326000	1.097567	1000	0.326000	0.326000	0.261688	
1000	0.332000	1.097567	1000	0.332000	0.332000	0.261911	
1000	0.352000	1.097567	1000	0.352000	0.352000	0.262195	
1000	0.343000	1.097567	1000	0.343000	0.343000	0.262449	
1000	0.316000	1.097567	1000	0.316000	0.316000	0.262617	
1000	0.321000	1.097567	1000	0.321000	0.321000	0.262799	
1000	0.319000	1.097567	1000	0.319000	0.319000	0.262974	
1000	0.350000	1.097567	1000	0.350000	0.350000	0.263245	
1000	0.336000	1.097567	1000	0.336000	0.336000	0.263470	
1000	0.306000	1.097567	1000	0.306000	0.306000	0.263601	
1000	0.348000	1.097567	1000	0.348000	0.348000	0.263861	
1000	0.351000	1.097567	1000	0.351000	0.351000	0.264128	
1000	0.348000	1.097567	1000	0.348000	0.348000	0.264385	
1000	0.349000	1.097567	1000	0.349000	0.349000	0.264642	
1000	0.323000	1.097567	1000	0.323000	0.323000	0.264820	
1000	0.322000	1.097567	1000	0.322000	0.322000	0.264993	
1000	0.327000	1.097567	1000	0.327000	0.327000	0.265180	
1000	0.314000	1.097567	1000	0.314000	0.314000	0.265328	
1000	0.327000	1.097567	1000	0.327000	0.327000	0.265513	
1000	0.364000	1.097567	1000	0.364000	0.364000	0.265808	
1000	0.318000	1.097567	1000	0.318000	0.318000	0.265963	
1000	0.341000	1.097567	1000	0.341000	0.341000	0.266187	
1000	0.344000	1.097567	1000	0.344000	0.344000	0.266418	
1000	0.310000	1.097567	1000	0.310000	0.310000	0.266547	
1000	0.334000	1.097567	1000	0.334000	0.334000	0.266746	
1000	0.332000	1.097567	1000	0.332000	0.332000	0.266937	
1000	0.345000	1.097567	1000	0.345000	0.345000	0.267166	
1000	0.331000	1.097567	1000	0.331000	0.331000	0.267353	
1000	0.341000	1.097567	1000	0.341000	0.341000	0.267568	
1000	0.323000	1.097567	1000	0.323000	0.323000	0.267729	
1000	0.308000	1.097567	1000	0.308000	0.308000	0.267846	
1000	0.306000	1.097567	1000	0.306000	0.306000	0.267956	
1000	0.328000	1.097567	1000	0.328000	0.328000	0.268129	
1000	0.316000	1.097567	1000	0.316000	0.316000	0.268266	
1000	0.341000	1.097567	1000	0.341000	0.341000	0.268475	
1000	0.333000	1.097567	1000	0.333000	0.333000	0.268659	
1000	0.315000	1.097567	1000	0.315000	0.315000	0.268791	
1000	0.386000	1.097567	1000	0.386000	0.386000	0.269124	
1000	0.321000	1.097567	1000	0.321000	0.321000	0.269271	
1000	0.309000	1.097567	1000	0.309000	0.309000	0.269383	
1000	0.353000	1.097567	1000	0.353000	0.353000	0.269619	
1000	0.357000	1.097567	1000	0.357000	0.357000	0.269864	
1000	0.344000	1.097567	1000	0.344000	0.344000	0.270072	
1000	0.310000	1.097567	1000	0.310000	0.310000	0.270184	
1000	0.343000	1.097567	1000	0.343000	0.343000	0.270386	
1000	0.333000	1.097567	1000	0.333000	0.333000	0.270560	
1000	0.331000	1.097567	1000	0.331000	0.331000	0.270728	
1000	0.348000	1.097567	1000	0.348000	0.348000	0.270941	
1000	0.329000	1.097567	1000	0.329000	0.329000	0.271101	
1000	0.295000	1.097567	1000	0.295000	0.295000	0.271167	
1000	0.352000	1.097567	1000	0.352000	0.352000	0.271388	
1000	0.315000	1.097567	1000	0.315000	0.315000	0.271507	
1000	0.345000	1.097567	1000	0.345000	0.345000	0.271708	
1000	0.344000	1.097567	1000	0.344000	0.344000	0.271904	
1000	0.340000	1.097567	1000	0.340000	0.340000	0.272089	
1000	0.321000	1.097567	1000	0.321000	0.321000	0.272221	
1000	0.340000	1.097567	1000	0.340000	0.340000	0.272404	
1000	0.327000	1.097567	1000	0.327000	0.327000	0.272550	
1000	0.357000	1.097567	1000	0.357000	0.357000	0.272777	
1000	0.354000	1.097567	1000	0.354000	0.354000	0.272994	
1000	0.323000	1.097567	1000	0.323000	0.323000	0.273127	
1000	0.328000	1.097567	1000	0.328000	0.328000	0.273273	
1000	0.331000	1.097567	1000	0.331000	0.331000	0.273426	
1000	0.333000	1.097567	1000	0.333000	0.333000	0.273584	
1000	0.328000	1.097567	1000	0.328000	0.328000	0.273728	
1000	0.305000	1.097567	1000	0.305000	0.305000	0.273810	
1000	0.334000	1.097567	1000	0.334000	0.334000	0.273968	
1000	0.321000	1.097567	1000	0.321000	0.321000	0.274091	
1000	0.299000	1.097567	1000	0.299000	0.299000	0.274156	
1000	0.347000	1.097567	1000	0.347000	0.347000	0.274346	
1000	0.295000	1.097567	1000	0.295000	0.295000	0.274399	
1000	0.311000	1.097567	1000	0.311000	0.311000	0.274494	
1000	0.326000	1.097567	1000	0.326000	0.326000	0.274627	
1000	0.324000	1.097567	1000	0.324000	0.324000	0.274754	
1000	0.341000	1.097567	1000	0.341000	0.341000	0.274925	
1000	0.326000	1.097567	1000	0.326000	0.326000	0.275056	
1000	0.367000	1.097567	1000	0.367000	0.367000	0.275291	
1000	0.311000	1.097567	1000	0.311000	0.311000	0.275382	
1000	0.327000	1.097567	1000	0.327000	0.327000	0.275513	
1000	0.316000	1.097567	1000	0.316000	0.316000	0.275616	
1000	0.317000	1.097567	1000	0.317000	0.317000	0.275721	
1000	0.339000	1.097567	1000	0.339000	0.339000	0.275881	
1000	0.315000	1.097567	1000	0.315000	0.315000	0.275979	
1000	0.361000	1.097567	1000	0.361000	0.361000	0.276193	
1000	0.325000	1.097567	1000	0.325000	0.325000	0.276315	
1000	0.329000	1.097567	1000	0.329000	0.329000	0.276447	
1000	0.329000	1.097567	1000	0.329000	0.329000	0.276578	
1000	0.341000	1.097567	1000	0.341000	0.341000	0.276738	
1000	0.330000	1.097567	1000	0.330000	0.330000	0.276870	
1000	0.326000	1.097567	1000	0.326000	0.326000	0.276992	
1000	0.333000	1.097567	1000	0.333000	0.333000	0.277130	
1000	0.325000	1.097567	1000	0.325000	0.325000	0.277248	
1000	0.322000	1.097567	1000	0.322000	0.322000	0.277358	
1000	0.289000	1.097567	1000	0.289000	0.289000	0.277387	
1000	0.323000	1.097567	1000	0.323000	0.323000	0.277498	
1000	0.334000	1.097567	1000	0.334000	0.334000	0.277636	
1000	0.328000	1.097567	1000	0.328000	0.328000	0.277758	
1000	0.311000	1.097567	1000	0.311000	0.311000	0.277839	
1000	0.341000	1.097567	1000	0.341000	0.341000	0.277992	
1000	0.305000	1.097567	1000	0.305000	0.305000	0.278057	
1000	0.344000	1.097567	1000	0.344000	0.344000	0.278216	
1000	0.340000	1.097567	1000	0.340000	0.340000	0.278365	
1000	0.333000	1.097567	1000	0.333000	0.333000	0.278496	
1000	0.358000	1.097567	1000	0.358000	0.358000	0.278686	
1000	0.356000	1.097567	1000	0.356000	0.356000	0.278870	
1000	0.347000	1.097567	1000	0.347000	0.347000	0.279033	
1000	0.346000	1.097567	1000	0.346000	0.346000	0.279192	
1000	0.324000	1.097567	1000	0.324000	0.324000	0.279298	
1000	0.350000	1.097567	1000	0.350000	0.350000	0.279465	
1000	0.319000	1.097567	1000	0.319000	0.319000	0.279558	
1000	0.338000	1.097567	1000	0.338000	0.338000	0.279696	
1000	0.365000	1.097567	1000	0.365000	0.365000	0.279896	
1000	0.331000	1.097567	1000	0.331000	0.331000	0.280016	
1000	0.337000	1.097567	1000	0.337000	0.337000	0.280149	
1000	0.333000	1.097567	1000	0.333000	0.333000	0.280272	
1000	0.315000	1.097567	1000	0.315000	0.315000	0.280353	
1000	0.345000	1.097567	1000	0.345000	0.345000	0.280503	
1000	0.315000	1.097567	1000	0.315000	0.315000	0.280583	
1000	0.329000	1.097567	1000	0.329000	0.329000	0.280695	
1000	0.342000	1.097567	1000	0.342000	0.342000	0.280836	
1000	0.342000	1.097567	1000	0.342000	0.342000	0.280976	
1000	0.335000	1.097567	1000	0.335000	0.335000	0.281100	
1000	0.344000	1.097567	1000	0.344000	0.344000	0.281244	
1000	0.307000	1.097567	1000	0.307000	0.307000	0.281303	
1000	0.340000	1.097567	1000	0.340000	0.340000	0.281437	
1000	0.278000	1.097567	1000	0.278000	0.278000	0.281429	
1000	0.311000	1.097567	1000	0.311000	0.311000	0.281496	
1000	0.316000	1.097567	1000	0.316000	0.316000	0.281574	
1000	0.320000	1.097567	1000	0.320000	0.320000	0.281661	
1000	0.348000	1.097567	1000	0.348000	0.348000	0.281810	
1000	0.338000	1.097567	1000	0.338000	0.338000	0.281936	
1000	0.320000	1.097567	1000	0.320000	0.320000	0.282022	
1000	0.335000	1.097567	1000	0.335000	0.335000	0.282140	
1000	0.321000	1.097567	1000	0.321000	0.321000	0.282227	
1000	0.348000	1.097567	1000	0.348000	0.348000	0.282374	
1000	0.304000	1.097567	1000	0.304000	0.304000	0.282422	
1000	0.341000	1.097567	1000	0.341000	0.341000	0.282551	
1000	0.305000	1.097567	1000	0.305000	0.305000	0.282601	
1000	0.325000	1.097567	1000	0.325000	0.325000	0.282695	
1000	0.342000	1.097567	1000	0.342000	0.342000	0.282825	
1000	0.302000	1.097567	1000	0.302000	0.302000	0.282868	
1000	0.345000	1.097567	1000	0.345000	0.345000	0.283004	
1000	0.339000	1.097567	1000	0.339000	0.339000	0.283126	
1000	0.348000	1.097567	1000	0.348000	0.348000	0.283268	
1000	0.337000	1.097567	1000	0.337000	0.337000	0.283385	
1000	0.346000	1.097567	1000	0.346000	0.346000	0.283521	
1000	0.323000	1.097567	1000	0.323000	0.323000	0.283607	
1000	0.335000	1.097567	1000	0.335000	0.335000	0.283718	
1000	0.325000	1.097567	1000	0.325000	0.325000	0.283807	
1000	0.337000	1.097567	1000	0.337000	0.337000	0.283922	
1000	0.358000	1.097567	1000	0.358000	0.358000	0.284081	
1000	0.334000	1.097567	1000	0.334000	0.334000	0.284188	
1000	0.307000	1.097567	1000	0.307000	0.307000	0.284237	
1000	0.359000	1.097567	1000	0.359000	0.359000	0.284397	
1000	0.308000	1.097567	1000	0.308000	0.308000	0.284447	
1000	0.295000	1.097567	1000	0.295000	0.295000	0.284470	
1000	0.350000	1.097567	1000	0.350000	0.350000	0.284609	
1000	0.311000	1.097567	1000	0.311000	0.311000	0.284665	
1000	0.345000	1.097567	1000	0.345000	0.345000	0.284792	
1000	0.353000	1.097567	1000	0.353000	0.353000	0.284936	
1000	0.321000	1.097567	1000	0.321000	0.321000	0.285012	
1000	0.333000	1.097567	1000	0.333000	0.333000	0.285113	
1000	0.345000	1.097567	1000	0.345000	0.345000	0.285238	
1000	0.345000	1.097567	1000	0.345000	0.345000	0.285363	
1000	0.339000	1.097567	1000	0.339000	0.339000	0.285475	
1000	0.364000	1.097567	1000	0.364000	0.364000	0.285639	
1000	0.343000	1.097567	1000	0.343000	0.343000	0.285758	
1000	0.340000	1.097567	1000	0.340000	0.340000	0.285871	
1000	0.332000	1.097567	1000	0.332000	0.332000	0.285966	
1000	0.360000	1.097567	1000	0.360000	0.360000	0.286119	
1000	0.334000	1.097567	1000	0.334000	0.334000	0.286218	
1000	0.327000	1.097567	1000	0.327000	0.327000	0.286302	
1000	0.332000	1.097567	1000	0.332000	0.332000	0.286396	
1000	0.350000	1.097567	1000	0.350000	0.350000	0.286526	
1000	0.336000	1.097567	1000	0.336000	0.336000	0.286627	
1000	0.353000	1.097567	1000	0.353000	0.353000	0.286763	
1000	0.321000	1.097567	1000	0.321000	0.321000	0.286832	
1000	0.310000	1.097567	1000	0.310000	0.310000	0.286879	
1000	0.344000	1.097567	1000	0.344000	0.344000	0.286995	
1000	0.339000	1.097567	1000	0.339000	0.339000	0.287101	
1000	0.316000	1.097567	1000	0.316000	0.316000	0.287159	
1000	0.321000	1.097567	1000	0.321000	0.321000	0.287227	
1000	0.316000	1.097567	1000	0.316000	0.316000	0.287285	
1000	0.324000	1.097567	1000	0.324000	0.324000	0.287359	
1000	0.361000	1.097567	1000	0.361000	0.361000	0.287506	
1000	0.336000	1.097567	1000	0.336000	0.336000	0.287603	
1000	0.338000	1.097567	1000	0.338000	0.338000	0.287704	
1000	0.354000	1.097567	1000	0.354000	0.354000	0.287836	
1000	0.325000	1.097567	1000	0.325000	0.325000	0.287910	
1000	0.331000	1.097567	1000	0.331000	0.331000	0.287995	
1000	0.331000	1.097567	1000	0.331000	0.331000	0.288081	
1000	0.328000	1.097567	1000	0.328000	0.328000	0.288160	
1000	0.340000	1.097567	1000	0.340000	0.340000	0.288262	
1000	0.369000	1.097567	1000	0.369000	0.369000	0.288421	
1000	0.345000	1.097567	1000	0.345000	0.345000	0.288532	
1000	0.316000	1.097567	1000	0.316000	0.316000	0.288586	
1000	0.323000	1.097567	1000	0.323000	0.323000	0.288653	
1000	0.297000	1.097567	1000	0.297000	0.297000	0.288669	
1000	0.322000	1.097567	1000	0.322000	0.322000	0.288734	
1000	0.324000	1.097567	1000	0.324000	0.324000	0.288803	
1000	0.348000	1.097567	1000	0.348000	0.348000	0.288918	
1000	0.320000	1.097567	1000	0.320000	0.320000	0.288978	
1000	0.360000	1.097567	1000	0.360000	0.360000	0.289115	
1000	0.278000	1.097567	1000	0.278000	0.278000	0.289094	
1000	0.334000	1.097567	1000	0.334000	0.334000	0.289181	
1000	0.333000	1.097567	1000	0.333000	0.333000	0.289265	
1000	0.329000	1.097567	1000	0.329000	0.329000	0.289341	
1000	0.368000	1.097567	1000	0.368000	0.368000	0.289492	
1000	0.351000	1.097567	1000	0.351000	0.351000	0.289609	
1000	0.309000	1.097567	1000	0.309000	0.309000	0.289646	
1000	0.301000	1.097567	1000	0.301000	0.301000	0.289668	
1000	0.301000	1.097567	1000	0.301000	0.301000	0.289690	
1000	0.338000	1.097567	1000	0.338000	0.338000	0.289781	
1000	0.328000	1.097567	1000	0.328000	0.328000	0.289854	
1000	0.324000	1.097567	1000	0.324000	0.324000	0.289918	
1000	0.336000	1.097567	1000	0.336000	0.336000	0.290005	
1000	0.300000	1.097567	1000	0.300000	0.300000	0.290024	
1000	0.310000	1.097567	1000	0.310000	0.310000	0.290061	
1000	0.352000	1.097567	1000	0.352000	0.352000	0.290178	
1000	0.328000	1.097567	1000	0.328000	0.328000	0.290249	
1000	0.310000	1.097567	1000	0.310000	0.310000	0.290285	
1000	0.354000	1.097567	1000	0.354000	0.354000	0.290404	
1000	0.341000	1.097567	1000	0.341000	0.341000	0.290499	
1000	0.352000	1.097567	1000	0.352000	0.352000	0.290613	
1000	0.339000	1.097567	1000	0.339000	0.339000	0.290703	
1000	0.350000	1.097567	1000	0.350000	0.350000	0.290812	
1000	0.354000	1.097567	1000	0.354000	0.354000	0.290929	
1000	0.343000	1.097567	1000	0.343000	0.343000	0.291025	
1000	0.325000	1.097567	1000	0.325000	0.325000	0.291088	
1000	0.329000	1.097567	1000	0.329000	0.329000	0.291158	
1000	0.334000	1.097567	1000	0.334000	0.334000	0.291236	
1000	0.332000	1.097567	1000	0.332000	0.332000	0.291311	
1000	0.358000	1.097567	1000	0.358000	0.358000	0.291433	
1000	0.319000	1.097567	1000	0.319000	0.319000	0.291483	
1000	0.307000	1.097567	1000	0.307000	0.307000	0.291511	
1000	0.308000	1.097567	1000	0.308000	0.308000	0.291541	
1000	0.320000	1.097567	1000	0.320000	0.320000	0.291593	
1000	0.328000	1.097567	1000	0.328000	0.328000	0.291659	
1000	0.315000	1.097567	1000	0.315000	0.315000	0.291701	
1000	0.352000	1.097567	1000	0.352000	0.352000	0.291810	
1000	0.310000	1.097567	1000	0.310000	0.310000	0.291843	
1000	0.334000	1.097567	1000	0.334000	0.334000	0.291919	
1000	0.328000	1.097567	1000	0.328000	0.328000	0.291983	
1000	0.311000	1.097567	1000	0.311000	0.311000	0.292017	
1000	0.306000	1.097567	1000	0.306000	0.306000	0.292042	
1000	0.326000	1.097567	1000	0.326000	0.326000	0.292103	
1000	0.297000	1.097567	1000	0.297000	0.297000	0.292112	
1000	0.349000	1.097567	1000	0.349000	0.349000	0.292213	
1000	0.353000	1.097567	1000	0.353000	0.353000	0.292321	
1000	0.357000	1.097567	1000	0.357000	0.357000	0.292436	
1000	0.351000	1.097567	1000	0.351000	0.351000	0.292539	
1000	0.335000	1.097567	1000	0.335000	0.335000	0.292614	
1000	0.364000	1.097567	1000	0.364000	0.364000	0.292740	
1000	0.306000	1.097567	1000	0.306000	0.306000	0.292764	
1000	0.341000	1.097567	1000	0.341000	0.341000	0.292848	
1000	0.335000	1.097567	1000	0.335000	0.335000	0.292922	
1000	0.318000	1.097567	1000	0.318000	0.318000	0.292966	
1000	0.317000	1.097567	1000	0.317000	0.317000	0.293008	
1000	0.336000	1.097567	1000	0.336000	0.336000	0.293083	
1000	0.341000	1.097567	1000	0.341000	0.341000	0.293167	
1000	0.320000	1.097567	1000	0.320000	0.320000	0.293213	
1000	0.323000	1.097567	1000	0.323000	0.323000	0.293265	
1000	0.327000	1.097567	1000	0.327000	0.327000	0.293324	
1000	0.296000	1.097567	1000	0.296000	0.296000	0.293328	
1000	0.330000	1.097567	1000	0.330000	0.330000	0.293392	
1000	0.324000	1.097567	1000	0.324000	0.324000	0.293444	
1000	0.310000	1.097567	1000	0.310000	0.310000	0.293473	
1000	0.304000	1.097567	1000	0.304000	0.304000	0.293491	
1000	0.322000	1.097567	1000	0.322000	0.322000	0.293540	
1000	0.316000	1.097567	1000	0.316000	0.316000	0.293578	
1000	0.330000	1.097567	1000	0.330000	0.330000	0.293641	
1000	0.345000	1.097567	1000	0.345000	0.345000	0.293728	
1000	0.338000	1.097567	1000	0.338000	0.338000	0.293804	
1000	0.331000	1.097567	1000	0.331000	0.331000	0.293867	
1000	0.356000	1.097567	1000	0.356000	0.356000	0.293972	
1000	0.342000	1.097567	1000	0.342000	0.342000	0.294054	
1000	0.346000	1.097567	1000	0.346000	0.346000	0.294142	
1000	0.328000	1.097567	1000	0.328000	0.328000	0.294199	
1000	0.328000	1.097567	1000	0.328000	0.328000	0.294256	
1000	0.332000	1.097567	1000	0.332000	0.332000	0.294319	
1000	0.344000	1.097567	1000	0.344000	0.344000	0.294403	
1000	0.341000	1.097567	1000	0.341000	0.341000	0.294481	
1000	0.335000	1.097567	1000	0.335000	0.335000	0.294549	
1000	0.305000	1.097567	1000	0.305000	0.305000	0.294566	
1000	0.355000	1.097567	1000	0.355000	0.355000	0.294667	
1000	0.337000	1.097567	1000	0.337000	0.337000	0.294738	
1000	0.363000	1.097567	1000	0.363000	0.363000	0.294851	
1000	0.313000	1.097567	1000	0.313000	0.313000	0.294882	
1000	0.364000	1.097567	1000	0.364000	0.364000	0.294996	
1000	0.342000	1.097567	1000	0.342000	0.342000	0.295074	
1000	0.349000	1.097567	1000	0.349000	0.349000	0.295163	
1000	0.337000	1.097567	1000	0.337000	0.337000	0.295232	
1000	0.338000	1.097567	1000	0.338000	0.338000	0.295303	
1000	0.335000	1.097567	1000	0.335000	0.335000	0.295368	
1000	0.317000	1.097567	1000	0.317000	0.317000	0.295403	
1000	0.332000	1.097567	1000	0.332000	0.332000	0.295463	
1000	0.287000	1.097567	1000	0.287000	0.287000	0.295450	
1000	0.331000	1.097567	1000	0.331000	0.331000	0.295508	
1000	0.351000	1.097567	1000	0.351000	0.351000	0.295598	
1000	0.333000	1.097567	1000	0.333000	0.333000	0.295659	
1000	0.340000	1.097567	1000	0.340000	0.340000	0.295731	
1000	0.339000	1.097567	1000	0.339000	0.339000	0.295801	
1000	0.338000	1.097567	1000	0.338000	0.338000	0.295870	
1000	0.317000	1.097567	1000	0.317000	0.317000	0.295904	
1000	0.322000	1.097567	1000	0.322000	0.322000	0.295946	
1000	0.316000	1.097567	1000	0.316000	0.316000	0.295979	
1000	0.365000	1.097567	1000	0.365000	0.365000	0.296090	
1000	0.343000	1.097567	1000	0.343000	0.343000	0.296165	
1000	0.328000	1.097567	1000	0.328000	0.328000	0.296216	
1000	0.327000	1.097567	1000	0.327000	0.327000	0.296266	
1000	0.334000	1.097567	1000	0.334000	0.334000	0.296326	
1000	0.332000	1.097567	1000	0.332000	0.332000	0.296383	
1000	0.340000	1.097567	1000	0.340000	0.340000	0.296452	
1000	0.333000	1.097567	1000	0.333000	0.333000	0.296511	
1000	0.314000	1.097567	1000	0.314000	0.314000	0.296538	
1000	0.361000	1.097567	1000	0.361000	0.361000	0.296641	
1000	0.334000	1.097567	1000	0.334000	0.334000	0.296700	
1000	0.345000	1.097567	1000	0.345000	0.345000	0.296776	
1000	0.342000	1.097567	1000	0.342000	0.342000	0.296848	
1000	0.313000	1.097567	1000	0.313000	0.313000	0.296873	
1000	0.311000	1.097567	1000	0.311000	0.311000	0.296896	
1000	0.335000	1.097567	1000	0.335000	0.335000	0.296956	
1000	0.356000	1.097567	1000	0.356000	0.356000	0.297048	
1000	0.316000	1.097567	1000	0.316000	0.316000	0.297078	
1000	0.327000	1.097567	1000	0.327000	0.327000	0.297125	
1000	0.327000	1.097567	1000	0.327000	0.327000	0.297171	
1000	0.330000	1.097567	1000	0.330000	0.330000	0.297223	
1000	0.319000	1.097567	1000	0.319000	0.319000	0.297257	
1000	0.302000	1.097567	1000	0.302000	0.302000	0.297264	
1000	0.322000	1.097567	1000	0.322000	0.322000	0.297302	
1000	0.376000	1.097567	1000	0.376000	0.376000	0.297424	
1000	0.323000	1.097567	1000	0.323000	0.323000	0.297464	
1000	0.331000	1.097567	1000	0.331000	0.331000	0.297516	
1000	0.348000	1.097567	1000	0.348000	0.348000	0.297594	
1000	0.343000	1.097567	1000	0.343000	0.343000	0.297664	
1000	0.323000	1.097567	1000	0.323000	0.323000	0.297703	
1000	0.334000	1.097567	1000	0.334000	0.334000	0.297758	
1000	0.323000	1.097567	1000	0.323000	0.323000	0.297797	
1000	0.333000	1.097567	1000	0.333000	0.333000	0.297851	
1000	0.324000	1.097567	1000	0.324000	0.324000	0.297891	
1000	0.303000	1.097567	1000	0.303000	0.303000	0.297899	
1000	0.315000	1.097567	1000	0.315000	0.315000	0.297925	
1000	0.346000	1.097567	1000	0.346000	0.346000	0.297998	
1000	0.341000	1.097567	1000	0.341000	0.341000	0.298063	
1000	0.333000	1.097567	1000	0.333000	0.333000	0.298116	
1000	0.356000	1.097567	1000	0.356000	0.356000	0.298204	
1000	0.333000	1.097567	1000	0.333000	0.333000	0.298257	
1000	0.331000	1.097567	1000	0.331000	0.331000	0.298306	
1000	0.315000	1.097567	1000	0.315000	0.315000	0.298331	
1000	0.366000	1.097567	1000	0.366000	0.366000	0.298433	
1000	0.333000	1.097567	1000	0.333000	0.333000	0.298485	
1000	0.336000	1.097567	1000	0.336000	0.336000	0.298542	
1000	0.336000	1.097567	1000	0.336000	0.336000	0.298598	
1000	0.331000	1.097567	1000	0.331000	0.331000	0.298646	
1000	0.349000	1.097567	1000	0.349000	0.349000	0.298722	
1000	0.332000	1.097567	1000	0.332000	0.332000	0.298771	
1000	0.306000	1.097567	1000	0.306000	0.306000	0.298782	
1000	0.341000	1.097567	1000	0.341000	0.341000	0.298845	
1000	0.306000	1.097567	1000	0.306000	0.306000	0.298855	
1000	0.344000	1.097567	1000	0.344000	0.344000	0.298922	
1000	0.318000	1.097567	1000	0.318000	0.318000	0.298951	
1000	0.326000	1.097567	1000	0.326000	0.326000	0.298991	
1000	0.347000	1.097567	1000	0.347000	0.347000	0.299062	
1000	0.322000	1.097567	1000	0.322000	0.322000	0.299095	
1000	0.334000	1.097567	1000	0.334000	0.334000	0.299147	
1000	0.326000	1.097567	1000	0.326000	0.326000	0.299186	
1000	0.330000	1.097567	1000	0.330000	0.330000	0.299232	
1000	0.330000	1.097567	1000	0.330000	0.330000	0.299277	
1000	0.344000	1.097567	1000	0.344000	0.344000	0.299342	
1000	0.326000	1.097567	1000	0.326000	0.326000	0.299381	
1000	0.337000	1.097567	1000	0.337000	0.337000	0.299436	
1000	0.346000	1.097567	1000	0.346000	0.346000	0.299504	
1000	0.313000	1.097567	1000	0.313000	0.313000	0.299524	
1000	0.310000	1.097567	1000	0.310000	0.310000	0.299539	
1000	0.325000	1.097567	1000	0.325000	0.325000	0.299576	
1000	0.330000	1.097567	1000	0.330000	0.330000	0.299620	
1000	0.337000	1.097567	1000	0.337000	0.337000	0.299674	
1000	0.325000	1.097567	1000	0.325000	0.325000	0.299711	
1000	0.379000	1.097567	1000	0.379000	0.379000	0.299825	
1000	0.344000	1.097567	1000	0.344000	0.344000	0.299889	
1000	0.329000	1.097567	1000	0.329000	0.329000	0.299931	
1000	0.339000	1.097567	1000	0.339000	0.339000	0.299987	
1000	0.308000	1.097567	1000	0.308000	0.308000	0.299998	
1000	0.313000	1.097567	1000	0.313000	0.313000	0.300017	
1000	0.354000	1.097567	1000	0.354000	0.354000	0.300094	
1000	0.346000	1.097567	1000	0.346000	0.346000	0.300160	
1000	0.364000	1.097567	1000	0.364000	0.364000	0.300251	
1000	0.321000	1.097567	1000	0.321000	0.321000	0.300280	
1000	0.352000	1.097567	1000	0.352000	0.352000	0.300354	
1000	0.319000	1.097567	1000	0.319000	0.319000	0.300380	
1000	0.337000	1.097567	1000	0.337000	0.337000	0.300432	
1000	0.340000	1.097567	1000	0.340000	0.340000	0.300488	
1000	0.334000	1.097567	1000	0.334000	0.334000	0.300536	
1000	0.323000	1.097567	1000	0.323000	0.323000	0.300567	
1000	0.336000	1.097567	1000	0.336000	0.336000	0.300617	
1000	0.357000	1.097567	1000	0.357000	0.357000	0.300697	
1000	0.344000	1.097567	1000	0.344000	0.344000	0.300758	
1000	0.331000	1.097567	1000	0.331000	0.331000	0.300800	
1000	0.336000	1.097567	1000	0.336000	0.336000	0.300850	
1000	0.340000	1.097567	1000	0.340000	0.340000	0.300904	
1000	0.363000	1.097567	1000	0.363000	0.363000	0.300991	
1000	0.331000	1.097567	1000	0.331000	0.331000	0.301033	
1000	0.323000	1.097567	1000	0.323000	0.323000	0.301064	
1000	0.349000	1.097567	1000	0.349000	0.349000	0.301130	
1000	0.297000	1.097567	1000	0.297000	0.297000	0.301125	
1000	0.326000	1.097567	1000	0.326000	0.326000	0.301159	
1000	0.339000	1.097567	1000	0.339000	0.339000	0.301212	
1000	0.323000	1.097567	1000	0.323000	0.323000	0.301242	
1000	0.326000	1.097567	1000	0.326000	0.326000	0.301276	
1000	0.339000	1.097567	1000	0.339000	0.339000	0.301328	
1000	0.338000	1.097567	1000	0.338000	0.338000	0.301379	
1000	0.325000	1.097567	1000	0.325000	0.325000	0.301411	
1000	0.333000	1.097567	1000	0.333000	0.333000	0.301455	
1000	0.356000	1.097567	1000	0.356000	0.356000	0.301530	
1000	0.362000	1.097567	1000	0.362000	0.362000	0.301613	
1000	0.348000	1.097567	1000	0.348000	0.348000	0.301676	
1000	0.336000	1.097567	1000	0.336000	0.336000	0.301723	
1000	0.317000	1.097567	1000	0.317000	0.317000	0.301744	
1000	0.315000	1.097567	1000	0.315000	0.315000	0.301762	
1000	0.328000	1.097567	1000	0.328000	0.328000	0.301798	
1000	0.313000	1.097567	1000	0.313000	0.313000	0.301813	
1000	0.325000	1.097567	1000	0.325000	0.325000	0.301845	
1000	0.299000	1.097567	1000	0.299000	0.299000	0.301841	
1000	0.350000	1.097567	1000	0.350000	0.350000	0.301906	
1000	0.315000	1.097567	1000	0.315000	0.315000	0.301924	
1000	0.307000	1.097567	1000	0.307000	0.307000	0.301931	
1000	0.304000	1.097567	1000	0.304000	0.304000	0.301933	
1000	0.339000	1.097567	1000	0.339000	0.339000	0.301983	
1000	0.315000	1.097567	1000	0.315000	0.315000	0.302001	
1000	0.288000	1.097567	1000	0.288000	0.288000	0.301982	
1000	0.329000	1.097567	1000	0.329000	0.329000	0.302018	
1000	0.332000	1.097567	1000	0.332000	0.332000	0.302059	
1000	0.298000	1.097567	1000	0.298000	0.298000	0.302053	
1000	0.331000	1.097567	1000	0.331000	0.331000	0.302092	
1000	0.327000	1.097567	1000	0.327000	0.327000	0.302125	
1000	0.345000	1.097567	1000	0.345000	0.345000	0.302182	
1000	0.351000	1.097567	1000	0.351000	0.351000	0.302247	
1000	0.339000	1.097567	1000	0.339000	0.339000	0.302296	
1000	0.309000	1.097567	1000	0.309000	0.309000	0.302305	
1000	0.318000	1.097567	1000	0.318000	0.318000	0.302326	
1000	0.359000	1.097567	1000	0.359000	0.359000	0.302401	
1000	0.333000	1.097567	1000	0.333000	0.333000	0.302441	
1000	0.338000	1.097567	1000	0.338000	0.338000	0.302488	
1000	0.350000	1.097567	1000	0.350000	0.350000	0.302551	
1000	0.329000	1.097567	1000	0.329000	0.329000	0.302586	
1000	0.315000	1.097567	1000	0.315000	0.315000	0.302602	
1000	0.328000	1.097567	1000	0.328000	0.328000	0.302636	
1000	0.324000	1.097567	1000	0.324000	0.324000	0.302664	
1000	0.300000	1.097567	1000	0.300000	0.300000	0.302660	
1000	0.343000	1.097567	1000	0.343000	0.343000	0.302713	
1000	0.336000	1.097567	1000	0.336000	0.336000	0.302756	
1000	0.339000	1.097567	1000	0.339000	0.339000	0.302804	
1000	0.334000	1.097567	1000	0.334000	0.334000	0.302844	
1000	0.336000	1.097567	1000	0.336000	0.336000	0.302888	
1000	0.333000	1.097567	1000	0.333000	0.333000	0.302927	
1000	0.293000	1.097567	1000	0.293000	0.293000	0.302914	
1000	0.321000	1.097567	1000	0.321000	0.321000	0.302937	
1000	0.323000	1.097567	1000	0.323000	0.323000	0.302963	
1000	0.343000	1.097567	1000	0.343000	0.343000	0.303015	
1000	0.387000	1.097567	1000	0.387000	0.387000	0.303124	
1000	0.344000	1.097567	1000	0.344000	0.344000	0.303176	
1000	0.338000	1.097567	1000	0.338000	0.338000	0.303221	
1000	0.352000	1.097567	1000	0.352000	0.352000	0.303284	
1000	0.338000	1.097567	1000	0.338000	0.338000	0.303329	
1000	0.326000	1.097567	1000	0.326000	0.326000	0.303358	
1000	0.325000	1.097567	1000	0.325000	0.325000	0.303386	
1000	0.341000	1.097567	1000	0.341000	0.341000	0.303434	
1000	0.337000	1.097567	1000	0.337000	0.337000	0.303477	
1000	0.308000	1.097567	1000	0.308000	0.308000	0.303482	
1000	0.323000	1.097567	1000	0.323000	0.323000	0.303507	
1000	0.313000	1.097567	1000	0.313000	0.313000	0.303519	
1000	0.320000	1.097567	1000	0.320000	0.320000	0.303540	
1000	0.335000	1.097567	1000	0.335000	0.335000	0.303580	
1000	0.342000	1.097567	1000	0.342000	0.342000	0.303629	
1000	0.332000	1.097567	1000	0.332000	0.332000	0.303665	
1000	0.327000	1.097567	1000	0.327000	0.327000	0.303695	
1000	0.296000	1.097567	1000	0.296000	0.296000	0.303685	
1000	0.293000	1.097567	1000	0.293000	0.293000	0.303671	
1000	0.331000	1.097567	1000	0.331000	0.331000	0.303706	
1000	0.351000	1.097567	1000	0.351000	0.351000	0.303765	
1000	0.360000	1.097567	1000	0.360000	0.360000	0.303836	
1000	0.331000	1.097567	1000	0.331000	0.331000	0.303870	
1000	0.317000	1.097567	1000	0.317000	0.317000	0.303887	
1000	0.343000	1.097567	1000	0.343000	0.343000	0.303936	
1000	0.346000	1.097567	1000	0.346000	0.346000	0.303988	
1000	0.341000	1.097567	1000	0.341000	0.341000	0.304035	
1000	0.339000	1.097567	1000	0.339000	0.339000	0.304078	
1000	0.361000	1.097567	1000	0.361000	0.361000	0.304149	
1000	0.318000	1.097567	1000	0.318000	0.318000	0.304166	
1000	0.334000	1.097567	1000	0.334000	0.334000	0.304204	
1000	0.336000	1.097567	1000	0.336000	0.336000	0.304243	
1000	0.294000	1.097567	1000	0.294000	0.294000	0.304230	
1000	0.340000	1.097567	1000	0.340000	0.340000	0.304275	
1000	0.304000	1.097567	1000	0.304000	0.304000	0.304274	
1000	0.331000	1.097567	1000	0.331000	0.331000	0.304307	
1000	0.350000	1.097567	1000	0.350000	0.350000	0.304364	
1000	0.329000	1.097567	1000	0.329000	0.329000	0.304394	
1000	0.317000	1.097567	1000	0.317000	0.317000	0.304410	
1000	0.349000	1.097567	1000	0.349000	0.349000	0.304465	
1000	0.359000	1.097567	1000	0.359000	0.359000	0.304532	
1000	0.337000	1.097567	1000	0.337000	0.337000	0.304571	
1000	0.334000	1.097567	1000	0.334000	0.334000	0.304607	
1000	0.315000	1.097567	1000	0.315000	0.315000	0.304620	
1000	0.312000	1.097567	1000	0.312000	0.312000	0.304629	
1000	0.338000	1.097567	1000	0.338000	0.338000	0.304670	
1000	0.297000	1.097567	1000	0.297000	0.297000	0.304661	
1000	0.323000	1.097567	1000	0.323000	0.323000	0.304683	
1000	0.331000	1.097567	1000	0.331000	0.331000	0.304715	
1000	0.342000	1.097567	1000	0.342000	0.342000	0.304760	
1000	0.342000	1.097567	1000	0.342000	0.342000	0.304805	
1000	0.369000	1.097567	1000	0.369000	0.369000	0.304883	
1000	0.369000	1.097567	1000	0.369000	0.369000	0.304961	
1000	0.350000	1.097567	1000	0.350000	0.350000	0.305015	
1000	0.335000	1.097567	1000	0.335000	0.335000	0.305052	
1000	0.352000	1.097567	1000	0.352000	0.352000	0.305108	
1000	0.343000	1.097567	1000	0.343000	0.343000	0.305154	
1000	0.346000	1.097567	1000	0.346000	0.346000	0.305203	
1000	0.324000	1.097567	1000	0.324000	0.324000	0.305226	
1000	0.342000	1.097567	1000	0.342000	0.342000	0.305270	
1000	0.334000	1.097567	1000	0.334000	0.334000	0.305304	
1000	0.350000	1.097567	1000	0.350000	0.350000	0.305358	
1000	0.366000	1.097567	1000	0.366000	0.366000	0.305430	
1000	0.327000	1.097567	1000	0.327000	0.327000	0.305456	
1000	0.359000	1.097567	1000	0.359000	0.359000	0.305520	
1000	0.333000	1.097567	1000	0.333000	0.333000	0.305553	
1000	0.330000	1.097567	1000	0.330000	0.330000	0.305582	
1000	0.347000	1.097567	1000	0.347000	0.347000	0.305631	
1000	0.325000	1.097567	1000	0.325000	0.325000	0.305654	
1000	0.319000	1.097567	1000	0.319000	0.319000	0.305670	
1000	0.326000	1.097567	1000	0.326000	0.326000	0.305694	
1000	0.350000	1.097567	1000	0.350000	0.350000	0.305746	
1000	0.330000	1.097567	1000	0.330000	0.330000	0.305775	
1000	0.322000	1.097567	1000	0.322000	0.322000	0.305794	
1000	0.330000	1.097567	1000	0.330000	0.330000	0.305823	
1000	0.322000	1.097567	1000	0.322000	0.322000	0.305842	
1000	0.349000	1.097567	1000	0.349000	0.349000	0.305893	
1000	0.328000	1.097567	1000	0.328000	0.328000	0.305919	
1000	0.344000	1.097567	1000	0.344000	0.344000	0.305963	
1000	0.387000	1.097567	1000	0.387000	0.387000	0.306058	
1000	0.339000	1.097567	1000	0.339000	0.339000	0.306097	
1000	0.317000	1.097567	1000	0.317000	0.317000	0.306110	
1000	0.325000	1.097567	1000	0.325000	0.325000	0.306132	
1000	0.359000	1.097567	1000	0.359000	0.359000	0.306193	
1000	0.325000	1.097567	1000	0.325000	0.325000	0.306215	
1000	0.351000	1.097567	1000	0.351000	0.351000	0.306267	
1000	0.333000	1.097567	1000	0.333000	0.333000	0.306298	
1000	0.316000	1.097567	1000	0.316000	0.316000	0.306310	
1000	0.322000	1.097567	1000	0.322000	0.322000	0.306328	
1000	0.324000	1.097567	1000	0.324000	0.324000	0.306348	
1000	0.310000	1.097567	1000	0.310000	0.310000	0.306353	
1000	0.336000	1.097567	1000	0.336000	0.336000	0.306387	
1000	0.328000	1.097567	1000	0.328000	0.328000	0.306412	
1000	0.364000	1.097567	1000	0.364000	0.364000	0.306478	
1000	0.363000	1.097567	1000	0.363000	0.363000	0.306543	
1000	0.343000	1.097567	1000	0.343000	0.343000	0.306585	
1000	0.340000	1.097567	1000	0.340000	0.340000	0.306624	
1000	0.359000	1.097567	1000	0.359000	0.359000	0.306684	
1000	0.350000	1.097567	1000	0.350000	0.350000	0.306734	
1000	0.326000	1.097567	1000	0.326000	0.326000	0.306756	
1000	0.331000	1.097567	1000	0.331000	0.331000	0.306783	
1000	0.339000	1.097567	1000	0.339000	0.339000	0.306820	
1000	0.336000	1.097567	1000	0.336000	0.336000	0.306854	
1000	0.321000	1.097567	1000	0.321000	0.321000	0.306870	
1000	0.312000	1.097567	1000	0.312000	0.312000	0.306876	
1000	0.347000	1.097567	1000	0.347000	0.347000	0.306921	
1000	0.343000	1.097567	1000	0.343000	0.343000	0.306962	
1000	0.335000	1.097567	1000	0.335000	0.335000	0.306994	
1000	0.337000	1.097567	1000	0.337000	0.337000	0.307028	
1000	0.319000	1.097567	1000	0.319000	0.319000	0.307042	
1000	0.336000	1.097567	1000	0.336000	0.336000	0.307074	
1000	0.317000	1.097567	1000	0.317000	0.317000	0.307086	
1000	0.310000	1.097567	1000	0.310000	0.310000	0.307089	
1000	0.338000	1.097567	1000	0.338000	0.338000	0.307124	
1000	0.323000	1.097567	1000	0.323000	0.323000	0.307142	
1000	0.308000	1.097567	1000	0.308000	0.308000	0.307143	
1000	0.323000	1.097567	1000	0.323000	0.323000	0.307160	
1000	0.335000	1.097567	1000	0.335000	0.335000	0.307192	
1000	0.351000	1.097567	1000	0.351000	0.351000	0.307241	
1000	0.327000	1.097567	1000	0.327000	0.327000	0.307263	
1000	0.327000	1.097567	1000	0.327000	0.327000	0.307285	
1000	0.372000	1.097567	1000	0.372000	0.372000	0.307357	
1000	0.337000	1.097567	1000	0.337000	0.337000	0.307390	
1000	0.326000	1.097567	1000	0.326000	0.326000	0.307411	
1000	0.315000	1.097567	1000	0.315000	0.315000	0.307419	
1000	0.318000	1.097567	1000	0.318000	0.318000	0.307431	
1000	0.338000	1.097567	1000	0.338000	0.338000	0.307465	
1000	0.294000	1.097567	1000	0.294000	0.294000	0.307450	
1000	0.313000	1.097567	1000	0.313000	0.313000	0.307456	
1000	0.311000	1.097567	1000	0.311000	0.311000	0.307460	
1000	0.300000	1.097567	1000	0.300000	0.300000	0.307452	
1000	0.308000	1.097567	1000	0.308000	0.308000	0.307453	
1000	0.332000	1.097567	1000	0.332000	0.332000	0.307480	
1000	0.354000	1.097567	1000	0.354000	0.354000	0.307531	
1000	0.335000	1.097567	1000	0.335000	0.335000	0.307561	
1000	0.342000	1.097567	1000	0.342000	0.342000	0.307599	
1000	0.318000	1.097567	1000	0.318000	0.318000	0.307611	
1000	0.332000	1.097567	1000	0.332000	0.332000	0.307637	
1000	0.336000	1.097567	1000	0.336000	0.336000	0.307669	
1000	0.328000	1.097567	1000	0.328000	0.328000	0.307691	
1000	0.362000	1.097567	1000	0.362000	0.362000	0.307750	
1000	0.340000	1.097567	1000	0.340000	0.340000	0.307785	
1000	0.349000	1.097567	1000	0.349000	0.349000	0.307830	
1000	0.354000	1.097567	1000	0.354000	0.354000	0.307881	
1000	0.351000	1.097567	1000	0.351000	0.351000	0.307928	
1000	0.363000	1.097567	1000	0.363000	0.363000	0.307988	
1000	0.326000	1.097567	1000	0.326000	0.326000	0.308007	
1000	0.336000	1.097567	1000	0.336000	0.336000	0.308038	
1000	0.303000	1.097567	1000	0.303000	0.303000	0.308032	
1000	0.327000	1.097567	1000	0.327000	0.327000	0.308053	
1000	0.352000	1.097567	1000	0.352000	0.352000	0.308100	
1000	0.329000	1.097567	1000	0.329000	0.329000	0.308123	
1000	0.347000	1.097567	1000	0.347000	0.347000	0.308165	
1000	0.318000	1.097567	1000	0.318000	0.318000	0.308176	
1000	0.347000	1.097567	1000	0.347000	0.347000	0.308217	
1000	0.294000	1.097567	1000	0.294000	0.294000	0.308202	
1000	0.337000	1.097567	1000	0.337000	0.337000	0.308233	
1000	0.366000	1.097567	1000	0.366000	0.366000	0.308295	
1000	0.344000	1.097567	1000	0.344000	0.344000	0.308333	
1000	0.318000	1.097567	1000	0.318000	0.318000	0.308344	
1000	0.307000	1.097567	1000	0.307000	0.307000	0.308342	
1000	0.322000	1.097567	1000	0.322000	0.322000	0.308357	
1000	0.305000	1.097567	1000	0.305000	0.305000	0.308353	
1000	0.333000	1.097567	1000	0.333000	0.333000	0.308380	
1000	0.332000	1.097567	1000	0.332000	0.332000	0.308405	
1000	0.360000	1.097567	1000	0.360000	0.360000	0.308460	
1000	0.336000	1.097567	1000	0.336000	0.336000	0.308489	
1000	0.351000	1.097567	1000	0.351000	0.351000	0.308534	
1000	0.334000	1.097567	1000	0.334000	0.334000	0.308561	
1000	0.316000	1.097567	1000	0.316000	0.316000	0.308569	
1000	0.323000	1.097567	1000	0.323000	0.323000	0.308584	
1000	0.359000	1.097567	1000	0.359000	0.359000	0.308638	
1000	0.327000	1.097567	1000	0.327000	0.327000	0.308657	
1000	0.319000	1.097567	1000	0.319000	0.319000	0.308668	
1000	0.327000	1.097567	1000	0.327000	0.327000	0.308687	
1000	0.325000	1.097567	1000	0.325000	0.325000	0.308705	
1000	0.306000	1.097567	1000	0.306000	0.306000	0.308702	
1000	0.312000	1.097567	1000	0.312000	0.312000	0.308705	
1000	0.354000	1.097567	1000	0.354000	0.354000	0.308753	
1000	0.301000	1.097567	1000	0.301000	0.301000	0.308745	
1000	0.349000	1.097567	1000	0.349000	0.349000	0.308787	
1000	0.339000	1.097567	1000	0.339000	0.339000	0.308819	
1000	0.308000	1.097567	1000	0.308000	0.308000	0.308818	
1000	0.360000	1.097567	1000	0.360000	0.360000	0.308871	
1000	0.333000	1.097567	1000	0.333000	0.333000	0.308896	
1000	0.344000	1.097567	1000	0.344000	0.344000	0.308933	
1000	0.346000	1.097567	1000	0.346000	0.346000	0.308972	
1000	0.324000	1.097567	1000	0.324000	0.324000	0.308987	
1000	0.337000	1.097567	1000	0.337000	0.337000	0.309016	
1000	0.362000	1.097567	1000	0.362000	0.362000	0.309071	
1000	0.320000	1.097567	1000	0.320000	0.320000	0.309083	
1000	0.325000	1.097567	1000	0.325000	0.325000	0.309099	
1000	0.321000	1.097567	1000	0.321000	0.321000	0.309111	
1000	0.305000	1.097567	1000	0.305000	0.305000	0.309107	
1000	0.344000	1.097567	1000	0.344000	0.344000	0.309143	
1000	0.331000	1.097567	1000	0.331000	0.331000	0.309166	
1000	0.344000	1.097567	1000	0.344000	0.344000	0.309202	
1000	0.360000	1.097567	1000	0.360000	0.360000	0.309254	
1000	0.304000	1.097567	1000	0.304000	0.304000	0.309249	
1000	0.339000	1.097567	1000	0.339000	0.339000	0.309279	
1000	0.309000	1.097567	1000	0.309000	0.309000	0.309279	
1000	0.323000	1.097567	1000	0.323000	0.323000	0.309293	
1000	0.352000	1.097567	1000	0.352000	0.352000	0.309337	
1000	0.353000	1.097567	1000	0.353000	0.353000	0.309381	
1000	0.333000	1.097567	1000	0.333000	0.333000	0.309406	
1000	0.322000	1.097567	1000	0.322000	0.322000	0.309418	
1000	0.339000	1.097567	1000	0.339000	0.339000	0.309449	
1000	0.313000	1.097567	1000	0.313000	0.313000	0.309452	
1000	0.323000	1.097567	1000	0.323000	0.323000	0.309466	
1000	0.367000	1.097567	1000	0.367000	0.367000	0.309525	
1000	0.325000	1.097567	1000	0.325000	0.325000	0.309540	
1000	0.361000	1.097567	1000	0.361000	0.361000	0.309593	
1000	0.337000	1.097567	1000	0.337000	0.337000	0.309620	
1000	0.351000	1.097567	1000	0.351000	0.351000	0.309662	
1000	0.338000	1.097567	1000	0.338000	0.338000	0.309691	
1000	0.363000	1.097567	1000	0.363000	0.363000	0.309745	
1000	0.321000	1.097567	1000	0.321000	0.321000	0.309756	
1000	0.334000	1.097567	1000	0.334000	0.334000	0.309781	
1000	0.315000	1.097567	1000	0.315000	0.315000	0.309786	
1000	0.368000	1.097567	1000	0.368000	0.368000	0.309845	
1000	0.325000	1.097567	1000	0.325000	0.325000	0.309860	
1000	0.334000	1.097567	1000	0.334000	0.334000	0.309884	
1000	0.351000	1.097567	1000	0.351000	0.351000	0.309925	
1000	0.326000	1.097567	1000	0.326000	0.326000	0.309942	
1000	0.320000	1.097567	1000	0.320000	0.320000	0.309952	
1000	0.355000	1.097567	1000	0.355000	0.355000	0.309997	
1000	0.314000	1.097567	1000	0.314000	0.314000	0.310001	
1000	0.379000	1.097567	1000	0.379000	0.379000	0.310070	
1000	0.339000	1.097567	1000	0.339000	0.339000	0.310098	
1000	0.337000	1.097567	1000	0.337000	0.337000	0.310125	
1000	0.330000	1.097567	1000	0.330000	0.330000	0.310145	
1000	0.317000	1.097567	1000	0.317000	0.317000	0.310152	
1000	0.329000	1.097567	1000	0.329000	0.329000	0.310171	
1000	0.302000	1.097567	1000	0.302000	0.302000	0.310163	
1000	0.357000	1.097567	1000	0.357000	0.357000	0.310209	
1000	0.328000	1.097567	1000	0.328000	0.328000	0.310227	
1000	0.349000	1.097567	1000	0.349000	0.349000	0.310265	
