Default schedule
Rate	100.00
Rate Tried	% Accepted	Rates - Dev	Rates - Tried	Rates - Accepted	Sample Ave Acceptance	Total Ave Acceptance	
1000	0.299000	1.320305	1000	0.299000	0.299000	0.291519	
1000	0.311000	1.320305	1000	0.311000	0.311000	0.293142	
1000	0.298000	1.320305	1000	0.298000	0.298000	0.293516	
1000	0.265000	1.320305	1000	0.265000	0.265000	0.291479	
1000	0.326000	1.320305	1000	0.326000	0.326000	0.293780	
1000	0.279000	1.320305	1000	0.279000	0.279000	0.292857	
1000	0.261000	1.320305	1000	0.261000	0.261000	0.290983	
1000	0.295000	1.320305	1000	0.295000	0.295000	0.291206	
1000	0.292000	1.320305	1000	0.292000	0.292000	0.291248	
1000	0.271000	1.320305	1000	0.271000	0.271000	0.290235	
1000	0.318000	1.320305	1000	0.318000	0.318000	0.291558	
1000	0.326000	1.320305	1000	0.326000	0.326000	0.293123	
1000	0.314000	1.320305	1000	0.314000	0.314000	0.294031	
1000	0.320000	1.320305	1000	0.320000	0.320000	0.295113	
1000	0.331000	1.320305	1000	0.331000	0.331000	0.296548	
1000	0.314000	1.320305	1000	0.314000	0.314000	0.297219	
1000	0.268000	1.320305	1000	0.268000	0.268000	0.296137	
1000	0.280000	1.320305	1000	0.280000	0.280000	0.295561	
1000	0.329000	1.320305	1000	0.329000	0.329000	0.296714	
1000	0.320000	1.320305	1000	0.320000	0.320000	0.297490	
1000	0.298000	1.320305	1000	0.298000	0.298000	0.297507	
1000	0.308000	1.320305	1000	0.308000	0.308000	0.297834	
1000	0.234000	1.320305	1000	0.234000	0.234000	0.295900	
1000	0.264000	1.320305	1000	0.264000	0.264000	0.294962	
1000	0.321000	1.320305	1000	0.321000	0.321000	0.295706	
1000	0.319000	1.320305	1000	0.319000	0.319000	0.296353	
1000	0.297000	1.320305	1000	0.297000	0.297000	0.296370	
1000	0.306000	1.320305	1000	0.306000	0.306000	0.296624	
1000	0.306000	1.320305	1000	0.306000	0.306000	0.296864	
1000	0.312000	1.320305	1000	0.312000	0.312000	0.297243	
1000	0.319000	1.320305	1000	0.319000	0.319000	0.297773	
1000	0.331000	1.320305	1000	0.331000	0.331000	0.298564	
1000	0.340000	1.320305	1000	0.340000	0.340000	0.299528	
1000	0.308000	1.320305	1000	0.308000	0.308000	0.299720	
1000	0.323000	1.320305	1000	0.323000	0.323000	0.300238	
1000	0.315000	1.320305	1000	0.315000	0.315000	0.300559	
1000	0.285000	1.320305	1000	0.285000	0.285000	0.300228	
1000	0.226000	1.320305	1000	0.226000	0.226000	0.298681	
1000	0.229000	1.320305	1000	0.229000	0.229000	0.297259	
1000	0.232000	1.320305	1000	0.232000	0.232000	0.295954	
1000	0.279000	1.320305	1000	0.279000	0.279000	0.295622	
1000	0.342000	1.320305	1000	0.342000	0.342000	0.296514	
1000	0.327000	1.320305	1000	0.327000	0.327000	0.297089	
1000	0.299000	1.320305	1000	0.299000	0.299000	0.297124	
1000	0.297000	1.320305	1000	0.297000	0.297000	0.297122	
1000	0.297000	1.320305	1000	0.297000	0.297000	0.297120	
1000	0.280000	1.320305	1000	0.280000	0.280000	0.296819	
1000	0.284000	1.320305	1000	0.284000	0.284000	0.296598	
1000	0.308000	1.320305	1000	0.308000	0.308000	0.296792	
1000	0.325000	1.320305	1000	0.325000	0.325000	0.297262	
1000	0.265000	1.320305	1000	0.265000	0.265000	0.296733	
1000	0.297000	1.320305	1000	0.297000	0.297000	0.296737	
1000	0.253000	1.320305	1000	0.253000	0.253000	0.296043	
1000	0.320000	1.320305	1000	0.320000	0.320000	0.296417	
1000	0.254000	1.320305	1000	0.254000	0.254000	0.295765	
1000	0.314000	1.320305	1000	0.314000	0.314000	0.296041	
1000	0.289000	1.320305	1000	0.289000	0.289000	0.295936	
1000	0.287000	1.320305	1000	0.287000	0.287000	0.295804	
1000	0.302000	1.320305	1000	0.302000	0.302000	0.295894	
1000	0.243000	1.320305	1000	0.243000	0.243000	0.295139	
1000	0.203000	1.320305	1000	0.203000	0.203000	0.293841	
1000	0.253000	1.320305	1000	0.253000	0.253000	0.293274	
1000	0.310000	1.320305	1000	0.310000	0.310000	0.293503	
1000	0.289000	1.320305	1000	0.289000	0.289000	0.293442	
1000	0.303000	1.320305	1000	0.303000	0.303000	0.293569	
1000	0.294000	1.320305	1000	0.294000	0.294000	0.293575	
1000	0.264000	1.320305	1000	0.264000	0.264000	0.293191	
1000	0.308000	1.320305	1000	0.308000	0.308000	0.293381	
1000	0.320000	1.320305	1000	0.320000	0.320000	0.293718	
1000	0.284000	1.320305	1000	0.284000	0.284000	0.293596	
1000	0.311000	1.320305	1000	0.311000	0.311000	0.293811	
1000	0.286000	1.320305	1000	0.286000	0.286000	0.293716	
1000	0.317000	1.320305	1000	0.317000	0.317000	0.293996	
1000	0.334000	1.320305	1000	0.334000	0.334000	0.294473	
1000	0.238000	1.320305	1000	0.238000	0.238000	0.293808	
1000	0.293000	1.320305	1000	0.293000	0.293000	0.293799	
1000	0.310000	1.320305	1000	0.310000	0.310000	0.293985	
1000	0.280000	1.320305	1000	0.280000	0.280000	0.293826	
1000	0.279000	1.320305	1000	0.279000	0.279000	0.293660	
1000	0.273000	1.320305	1000	0.273000	0.273000	0.293430	
1000	0.289000	1.320305	1000	0.289000	0.289000	0.293381	
1000	0.306000	1.320305	1000	0.306000	0.306000	0.293519	
1000	0.288000	1.320305	1000	0.288000	0.288000	0.293459	
1000	0.276000	1.320305	1000	0.276000	0.276000	0.293273	
1000	0.306000	1.320305	1000	0.306000	0.306000	0.293407	
1000	0.309000	1.320305	1000	0.309000	0.309000	0.293570	
1000	0.300000	1.320305	1000	0.300000	0.300000	0.293636	
1000	0.306000	1.320305	1000	0.306000	0.306000	0.293762	
1000	0.295000	1.320305	1000	0.295000	0.295000	0.293775	
1000	0.221000	1.320305	1000	0.221000	0.221000	0.293047	
1000	0.282000	1.320305	1000	0.282000	0.282000	0.292938	
1000	0.318000	1.320305	1000	0.318000	0.318000	0.293183	
1000	0.345000	1.320305	1000	0.345000	0.345000	0.293686	
1000	0.301000	1.320305	1000	0.301000	0.301000	0.293757	
1000	0.286000	1.320305	1000	0.286000	0.286000	0.293683	
1000	0.303000	1.320305	1000	0.303000	0.303000	0.293771	
1000	0.268000	1.320305	1000	0.268000	0.268000	0.293530	
1000	0.270000	1.320305	1000	0.270000	0.270000	0.293312	
1000	0.296000	1.320305	1000	0.296000	0.296000	0.293337	
1000	0.294000	1.320305	1000	0.294000	0.294000	0.293343	
1000	0.278000	1.320305	1000	0.278000	0.278000	0.293205	
1000	0.311000	1.320305	1000	0.311000	0.311000	0.293363	
1000	0.307000	1.320305	1000	0.307000	0.307000	0.293484	
1000	0.293000	1.320305	1000	0.293000	0.293000	0.293480	
1000	0.336000	1.320305	1000	0.336000	0.336000	0.293850	
1000	0.326000	1.320305	1000	0.326000	0.326000	0.294127	
1000	0.282000	1.320305	1000	0.282000	0.282000	0.294023	
1000	0.277000	1.320305	1000	0.277000	0.277000	0.293879	
1000	0.336000	1.320305	1000	0.336000	0.336000	0.294233	
1000	0.296000	1.320305	1000	0.296000	0.296000	0.294248	
1000	0.317000	1.320305	1000	0.317000	0.317000	0.294436	
1000	0.276000	1.320305	1000	0.276000	0.276000	0.294284	
1000	0.325000	1.320305	1000	0.325000	0.325000	0.294534	
1000	0.309000	1.320305	1000	0.309000	0.309000	0.294651	
1000	0.291000	1.320305	1000	0.291000	0.291000	0.294622	
1000	0.280000	1.320305	1000	0.280000	0.280000	0.294506	
1000	0.323000	1.320305	1000	0.323000	0.323000	0.294730	
1000	0.322000	1.320305	1000	0.322000	0.322000	0.294943	
1000	0.323000	1.320305	1000	0.323000	0.323000	0.295161	
1000	0.296000	1.320305	1000	0.296000	0.296000	0.295167	
1000	0.329000	1.320305	1000	0.329000	0.329000	0.295425	
1000	0.296000	1.320305	1000	0.296000	0.296000	0.295430	
1000	0.328000	1.320305	1000	0.328000	0.328000	0.295674	
1000	0.306000	1.320305	1000	0.306000	0.306000	0.295752	
1000	0.298000	1.320305	1000	0.298000	0.298000	0.295768	
1000	0.291000	1.320305	1000	0.291000	0.291000	0.295733	
1000	0.313000	1.320305	1000	0.313000	0.313000	0.295859	
1000	0.271000	1.320305	1000	0.271000	0.271000	0.295679	
1000	0.308000	1.320305	1000	0.308000	0.308000	0.295768	
1000	0.289000	1.320305	1000	0.289000	0.289000	0.295719	
1000	0.274000	1.320305	1000	0.274000	0.274000	0.295565	
1000	0.307000	1.320305	1000	0.307000	0.307000	0.295646	
1000	0.316000	1.320305	1000	0.316000	0.316000	0.295788	
1000	0.319000	1.320305	1000	0.319000	0.319000	0.295949	
1000	0.298000	1.320305	1000	0.298000	0.298000	0.295963	
1000	0.239000	1.320305	1000	0.239000	0.239000	0.295573	
1000	0.336000	1.320305	1000	0.336000	0.336000	0.295848	
1000	0.232000	1.320305	1000	0.232000	0.232000	0.295417	
1000	0.204000	1.320305	1000	0.204000	0.204000	0.294803	
1000	0.237000	1.320305	1000	0.237000	0.237000	0.294418	
1000	0.279000	1.320305	1000	0.279000	0.279000	0.294316	
1000	0.322000	1.320305	1000	0.322000	0.322000	0.294498	
1000	0.326000	1.320305	1000	0.326000	0.326000	0.294704	
1000	0.290000	1.320305	1000	0.290000	0.290000	0.294673	
1000	0.324000	1.320305	1000	0.324000	0.324000	0.294863	
1000	0.287000	1.320305	1000	0.287000	0.287000	0.294812	
1000	0.301000	1.320305	1000	0.301000	0.301000	0.294852	
1000	0.309000	1.320305	1000	0.309000	0.309000	0.294941	
1000	0.314000	1.320305	1000	0.314000	0.314000	0.295061	
1000	0.317000	1.320305	1000	0.317000	0.317000	0.295198	
1000	0.314000	1.320305	1000	0.314000	0.314000	0.295315	
1000	0.324000	1.320305	1000	0.324000	0.324000	0.295492	
1000	0.314000	1.320305	1000	0.314000	0.314000	0.295606	
1000	0.301000	1.320305	1000	0.301000	0.301000	0.295638	
1000	0.352000	1.320305	1000	0.352000	0.352000	0.295980	
1000	0.324000	1.320305	1000	0.324000	0.324000	0.296149	
1000	0.283000	1.320305	1000	0.283000	0.283000	0.296070	
1000	0.318000	1.320305	1000	0.318000	0.318000	0.296201	
1000	0.310000	1.320305	1000	0.310000	0.310000	0.296282	
1000	0.324000	1.320305	1000	0.324000	0.324000	0.296445	
1000	0.313000	1.320305	1000	0.313000	0.313000	0.296542	
1000	0.298000	1.320305	1000	0.298000	0.298000	0.296551	
1000	0.322000	1.320305	1000	0.322000	0.322000	0.296698	
1000	0.307000	1.320305	1000	0.307000	0.307000	0.296757	
1000	0.322000	1.320305	1000	0.322000	0.322000	0.296901	
1000	0.302000	1.320305	1000	0.302000	0.302000	0.296930	
1000	0.326000	1.320305	1000	0.326000	0.326000	0.297094	
1000	0.301000	1.320305	1000	0.301000	0.301000	0.297116	
1000	0.297000	1.320305	1000	0.297000	0.297000	0.297116	
1000	0.254000	1.320305	1000	0.254000	0.254000	0.296876	
1000	0.290000	1.320305	1000	0.290000	0.290000	0.296838	
1000	0.268000	1.320305	1000	0.268000	0.268000	0.296680	
1000	0.291000	1.320305	1000	0.291000	0.291000	0.296649	
1000	0.235000	1.320305	1000	0.235000	0.235000	0.296314	
1000	0.272000	1.320305	1000	0.272000	0.272000	0.296182	
1000	0.290000	1.320305	1000	0.290000	0.290000	0.296149	
1000	0.315000	1.320305	1000	0.315000	0.315000	0.296250	
1000	0.286000	1.320305	1000	0.286000	0.286000	0.296195	
1000	0.283000	1.320305	1000	0.283000	0.283000	0.296125	
1000	0.286000	1.320305	1000	0.286000	0.286000	0.296072	
1000	0.269000	1.320305	1000	0.269000	0.269000	0.295930	
1000	0.325000	1.320305	1000	0.325000	0.325000	0.296082	
1000	0.321000	1.320305	1000	0.321000	0.321000	0.296211	
1000	0.293000	1.320305	1000	0.293000	0.293000	0.296194	
1000	0.290000	1.320305	1000	0.290000	0.290000	0.296163	
1000	0.305000	1.320305	1000	0.305000	0.305000	0.296208	
1000	0.295000	1.320305	1000	0.295000	0.295000	0.296202	
1000	0.303000	1.320305	1000	0.303000	0.303000	0.296236	
1000	0.348000	1.320305	1000	0.348000	0.348000	0.296496	
1000	0.268000	1.320305	1000	0.268000	0.268000	0.296354	
1000	0.289000	1.320305	1000	0.289000	0.289000	0.296317	
1000	0.303000	1.320305	1000	0.303000	0.303000	0.296350	
1000	0.315000	1.320305	1000	0.315000	0.315000	0.296442	
1000	0.269000	1.320305	1000	0.269000	0.269000	0.296307	
1000	0.315000	1.320305	1000	0.315000	0.315000	0.296399	
1000	0.290000	1.320305	1000	0.290000	0.290000	0.296367	
1000	0.292000	1.320305	1000	0.292000	0.292000	0.296346	
1000	0.315000	1.320305	1000	0.315000	0.315000	0.296436	
1000	0.307000	1.320305	1000	0.307000	0.307000	0.296487	
1000	0.292000	1.320305	1000	0.292000	0.292000	0.296465	
1000	0.285000	1.320305	1000	0.285000	0.285000	0.296411	
1000	0.322000	1.320305	1000	0.322000	0.322000	0.296532	
1000	0.304000	1.320305	1000	0.304000	0.304000	0.296567	
1000	0.284000	1.320305	1000	0.284000	0.284000	0.296508	
1000	0.298000	1.320305	1000	0.298000	0.298000	0.296515	
1000	0.297000	1.320305	1000	0.297000	0.297000	0.296517	
1000	0.317000	1.320305	1000	0.317000	0.317000	0.296612	
1000	0.317000	1.320305	1000	0.317000	0.317000	0.296705	
1000	0.275000	1.320305	1000	0.275000	0.275000	0.296606	
1000	0.278000	1.320305	1000	0.278000	0.278000	0.296521	
1000	0.295000	1.320305	1000	0.295000	0.295000	0.296514	
1000	0.297000	1.320305	1000	0.297000	0.297000	0.296517	
1000	0.233000	1.320305	1000	0.233000	0.233000	0.296232	
1000	0.311000	1.320305	1000	0.311000	0.311000	0.296298	
1000	0.303000	1.320305	1000	0.303000	0.303000	0.296328	
1000	0.322000	1.320305	1000	0.322000	0.322000	0.296441	
1000	0.310000	1.320305	1000	0.310000	0.310000	0.296501	
1000	0.275000	1.320305	1000	0.275000	0.275000	0.296407	
1000	0.310000	1.320305	1000	0.310000	0.310000	0.296466	
1000	0.275000	1.320305	1000	0.275000	0.275000	0.296373	
1000	0.262000	1.320305	1000	0.262000	0.262000	0.296224	
1000	0.256000	1.320305	1000	0.256000	0.256000	0.296050	
1000	0.230000	1.320305	1000	0.230000	0.230000	0.295767	
1000	0.303000	1.320305	1000	0.303000	0.303000	0.295798	
1000	0.325000	1.320305	1000	0.325000	0.325000	0.295922	
1000	0.300000	1.320305	1000	0.300000	0.300000	0.295939	
1000	0.305000	1.320305	1000	0.305000	0.305000	0.295978	
1000	0.305000	1.320305	1000	0.305000	0.305000	0.296016	
1000	0.298000	1.320305	1000	0.298000	0.298000	0.296024	
1000	0.303000	1.320305	1000	0.303000	0.303000	0.296053	
1000	0.320000	1.320305	1000	0.320000	0.320000	0.296152	
1000	0.337000	1.320305	1000	0.337000	0.337000	0.296321	
1000	0.290000	1.320305	1000	0.290000	0.290000	0.296295	
1000	0.265000	1.320305	1000	0.265000	0.265000	0.296167	
1000	0.225000	1.320305	1000	0.225000	0.225000	0.295876	
1000	0.265000	1.320305	1000	0.265000	0.265000	0.295751	
1000	0.287000	1.320305	1000	0.287000	0.287000	0.295715	
1000	0.294000	1.320305	1000	0.294000	0.294000	0.295708	
1000	0.302000	1.320305	1000	0.302000	0.302000	0.295734	
1000	0.276000	1.320305	1000	0.276000	0.276000	0.295655	
1000	0.316000	1.320305	1000	0.316000	0.316000	0.295736	
1000	0.342000	1.320305	1000	0.342000	0.342000	0.295919	
1000	0.292000	1.320305	1000	0.292000	0.292000	0.295904	
1000	0.283000	1.320305	1000	0.283000	0.283000	0.295853	
1000	0.223000	1.320305	1000	0.223000	0.223000	0.295567	
1000	0.265000	1.320305	1000	0.265000	0.265000	0.295448	
1000	0.315000	1.320305	1000	0.315000	0.315000	0.295524	
1000	0.275000	1.320305	1000	0.275000	0.275000	0.295445	
1000	0.301000	1.320305	1000	0.301000	0.301000	0.295466	
1000	0.250000	1.320305	1000	0.250000	0.250000	0.295291	
1000	0.301000	1.320305	1000	0.301000	0.301000	0.295313	
1000	0.324000	1.320305	1000	0.324000	0.324000	0.295423	
1000	0.312000	1.320305	1000	0.312000	0.312000	0.295486	
1000	0.310000	1.320305	1000	0.310000	0.310000	0.295541	
1000	0.321000	1.320305	1000	0.321000	0.321000	0.295637	
1000	0.279000	1.320305	1000	0.279000	0.279000	0.295574	
1000	0.234000	1.320305	1000	0.234000	0.234000	0.295343	
1000	0.292000	1.320305	1000	0.292000	0.292000	0.295331	
1000	0.325000	1.320305	1000	0.325000	0.325000	0.295441	
1000	0.319000	1.320305	1000	0.319000	0.319000	0.295529	
1000	0.276000	1.320305	1000	0.276000	0.276000	0.295456	
1000	0.226000	1.320305	1000	0.226000	0.226000	0.295201	
1000	0.283000	1.320305	1000	0.283000	0.283000	0.295156	
1000	0.300000	1.320305	1000	0.300000	0.300000	0.295174	
1000	0.318000	1.320305	1000	0.318000	0.318000	0.295257	
1000	0.295000	1.320305	1000	0.295000	0.295000	0.295256	
1000	0.329000	1.320305	1000	0.329000	0.329000	0.295378	
1000	0.310000	1.320305	1000	0.310000	0.310000	0.295431	
1000	0.307000	1.320305	1000	0.307000	0.307000	0.295472	
1000	0.291000	1.320305	1000	0.291000	0.291000	0.295456	
1000	0.305000	1.320305	1000	0.305000	0.305000	0.295490	
1000	0.294000	1.320305	1000	0.294000	0.294000	0.295485	
1000	0.330000	1.320305	1000	0.330000	0.330000	0.295607	
1000	0.307000	1.320305	1000	0.307000	0.307000	0.295647	
1000	0.297000	1.320305	1000	0.297000	0.297000	0.295652	
1000	0.278000	1.320305	1000	0.278000	0.278000	0.295590	
1000	0.280000	1.320305	1000	0.280000	0.280000	0.295536	
1000	0.302000	1.320305	1000	0.302000	0.302000	0.295558	
1000	0.296000	1.320305	1000	0.296000	0.296000	0.295560	
1000	0.305000	1.320305	1000	0.305000	0.305000	0.295592	
1000	0.303000	1.320305	1000	0.303000	0.303000	0.295618	
1000	0.301000	1.320305	1000	0.301000	0.301000	0.295636	
1000	0.308000	1.320305	1000	0.308000	0.308000	0.295678	
1000	0.222000	1.320305	1000	0.222000	0.222000	0.295428	
1000	0.246000	1.320305	1000	0.246000	0.246000	0.295260	
1000	0.242000	1.320305	1000	0.242000	0.242000	0.295080	
1000	0.315000	1.320305	1000	0.315000	0.315000	0.295147	
1000	0.311000	1.320305	1000	0.311000	0.311000	0.295200	
1000	0.251000	1.320305	1000	0.251000	0.251000	0.295053	
1000	0.284000	1.320305	1000	0.284000	0.284000	0.295016	
1000	0.325000	1.320305	1000	0.325000	0.325000	0.295115	
1000	0.287000	1.320305	1000	0.287000	0.287000	0.295088	
1000	0.286000	1.320305	1000	0.286000	0.286000	0.295058	
1000	0.335000	1.320305	1000	0.335000	0.335000	0.295190	
1000	0.313000	1.320305	1000	0.313000	0.313000	0.295248	
1000	0.317000	1.320305	1000	0.317000	0.317000	0.295319	
1000	0.298000	1.320305	1000	0.298000	0.298000	0.295328	
1000	0.297000	1.320305	1000	0.297000	0.297000	0.295333	
1000	0.339000	1.320305	1000	0.339000	0.339000	0.295475	
1000	0.306000	1.320305	1000	0.306000	0.306000	0.295509	
1000	0.291000	1.320305	1000	0.291000	0.291000	0.295494	
1000	0.298000	1.320305	1000	0.298000	0.298000	0.295502	
1000	0.275000	1.320305	1000	0.275000	0.275000	0.295437	
1000	0.303000	1.320305	1000	0.303000	0.303000	0.295461	
1000	0.298000	1.320305	1000	0.298000	0.298000	0.295469	
1000	0.311000	1.320305	1000	0.311000	0.311000	0.295518	
1000	0.291000	1.320305	1000	0.291000	0.291000	0.295504	
1000	0.308000	1.320305	1000	0.308000	0.308000	0.295543	
1000	0.321000	1.320305	1000	0.321000	0.321000	0.295623	
1000	0.290000	1.320305	1000	0.290000	0.290000	0.295605	
1000	0.291000	1.320305	1000	0.291000	0.291000	0.295591	
1000	0.288000	1.320305	1000	0.288000	0.288000	0.295567	
1000	0.248000	1.320305	1000	0.248000	0.248000	0.295420	
1000	0.290000	1.320305	1000	0.290000	0.290000	0.295403	
1000	0.281000	1.320305	1000	0.281000	0.281000	0.295359	
1000	0.283000	1.320305	1000	0.283000	0.283000	0.295321	
1000	0.243000	1.320305	1000	0.243000	0.243000	0.295161	
1000	0.288000	1.320305	1000	0.288000	0.288000	0.295139	
1000	0.266000	1.320305	1000	0.266000	0.266000	0.295051	
1000	0.307000	1.320305	1000	0.307000	0.307000	0.295087	
1000	0.266000	1.320305	1000	0.266000	0.266000	0.294999	
1000	0.211000	1.320305	1000	0.211000	0.211000	0.294746	
1000	0.320000	1.320305	1000	0.320000	0.320000	0.294822	
1000	0.334000	1.320305	1000	0.334000	0.334000	0.294939	
1000	0.273000	1.320305	1000	0.273000	0.273000	0.294874	
1000	0.293000	1.320305	1000	0.293000	0.293000	0.294868	
1000	0.313000	1.320305	1000	0.313000	0.313000	0.294922	
1000	0.262000	1.320305	1000	0.262000	0.262000	0.294825	
1000	0.254000	1.320305	1000	0.254000	0.254000	0.294704	
1000	0.299000	1.320305	1000	0.299000	0.299000	0.294717	
1000	0.332000	1.320305	1000	0.332000	0.332000	0.294826	
1000	0.306000	1.320305	1000	0.306000	0.306000	0.294859	
1000	0.280000	1.320305	1000	0.280000	0.280000	0.294815	
1000	0.314000	1.320305	1000	0.314000	0.314000	0.294871	
1000	0.301000	1.320305	1000	0.301000	0.301000	0.294889	
1000	0.308000	1.320305	1000	0.308000	0.308000	0.294927	
1000	0.270000	1.320305	1000	0.270000	0.270000	0.294855	
1000	0.300000	1.320305	1000	0.300000	0.300000	0.294870	
1000	0.282000	1.320305	1000	0.282000	0.282000	0.294833	
1000	0.314000	1.320305	1000	0.314000	0.314000	0.294888	
1000	0.325000	1.320305	1000	0.325000	0.325000	0.294974	
1000	0.323000	1.320305	1000	0.323000	0.323000	0.295053	
1000	0.315000	1.320305	1000	0.315000	0.315000	0.295110	
1000	0.306000	1.320305	1000	0.306000	0.306000	0.295140	
1000	0.277000	1.320305	1000	0.277000	0.277000	0.295089	
1000	0.241000	1.320305	1000	0.241000	0.241000	0.294937	
1000	0.268000	1.320305	1000	0.268000	0.268000	0.294862	
1000	0.302000	1.320305	1000	0.302000	0.302000	0.294882	
1000	0.287000	1.320305	1000	0.287000	0.287000	0.294860	
1000	0.305000	1.320305	1000	0.305000	0.305000	0.294888	
1000	0.320000	1.320305	1000	0.320000	0.320000	0.294958	
1000	0.299000	1.320305	1000	0.299000	0.299000	0.294969	
1000	0.301000	1.320305	1000	0.301000	0.301000	0.294985	
1000	0.284000	1.320305	1000	0.284000	0.284000	0.294955	
1000	0.313000	1.320305	1000	0.313000	0.313000	0.295005	
1000	0.310000	1.320305	1000	0.310000	0.310000	0.295046	
1000	0.311000	1.320305	1000	0.311000	0.311000	0.295089	
1000	0.302000	1.320305	1000	0.302000	0.302000	0.295108	
1000	0.283000	1.320305	1000	0.283000	0.283000	0.295075	
1000	0.244000	1.320305	1000	0.244000	0.244000	0.294937	
1000	0.244000	1.320305	1000	0.244000	0.244000	0.294800	
1000	0.229000	1.320305	1000	0.229000	0.229000	0.294623	
1000	0.211000	1.320305	1000	0.211000	0.211000	0.294399	
1000	0.293000	1.320305	1000	0.293000	0.293000	0.294395	
1000	0.295000	1.320305	1000	0.295000	0.295000	0.294397	
1000	0.289000	1.320305	1000	0.289000	0.289000	0.294382	
1000	0.290000	1.320305	1000	0.290000	0.290000	0.294371	
1000	0.322000	1.320305	1000	0.322000	0.322000	0.294444	
1000	0.319000	1.320305	1000	0.319000	0.319000	0.294508	
1000	0.295000	1.320305	1000	0.295000	0.295000	0.294510	
1000	0.287000	1.320305	1000	0.287000	0.287000	0.294490	
1000	0.292000	1.320305	1000	0.292000	0.292000	0.294484	
1000	0.297000	1.320305	1000	0.297000	0.297000	0.294490	
1000	0.331000	1.320305	1000	0.331000	0.331000	0.294585	
1000	0.303000	1.320305	1000	0.303000	0.303000	0.294607	
1000	0.286000	1.320305	1000	0.286000	0.286000	0.294585	
1000	0.307000	1.320305	1000	0.307000	0.307000	0.294617	
1000	0.290000	1.320305	1000	0.290000	0.290000	0.294605	
1000	0.295000	1.320305	1000	0.295000	0.295000	0.294606	
1000	0.329000	1.320305	1000	0.329000	0.329000	0.294694	
1000	0.289000	1.320305	1000	0.289000	0.289000	0.294680	
1000	0.305000	1.320305	1000	0.305000	0.305000	0.294706	
1000	0.290000	1.320305	1000	0.290000	0.290000	0.294694	
1000	0.255000	1.320305	1000	0.255000	0.255000	0.294593	
1000	0.291000	1.320305	1000	0.291000	0.291000	0.294584	
1000	0.223000	1.320305	1000	0.223000	0.223000	0.294403	
1000	0.242000	1.320305	1000	0.242000	0.242000	0.294271	
1000	0.329000	1.320305	1000	0.329000	0.329000	0.294359	
1000	0.316000	1.320305	1000	0.316000	0.316000	0.294413	
1000	0.298000	1.320305	1000	0.298000	0.298000	0.294422	
1000	0.310000	1.320305	1000	0.310000	0.310000	0.294461	
1000	0.308000	1.320305	1000	0.308000	0.308000	0.294494	
1000	0.297000	1.320305	1000	0.297000	0.297000	0.294501	
1000	0.215000	1.320305	1000	0.215000	0.215000	0.294304	
1000	0.286000	1.320305	1000	0.286000	0.286000	0.294283	
1000	0.296000	1.320305	1000	0.296000	0.296000	0.294287	
1000	0.311000	1.320305	1000	0.311000	0.311000	0.294329	
1000	0.327000	1.320305	1000	0.327000	0.327000	0.294409	
1000	0.312000	1.320305	1000	0.312000	0.312000	0.294452	
1000	0.269000	1.320305	1000	0.269000	0.269000	0.294390	
1000	0.269000	1.320305	1000	0.269000	0.269000	0.294328	
1000	0.295000	1.320305	1000	0.295000	0.295000	0.294329	
1000	0.292000	1.320305	1000	0.292000	0.292000	0.294324	
1000	0.298000	1.320305	1000	0.298000	0.298000	0.294333	
1000	0.299000	1.320305	1000	0.299000	0.299000	0.294344	
1000	0.279000	1.320305	1000	0.279000	0.279000	0.294307	
1000	0.259000	1.320305	1000	0.259000	0.259000	0.294222	
1000	0.212000	1.320305	1000	0.212000	0.212000	0.294026	
1000	0.224000	1.320305	1000	0.224000	0.224000	0.293858	
1000	0.300000	1.320305	1000	0.300000	0.300000	0.293873	
1000	0.313000	1.320305	1000	0.313000	0.313000	0.293919	
1000	0.320000	1.320305	1000	0.320000	0.320000	0.293980	
1000	0.262000	1.320305	1000	0.262000	0.262000	0.293905	
1000	0.253000	1.320305	1000	0.253000	0.253000	0.293808	
1000	0.312000	1.320305	1000	0.312000	0.312000	0.293851	
1000	0.316000	1.320305	1000	0.316000	0.316000	0.293903	
1000	0.320000	1.320305	1000	0.320000	0.320000	0.293964	
1000	0.259000	1.320305	1000	0.259000	0.259000	0.293882	
1000	0.295000	1.320305	1000	0.295000	0.295000	0.293885	
1000	0.266000	1.320305	1000	0.266000	0.266000	0.293820	
1000	0.289000	1.320305	1000	0.289000	0.289000	0.293809	
1000	0.278000	1.320305	1000	0.278000	0.278000	0.293772	
1000	0.291000	1.320305	1000	0.291000	0.291000	0.293766	
1000	0.231000	1.320305	1000	0.231000	0.231000	0.293621	
1000	0.264000	1.320305	1000	0.264000	0.264000	0.293553	
1000	0.256000	1.320305	1000	0.256000	0.256000	0.293467	
1000	0.294000	1.320305	1000	0.294000	0.294000	0.293468	
1000	0.299000	1.320305	1000	0.299000	0.299000	0.293481	
1000	0.306000	1.320305	1000	0.306000	0.306000	0.293510	
1000	0.302000	1.320305	1000	0.302000	0.302000	0.293529	
1000	0.305000	1.320305	1000	0.305000	0.305000	0.293555	
1000	0.269000	1.320305	1000	0.269000	0.269000	0.293499	
1000	0.227000	1.320305	1000	0.227000	0.227000	0.293349	
1000	0.285000	1.320305	1000	0.285000	0.285000	0.293330	
1000	0.297000	1.320305	1000	0.297000	0.297000	0.293339	
1000	0.298000	1.320305	1000	0.298000	0.298000	0.293349	
1000	0.327000	1.320305	1000	0.327000	0.327000	0.293424	
1000	0.281000	1.320305	1000	0.281000	0.281000	0.293397	
1000	0.271000	1.320305	1000	0.271000	0.271000	0.293347	
1000	0.301000	1.320305	1000	0.301000	0.301000	0.293364	
1000	0.302000	1.320305	1000	0.302000	0.302000	0.293383	
1000	0.300000	1.320305	1000	0.300000	0.300000	0.293398	
1000	0.262000	1.320305	1000	0.262000	0.262000	0.293328	
1000	0.217000	1.320305	1000	0.217000	0.217000	0.293160	
1000	0.239000	1.320305	1000	0.239000	0.239000	0.293041	
1000	0.287000	1.320305	1000	0.287000	0.287000	0.293028	
1000	0.292000	1.320305	1000	0.292000	0.292000	0.293026	
1000	0.276000	1.320305	1000	0.276000	0.276000	0.292988	
1000	0.297000	1.320305	1000	0.297000	0.297000	0.292997	
1000	0.298000	1.320305	1000	0.298000	0.298000	0.293008	
1000	0.324000	1.320305	1000	0.324000	0.324000	0.293075	
1000	0.318000	1.320305	1000	0.318000	0.318000	0.293129	
1000	0.266000	1.320305	1000	0.266000	0.266000	0.293071	
1000	0.310000	1.320305	1000	0.310000	0.310000	0.293107	
1000	0.277000	1.320305	1000	0.277000	0.277000	0.293072	
1000	0.322000	1.320305	1000	0.322000	0.322000	0.293135	
1000	0.299000	1.320305	1000	0.299000	0.299000	0.293147	
1000	0.282000	1.320305	1000	0.282000	0.282000	0.293123	
1000	0.293000	1.320305	1000	0.293000	0.293000	0.293123	
1000	0.225000	1.320305	1000	0.225000	0.225000	0.292978	
1000	0.241000	1.320305	1000	0.241000	0.241000	0.292868	
1000	0.293000	1.320305	1000	0.293000	0.293000	0.292868	
1000	0.295000	1.320305	1000	0.295000	0.295000	0.292873	
1000	0.265000	1.320305	1000	0.265000	0.265000	0.292814	
1000	0.312000	1.320305	1000	0.312000	0.312000	0.292854	
1000	0.303000	1.320305	1000	0.303000	0.303000	0.292875	
1000	0.298000	1.320305	1000	0.298000	0.298000	0.292886	
1000	0.305000	1.320305	1000	0.305000	0.305000	0.292912	
1000	0.304000	1.320305	1000	0.304000	0.304000	0.292935	
1000	0.283000	1.320305	1000	0.283000	0.283000	0.292914	
1000	0.317000	1.320305	1000	0.317000	0.317000	0.292964	
1000	0.306000	1.320305	1000	0.306000	0.306000	0.292991	
1000	0.298000	1.320305	1000	0.298000	0.298000	0.293001	
1000	0.296000	1.320305	1000	0.296000	0.296000	0.293008	
1000	0.212000	1.320305	1000	0.212000	0.212000	0.292841	
1000	0.288000	1.320305	1000	0.288000	0.288000	0.292831	
1000	0.318000	1.320305	1000	0.318000	0.318000	0.292882	
1000	0.317000	1.320305	1000	0.317000	0.317000	0.292932	
1000	0.328000	1.320305	1000	0.328000	0.328000	0.293003	
1000	0.300000	1.320305	1000	0.300000	0.300000	0.293018	
1000	0.285000	1.320305	1000	0.285000	0.285000	0.293001	
1000	0.243000	1.320305	1000	0.243000	0.243000	0.292900	
1000	0.225000	1.320305	1000	0.225000	0.225000	0.292762	
1000	0.216000	1.320305	1000	0.216000	0.216000	0.292607	
1000	0.242000	1.320305	1000	0.242000	0.242000	0.292504	
1000	0.262000	1.320305	1000	0.262000	0.262000	0.292443	
1000	0.303000	1.320305	1000	0.303000	0.303000	0.292464	
1000	0.315000	1.320305	1000	0.315000	0.315000	0.292509	
1000	0.259000	1.320305	1000	0.259000	0.259000	0.292442	
1000	0.240000	1.320305	1000	0.240000	0.240000	0.292337	
1000	0.286000	1.320305	1000	0.286000	0.286000	0.292325	
1000	0.288000	1.320305	1000	0.288000	0.288000	0.292316	
1000	0.311000	1.320305	1000	0.311000	0.311000	0.292353	
1000	0.276000	1.320305	1000	0.276000	0.276000	0.292321	
1000	0.267000	1.320305	1000	0.267000	0.267000	0.292271	
1000	0.318000	1.320305	1000	0.318000	0.318000	0.292322	
1000	0.325000	1.320305	1000	0.325000	0.325000	0.292386	
1000	0.327000	1.320305	1000	0.327000	0.327000	0.292454	
1000	0.321000	1.320305	1000	0.321000	0.321000	0.292510	
1000	0.307000	1.320305	1000	0.307000	0.307000	0.292539	
1000	0.307000	1.320305	1000	0.307000	0.307000	0.292567	
1000	0.320000	1.320305	1000	0.320000	0.320000	0.292621	
1000	0.313000	1.320305	1000	0.313000	0.313000	0.292660	
1000	0.309000	1.320305	1000	0.309000	0.309000	0.292692	
1000	0.326000	1.320305	1000	0.326000	0.326000	0.292757	
1000	0.298000	1.320305	1000	0.298000	0.298000	0.292767	
1000	0.291000	1.320305	1000	0.291000	0.291000	0.292763	
1000	0.329000	1.320305	1000	0.329000	0.329000	0.292833	
1000	0.274000	1.320305	1000	0.274000	0.274000	0.292797	
1000	0.290000	1.320305	1000	0.290000	0.290000	0.292792	
1000	0.320000	1.320305	1000	0.320000	0.320000	0.292844	
1000	0.296000	1.320305	1000	0.296000	0.296000	0.292850	
1000	0.288000	1.320305	1000	0.288000	0.288000	0.292841	
1000	0.301000	1.320305	1000	0.301000	0.301000	0.292856	
1000	0.291000	1.320305	1000	0.291000	0.291000	0.292853	
1000	0.299000	1.320305	1000	0.299000	0.299000	0.292864	
1000	0.297000	1.320305	1000	0.297000	0.297000	0.292872	
1000	0.297000	1.320305	1000	0.297000	0.297000	0.292880	
1000	0.287000	1.320305	1000	0.287000	0.287000	0.292869	
1000	0.307000	1.320305	1000	0.307000	0.307000	0.292896	
1000	0.298000	1.320305	1000	0.298000	0.298000	0.292905	
1000	0.291000	1.320305	1000	0.291000	0.291000	0.292902	
1000	0.326000	1.320305	1000	0.326000	0.326000	0.292964	
1000	0.308000	1.320305	1000	0.308000	0.308000	0.292992	
1000	0.286000	1.320305	1000	0.286000	0.286000	0.292979	
1000	0.258000	1.320305	1000	0.258000	0.258000	0.292914	
1000	0.316000	1.320305	1000	0.316000	0.316000	0.292957	
1000	0.299000	1.320305	1000	0.299000	0.299000	0.292968	
1000	0.305000	1.320305	1000	0.305000	0.305000	0.292990	
1000	0.246000	1.320305	1000	0.246000	0.246000	0.292903	
1000	0.313000	1.320305	1000	0.313000	0.313000	0.292940	
1000	0.308000	1.320305	1000	0.308000	0.308000	0.292968	
1000	0.247000	1.320305	1000	0.247000	0.247000	0.292883	
1000	0.297000	1.320305	1000	0.297000	0.297000	0.292891	
1000	0.330000	1.320305	1000	0.330000	0.330000	0.292959	
1000	0.311000	1.320305	1000	0.311000	0.311000	0.292992	
1000	0.287000	1.320305	1000	0.287000	0.287000	0.292981	
1000	0.273000	1.320305	1000	0.273000	0.273000	0.292945	
1000	0.298000	1.320305	1000	0.298000	0.298000	0.292954	
1000	0.285000	1.320305	1000	0.285000	0.285000	0.292939	
1000	0.311000	1.320305	1000	0.311000	0.311000	0.292972	
1000	0.270000	1.320305	1000	0.270000	0.270000	0.292931	
1000	0.303000	1.320305	1000	0.303000	0.303000	0.292949	
1000	0.293000	1.320305	1000	0.293000	0.293000	0.292949	
1000	0.320000	1.320305	1000	0.320000	0.320000	0.292998	
1000	0.311000	1.320305	1000	0.311000	0.311000	0.293030	
1000	0.306000	1.320305	1000	0.306000	0.306000	0.293053	
1000	0.278000	1.320305	1000	0.278000	0.278000	0.293026	
1000	0.323000	1.320305	1000	0.323000	0.323000	0.293080	
1000	0.304000	1.320305	1000	0.304000	0.304000	0.293099	
1000	0.295000	1.320305	1000	0.295000	0.295000	0.293103	
1000	0.309000	1.320305	1000	0.309000	0.309000	0.293131	
1000	0.296000	1.320305	1000	0.296000	0.296000	0.293136	
1000	0.294000	1.320305	1000	0.294000	0.294000	0.293138	
1000	0.325000	1.320305	1000	0.325000	0.325000	0.293194	
1000	0.296000	1.320305	1000	0.296000	0.296000	0.293199	
1000	0.293000	1.320305	1000	0.293000	0.293000	0.293199	
1000	0.316000	1.320305	1000	0.316000	0.316000	0.293239	
1000	0.312000	1.320305	1000	0.312000	0.312000	0.293272	
1000	0.312000	1.320305	1000	0.312000	0.312000	0.293305	
1000	0.324000	1.320305	1000	0.324000	0.324000	0.293359	
1000	0.289000	1.320305	1000	0.289000	0.289000	0.293351	
1000	0.302000	1.320305	1000	0.302000	0.302000	0.293366	
1000	0.283000	1.320305	1000	0.283000	0.283000	0.293348	
1000	0.288000	1.320305	1000	0.288000	0.288000	0.293339	
1000	0.282000	1.320305	1000	0.282000	0.282000	0.293319	
1000	0.299000	1.320305	1000	0.299000	0.299000	0.293329	
1000	0.303000	1.320305	1000	0.303000	0.303000	0.293346	
1000	0.289000	1.320305	1000	0.289000	0.289000	0.293338	
1000	0.275000	1.320305	1000	0.275000	0.275000	0.293306	
1000	0.297000	1.320305	1000	0.297000	0.297000	0.293313	
1000	0.334000	1.320305	1000	0.334000	0.334000	0.293383	
1000	0.301000	1.320305	1000	0.301000	0.301000	0.293396	
1000	0.296000	1.320305	1000	0.296000	0.296000	0.293400	
1000	0.340000	1.320305	1000	0.340000	0.340000	0.293480	
1000	0.292000	1.320305	1000	0.292000	0.292000	0.293477	
1000	0.301000	1.320305	1000	0.301000	0.301000	0.293490	
1000	0.287000	1.320305	1000	0.287000	0.287000	0.293479	
1000	0.273000	1.320305	1000	0.273000	0.273000	0.293444	
1000	0.269000	1.320305	1000	0.269000	0.269000	0.293403	
1000	0.301000	1.320305	1000	0.301000	0.301000	0.293416	
1000	0.318000	1.320305	1000	0.318000	0.318000	0.293457	
1000	0.229000	1.320305	1000	0.229000	0.229000	0.293349	
1000	0.297000	1.320305	1000	0.297000	0.297000	0.293355	
1000	0.308000	1.320305	1000	0.308000	0.308000	0.293379	
1000	0.293000	1.320305	1000	0.293000	0.293000	0.293379	
1000	0.238000	1.320305	1000	0.238000	0.238000	0.293286	
1000	0.280000	1.320305	1000	0.280000	0.280000	0.293264	
1000	0.326000	1.320305	1000	0.326000	0.326000	0.293318	
1000	0.249000	1.320305	1000	0.249000	0.249000	0.293245	
1000	0.246000	1.320305	1000	0.246000	0.246000	0.293166	
1000	0.311000	1.320305	1000	0.311000	0.311000	0.293196	
1000	0.286000	1.320305	1000	0.286000	0.286000	0.293184	
1000	0.298000	1.320305	1000	0.298000	0.298000	0.293192	
1000	0.331000	1.320305	1000	0.331000	0.331000	0.293254	
1000	0.289000	1.320305	1000	0.289000	0.289000	0.293247	
1000	0.292000	1.320305	1000	0.292000	0.292000	0.293245	
1000	0.260000	1.320305	1000	0.260000	0.260000	0.293190	
1000	0.296000	1.320305	1000	0.296000	0.296000	0.293195	
1000	0.268000	1.320305	1000	0.268000	0.268000	0.293154	
1000	0.301000	1.320305	1000	0.301000	0.301000	0.293166	
1000	0.292000	1.320305	1000	0.292000	0.292000	0.293165	
1000	0.300000	1.320305	1000	0.300000	0.300000	0.293176	
1000	0.264000	1.320305	1000	0.264000	0.264000	0.293128	
1000	0.244000	1.320305	1000	0.244000	0.244000	0.293048	
1000	0.307000	1.320305	1000	0.307000	0.307000	0.293071	
1000	0.300000	1.320305	1000	0.300000	0.300000	0.293082	
1000	0.335000	1.320305	1000	0.335000	0.335000	0.293150	
1000	0.271000	1.320305	1000	0.271000	0.271000	0.293114	
1000	0.274000	1.320305	1000	0.274000	0.274000	0.293083	
1000	0.280000	1.320305	1000	0.280000	0.280000	0.293062	
1000	0.241000	1.320305	1000	0.241000	0.241000	0.292979	
1000	0.272000	1.320305	1000	0.272000	0.272000	0.292945	
1000	0.299000	1.320305	1000	0.299000	0.299000	0.292955	
1000	0.320000	1.320305	1000	0.320000	0.320000	0.292998	
1000	0.314000	1.320305	1000	0.314000	0.314000	0.293031	
1000	0.312000	1.320305	1000	0.312000	0.312000	0.293062	
1000	0.306000	1.320305	1000	0.306000	0.306000	0.293082	
1000	0.295000	1.320305	1000	0.295000	0.295000	0.293085	
1000	0.344000	1.320305	1000	0.344000	0.344000	0.293166	
1000	0.307000	1.320305	1000	0.307000	0.307000	0.293188	
1000	0.291000	1.320305	1000	0.291000	0.291000	0.293185	
1000	0.276000	1.320305	1000	0.276000	0.276000	0.293158	
1000	0.300000	1.320305	1000	0.300000	0.300000	0.293168	
1000	0.308000	1.320305	1000	0.308000	0.308000	0.293192	
1000	0.320000	1.320305	1000	0.320000	0.320000	0.293234	
1000	0.295000	1.320305	1000	0.295000	0.295000	0.293237	
1000	0.293000	1.320305	1000	0.293000	0.293000	0.293236	
1000	0.281000	1.320305	1000	0.281000	0.281000	0.293217	
1000	0.337000	1.320305	1000	0.337000	0.337000	0.293285	
1000	0.290000	1.320305	1000	0.290000	0.290000	0.293280	
1000	0.219000	1.320305	1000	0.219000	0.219000	0.293165	
1000	0.309000	1.320305	1000	0.309000	0.309000	0.293189	
1000	0.313000	1.320305	1000	0.313000	0.313000	0.293220	
1000	0.293000	1.320305	1000	0.293000	0.293000	0.293220	
1000	0.318000	1.320305	1000	0.318000	0.318000	0.293258	
1000	0.319000	1.320305	1000	0.319000	0.319000	0.293298	
1000	0.296000	1.320305	1000	0.296000	0.296000	0.293302	
1000	0.305000	1.320305	1000	0.305000	0.305000	0.293320	
1000	0.289000	1.320305	1000	0.289000	0.289000	0.293313	
1000	0.297000	1.320305	1000	0.297000	0.297000	0.293319	
1000	0.326000	1.320305	1000	0.326000	0.326000	0.293369	
1000	0.315000	1.320305	1000	0.315000	0.315000	0.293402	
1000	0.306000	1.320305	1000	0.306000	0.306000	0.293422	
1000	0.288000	1.320305	1000	0.288000	0.288000	0.293413	
1000	0.279000	1.320305	1000	0.279000	0.279000	0.293391	
1000	0.304000	1.320305	1000	0.304000	0.304000	0.293407	
1000	0.302000	1.320305	1000	0.302000	0.302000	0.293421	
1000	0.302000	1.320305	1000	0.302000	0.302000	0.293434	
1000	0.299000	1.320305	1000	0.299000	0.299000	0.293442	
1000	0.289000	1.320305	1000	0.289000	0.289000	0.293435	
1000	0.252000	1.320305	1000	0.252000	0.252000	0.293373	
1000	0.292000	1.320305	1000	0.292000	0.292000	0.293371	
1000	0.291000	1.320305	1000	0.291000	0.291000	0.293367	
1000	0.277000	1.320305	1000	0.277000	0.277000	0.293342	
1000	0.280000	1.320305	1000	0.280000	0.280000	0.293322	
1000	0.288000	1.320305	1000	0.288000	0.288000	0.293314	
1000	0.299000	1.320305	1000	0.299000	0.299000	0.293323	
1000	0.289000	1.320305	1000	0.289000	0.289000	0.293316	
1000	0.279000	1.320305	1000	0.279000	0.279000	0.293295	
1000	0.245000	1.320305	1000	0.245000	0.245000	0.293223	
1000	0.299000	1.320305	1000	0.299000	0.299000	0.293232	
1000	0.292000	1.320305	1000	0.292000	0.292000	0.293230	
1000	0.328000	1.320305	1000	0.328000	0.328000	0.293281	
1000	0.301000	1.320305	1000	0.301000	0.301000	0.293293	
1000	0.325000	1.320305	1000	0.325000	0.325000	0.293340	
1000	0.309000	1.320305	1000	0.309000	0.309000	0.293363	
1000	0.279000	1.320305	1000	0.279000	0.279000	0.293342	
1000	0.286000	1.320305	1000	0.286000	0.286000	0.293331	
1000	0.305000	1.320305	1000	0.305000	0.305000	0.293348	
1000	0.307000	1.320305	1000	0.307000	0.307000	0.293368	
1000	0.235000	1.320305	1000	0.235000	0.235000	0.293283	
1000	0.261000	1.320305	1000	0.261000	0.261000	0.293235	
1000	0.298000	1.320305	1000	0.298000	0.298000	0.293242	
1000	0.301000	1.320305	1000	0.301000	0.301000	0.293254	
1000	0.295000	1.320305	1000	0.295000	0.295000	0.293256	
1000	0.321000	1.320305	1000	0.321000	0.321000	0.293297	
1000	0.279000	1.320305	1000	0.279000	0.279000	0.293276	
1000	0.329000	1.320305	1000	0.329000	0.329000	0.293328	
1000	0.346000	1.320305	1000	0.346000	0.346000	0.293404	
1000	0.292000	1.320305	1000	0.292000	0.292000	0.293402	
1000	0.310000	1.320305	1000	0.310000	0.310000	0.293426	
1000	0.308000	1.320305	1000	0.308000	0.308000	0.293447	
1000	0.252000	1.320305	1000	0.252000	0.252000	0.293387	
1000	0.239000	1.320305	1000	0.239000	0.239000	0.293309	
1000	0.275000	1.320305	1000	0.275000	0.275000	0.293283	
1000	0.266000	1.320305	1000	0.266000	0.266000	0.293243	
1000	0.332000	1.320305	1000	0.332000	0.332000	0.293299	
1000	0.278000	1.320305	1000	0.278000	0.278000	0.293277	
1000	0.288000	1.320305	1000	0.288000	0.288000	0.293270	
1000	0.291000	1.320305	1000	0.291000	0.291000	0.293266	
1000	0.298000	1.320305	1000	0.298000	0.298000	0.293273	
1000	0.302000	1.320305	1000	0.302000	0.302000	0.293286	
1000	0.309000	1.320305	1000	0.309000	0.309000	0.293308	
1000	0.309000	1.320305	1000	0.309000	0.309000	0.293330	
1000	0.292000	1.320305	1000	0.292000	0.292000	0.293328	
1000	0.285000	1.320305	1000	0.285000	0.285000	0.293316	
1000	0.308000	1.320305	1000	0.308000	0.308000	0.293337	
1000	0.317000	1.320305	1000	0.317000	0.317000	0.293371	
1000	0.276000	1.320305	1000	0.276000	0.276000	0.293346	
1000	0.292000	1.320305	1000	0.292000	0.292000	0.293344	
1000	0.264000	1.320305	1000	0.264000	0.264000	0.293303	
1000	0.292000	1.320305	1000	0.292000	0.292000	0.293301	
1000	0.245000	1.320305	1000	0.245000	0.245000	0.293233	
1000	0.245000	1.320305	1000	0.245000	0.245000	0.293166	
1000	0.214000	1.320305	1000	0.214000	0.214000	0.293055	
1000	0.308000	1.320305	1000	0.308000	0.308000	0.293076	
1000	0.298000	1.320305	1000	0.298000	0.298000	0.293083	
1000	0.284000	1.320305	1000	0.284000	0.284000	0.293071	
1000	0.267000	1.320305	1000	0.267000	0.267000	0.293034	
1000	0.315000	1.320305	1000	0.315000	0.315000	0.293065	
1000	0.303000	1.320305	1000	0.303000	0.303000	0.293079	
1000	0.255000	1.320305	1000	0.255000	0.255000	0.293026	
1000	0.304000	1.320305	1000	0.304000	0.304000	0.293041	
1000	0.273000	1.320305	1000	0.273000	0.273000	0.293013	
1000	0.221000	1.320305	1000	0.221000	0.221000	0.292914	
1000	0.226000	1.320305	1000	0.226000	0.226000	0.292822	
1000	0.318000	1.320305	1000	0.318000	0.318000	0.292857	
1000	0.323000	1.320305	1000	0.323000	0.323000	0.292898	
1000	0.298000	1.320305	1000	0.298000	0.298000	0.292905	
1000	0.283000	1.320305	1000	0.283000	0.283000	0.292892	
1000	0.288000	1.320305	1000	0.288000	0.288000	0.292885	
1000	0.320000	1.320305	1000	0.320000	0.320000	0.292922	
1000	0.287000	1.320305	1000	0.287000	0.287000	0.292914	
1000	0.299000	1.320305	1000	0.299000	0.299000	0.292922	
1000	0.283000	1.320305	1000	0.283000	0.283000	0.292909	
1000	0.324000	1.320305	1000	0.324000	0.324000	0.292951	
1000	0.302000	1.320305	1000	0.302000	0.302000	0.292963	
1000	0.299000	1.320305	1000	0.299000	0.299000	0.292971	
1000	0.278000	1.320305	1000	0.278000	0.278000	0.292951	
1000	0.303000	1.320305	1000	0.303000	0.303000	0.292965	
1000	0.318000	1.320305	1000	0.318000	0.318000	0.292998	
1000	0.304000	1.320305	1000	0.304000	0.304000	0.293013	
1000	0.276000	1.320305	1000	0.276000	0.276000	0.292990	
1000	0.303000	1.320305	1000	0.303000	0.303000	0.293004	
1000	0.295000	1.320305	1000	0.295000	0.295000	0.293006	
1000	0.328000	1.320305	1000	0.328000	0.328000	0.293053	
1000	0.282000	1.320305	1000	0.282000	0.282000	0.293038	
1000	0.259000	1.320305	1000	0.259000	0.259000	0.292993	
1000	0.276000	1.320305	1000	0.276000	0.276000	0.292970	
1000	0.321000	1.320305	1000	0.321000	0.321000	0.293008	
1000	0.326000	1.320305	1000	0.326000	0.326000	0.293051	
1000	0.298000	1.320305	1000	0.298000	0.298000	0.293058	
1000	0.315000	1.320305	1000	0.315000	0.315000	0.293087	
1000	0.313000	1.320305	1000	0.313000	0.313000	0.293114	
1000	0.290000	1.320305	1000	0.290000	0.290000	0.293109	
1000	0.293000	1.320305	1000	0.293000	0.293000	0.293109	
1000	0.286000	1.320305	1000	0.286000	0.286000	0.293100	
1000	0.239000	1.320305	1000	0.239000	0.239000	0.293029	
1000	0.283000	1.320305	1000	0.283000	0.283000	0.293015	
1000	0.296000	1.320305	1000	0.296000	0.296000	0.293019	
1000	0.250000	1.320305	1000	0.250000	0.250000	0.292963	
1000	0.312000	1.320305	1000	0.312000	0.312000	0.292988	
1000	0.285000	1.320305	1000	0.285000	0.285000	0.292977	
1000	0.289000	1.320305	1000	0.289000	0.289000	0.292972	
1000	0.330000	1.320305	1000	0.330000	0.330000	0.293021	
1000	0.276000	1.320305	1000	0.276000	0.276000	0.292998	
1000	0.313000	1.320305	1000	0.313000	0.313000	0.293024	
1000	0.302000	1.320305	1000	0.302000	0.302000	0.293036	
1000	0.305000	1.320305	1000	0.305000	0.305000	0.293052	
1000	0.309000	1.320305	1000	0.309000	0.309000	0.293072	
1000	0.326000	1.320305	1000	0.326000	0.326000	0.293115	
1000	0.277000	1.320305	1000	0.277000	0.277000	0.293094	
1000	0.313000	1.320305	1000	0.313000	0.313000	0.293120	
1000	0.275000	1.320305	1000	0.275000	0.275000	0.293096	
1000	0.275000	1.320305	1000	0.275000	0.275000	0.293073	
1000	0.269000	1.320305	1000	0.269000	0.269000	0.293042	
1000	0.225000	1.320305	1000	0.225000	0.225000	0.292955	
1000	0.226000	1.320305	1000	0.226000	0.226000	0.292869	
1000	0.267000	1.320305	1000	0.267000	0.267000	0.292836	
1000	0.287000	1.320305	1000	0.287000	0.287000	0.292828	
1000	0.287000	1.320305	1000	0.287000	0.287000	0.292821	
1000	0.315000	1.320305	1000	0.315000	0.315000	0.292849	
1000	0.316000	1.320305	1000	0.316000	0.316000	0.292878	
1000	0.294000	1.320305	1000	0.294000	0.294000	0.292880	
1000	0.250000	1.320305	1000	0.250000	0.250000	0.292825	
1000	0.266000	1.320305	1000	0.266000	0.266000	0.292791	
1000	0.313000	1.320305	1000	0.313000	0.313000	0.292817	
1000	0.285000	1.320305	1000	0.285000	0.285000	0.292807	
1000	0.302000	1.320305	1000	0.302000	0.302000	0.292819	
1000	0.269000	1.320305	1000	0.269000	0.269000	0.292789	
1000	0.306000	1.320305	1000	0.306000	0.306000	0.292805	
1000	0.308000	1.320305	1000	0.308000	0.308000	0.292824	
1000	0.289000	1.320305	1000	0.289000	0.289000	0.292820	
1000	0.281000	1.320305	1000	0.281000	0.281000	0.292805	
1000	0.293000	1.320305	1000	0.293000	0.293000	0.292805	
1000	0.318000	1.320305	1000	0.318000	0.318000	0.292837	
1000	0.214000	1.320305	1000	0.214000	0.214000	0.292738	
1000	0.267000	1.320305	1000	0.267000	0.267000	0.292706	
1000	0.240000	1.320305	1000	0.240000	0.240000	0.292640	
1000	0.241000	1.320305	1000	0.241000	0.241000	0.292575	
1000	0.295000	1.320305	1000	0.295000	0.295000	0.292578	
1000	0.312000	1.320305	1000	0.312000	0.312000	0.292602	
1000	0.296000	1.320305	1000	0.296000	0.296000	0.292607	
1000	0.291000	1.320305	1000	0.291000	0.291000	0.292605	
1000	0.291000	1.320305	1000	0.291000	0.291000	0.292603	
1000	0.306000	1.320305	1000	0.306000	0.306000	0.292619	
1000	0.287000	1.320305	1000	0.287000	0.287000	0.292612	
1000	0.320000	1.320305	1000	0.320000	0.320000	0.292646	
1000	0.304000	1.320305	1000	0.304000	0.304000	0.292660	
1000	0.292000	1.320305	1000	0.292000	0.292000	0.292659	
1000	0.280000	1.320305	1000	0.280000	0.280000	0.292644	
1000	0.267000	1.320305	1000	0.267000	0.267000	0.292612	
1000	0.260000	1.320305	1000	0.260000	0.260000	0.292572	
1000	0.274000	1.320305	1000	0.274000	0.274000	0.292549	
1000	0.275000	1.320305	1000	0.275000	0.275000	0.292528	
1000	0.301000	1.320305	1000	0.301000	0.301000	0.292538	
1000	0.305000	1.320305	1000	0.305000	0.305000	0.292553	
1000	0.216000	1.320305	1000	0.216000	0.216000	0.292460	
1000	0.304000	1.320305	1000	0.304000	0.304000	0.292474	
1000	0.288000	1.320305	1000	0.288000	0.288000	0.292469	
1000	0.279000	1.320305	1000	0.279000	0.279000	0.292452	
1000	0.300000	1.320305	1000	0.300000	0.300000	0.292461	
1000	0.277000	1.320305	1000	0.277000	0.277000	0.292443	
1000	0.276000	1.320305	1000	0.276000	0.276000	0.292423	
1000	0.297000	1.320305	1000	0.297000	0.297000	0.292428	
1000	0.302000	1.320305	1000	0.302000	0.302000	0.292440	
1000	0.316000	1.320305	1000	0.316000	0.316000	0.292468	
1000	0.297000	1.320305	1000	0.297000	0.297000	0.292474	
1000	0.293000	1.320305	1000	0.293000	0.293000	0.292474	
1000	0.302000	1.320305	1000	0.302000	0.302000	0.292486	
1000	0.263000	1.320305	1000	0.263000	0.263000	0.292450	
1000	0.277000	1.320305	1000	0.277000	0.277000	0.292432	
1000	0.329000	1.320305	1000	0.329000	0.329000	0.292476	
1000	0.323000	1.320305	1000	0.323000	0.323000	0.292512	
1000	0.302000	1.320305	1000	0.302000	0.302000	0.292524	
1000	0.353000	1.320305	1000	0.353000	0.353000	0.292596	
1000	0.318000	1.320305	1000	0.318000	0.318000	0.292626	
1000	0.281000	1.320305	1000	0.281000	0.281000	0.292612	
1000	0.248000	1.320305	1000	0.248000	0.248000	0.292559	
1000	0.299000	1.320305	1000	0.299000	0.299000	0.292567	
1000	0.288000	1.320305	1000	0.288000	0.288000	0.292561	
1000	0.316000	1.320305	1000	0.316000	0.316000	0.292589	
1000	0.302000	1.320305	1000	0.302000	0.302000	0.292600	
1000	0.300000	1.320305	1000	0.300000	0.300000	0.292609	
1000	0.299000	1.320305	1000	0.299000	0.299000	0.292617	
1000	0.243000	1.320305	1000	0.243000	0.243000	0.292558	
1000	0.261000	1.320305	1000	0.261000	0.261000	0.292521	
1000	0.204000	1.320305	1000	0.204000	0.204000	0.292417	
1000	0.241000	1.320305	1000	0.241000	0.241000	0.292356	
1000	0.288000	1.320305	1000	0.288000	0.288000	0.292351	
1000	0.231000	1.320305	1000	0.231000	0.231000	0.292279	
1000	0.269000	1.320305	1000	0.269000	0.269000	0.292252	
1000	0.267000	1.320305	1000	0.267000	0.267000	0.292222	
1000	0.266000	1.320305	1000	0.266000	0.266000	0.292191	
1000	0.321000	1.320305	1000	0.321000	0.321000	0.292225	
1000	0.298000	1.320305	1000	0.298000	0.298000	0.292232	
1000	0.208000	1.320305	1000	0.208000	0.208000	0.292134	
1000	0.280000	1.320305	1000	0.280000	0.280000	0.292120	
1000	0.304000	1.320305	1000	0.304000	0.304000	0.292133	
1000	0.281000	1.320305	1000	0.281000	0.281000	0.292120	
1000	0.227000	1.320305	1000	0.227000	0.227000	0.292045	
1000	0.238000	1.320305	1000	0.238000	0.238000	0.291982	
1000	0.297000	1.320305	1000	0.297000	0.297000	0.291988	
1000	0.282000	1.320305	1000	0.282000	0.282000	0.291977	
1000	0.286000	1.320305	1000	0.286000	0.286000	0.291970	
1000	0.302000	1.320305	1000	0.302000	0.302000	0.291981	
1000	0.306000	1.320305	1000	0.306000	0.306000	0.291997	
1000	0.282000	1.320305	1000	0.282000	0.282000	0.291986	
1000	0.274000	1.320305	1000	0.274000	0.274000	0.291965	
1000	0.211000	1.320305	1000	0.211000	0.211000	0.291872	
1000	0.257000	1.320305	1000	0.257000	0.257000	0.291832	
1000	0.238000	1.320305	1000	0.238000	0.238000	0.291771	
1000	0.303000	1.320305	1000	0.303000	0.303000	0.291783	
1000	0.324000	1.320305	1000	0.324000	0.324000	0.291820	
1000	0.294000	1.320305	1000	0.294000	0.294000	0.291823	
1000	0.306000	1.320305	1000	0.306000	0.306000	0.291839	
1000	0.285000	1.320305	1000	0.285000	0.285000	0.291831	
1000	0.263000	1.320305	1000	0.263000	0.263000	0.291798	
1000	0.293000	1.320305	1000	0.293000	0.293000	0.291800	
1000	0.313000	1.320305	1000	0.313000	0.313000	0.291824	
1000	0.321000	1.320305	1000	0.321000	0.321000	0.291857	
1000	0.291000	1.320305	1000	0.291000	0.291000	0.291856	
1000	0.314000	1.320305	1000	0.314000	0.314000	0.291881	
1000	0.309000	1.320305	1000	0.309000	0.309000	0.291900	
1000	0.278000	1.320305	1000	0.278000	0.278000	0.291885	
1000	0.283000	1.320305	1000	0.283000	0.283000	0.291875	
1000	0.224000	1.320305	1000	0.224000	0.224000	0.291798	
1000	0.247000	1.320305	1000	0.247000	0.247000	0.291748	
1000	0.311000	1.320305	1000	0.311000	0.311000	0.291769	
1000	0.316000	1.320305	1000	0.316000	0.316000	0.291797	
1000	0.322000	1.320305	1000	0.322000	0.322000	0.291830	
1000	0.274000	1.320305	1000	0.274000	0.274000	0.291810	
1000	0.295000	1.320305	1000	0.295000	0.295000	0.291814	
1000	0.285000	1.320305	1000	0.285000	0.285000	0.291806	
1000	0.284000	1.320305	1000	0.284000	0.284000	0.291798	
1000	0.317000	1.320305	1000	0.317000	0.317000	0.291826	
1000	0.289000	1.320305	1000	0.289000	0.289000	0.291823	
1000	0.288000	1.320305	1000	0.288000	0.288000	0.291818	
1000	0.268000	1.320305	1000	0.268000	0.268000	0.291792	
1000	0.303000	1.320305	1000	0.303000	0.303000	0.291804	
1000	0.311000	1.320305	1000	0.311000	0.311000	0.291826	
1000	0.297000	1.320305	1000	0.297000	0.297000	0.291831	
1000	0.279000	1.320305	1000	0.279000	0.279000	0.291817	
1000	0.238000	1.320305	1000	0.238000	0.238000	0.291758	
1000	0.302000	1.320305	1000	0.302000	0.302000	0.291769	
1000	0.304000	1.320305	1000	0.304000	0.304000	0.291782	
1000	0.284000	1.320305	1000	0.284000	0.284000	0.291774	
1000	0.248000	1.320305	1000	0.248000	0.248000	0.291726	
1000	0.311000	1.320305	1000	0.311000	0.311000	0.291747	
1000	0.336000	1.320305	1000	0.336000	0.336000	0.291796	
1000	0.306000	1.320305	1000	0.306000	0.306000	0.291811	
1000	0.306000	1.320305	1000	0.306000	0.306000	0.291827	
1000	0.296000	1.320305	1000	0.296000	0.296000	0.291831	
1000	0.288000	1.320305	1000	0.288000	0.288000	0.291827	
1000	0.290000	1.320305	1000	0.290000	0.290000	0.291825	
1000	0.310000	1.320305	1000	0.310000	0.310000	0.291845	
1000	0.306000	1.320305	1000	0.306000	0.306000	0.291860	
1000	0.286000	1.320305	1000	0.286000	0.286000	0.291854	
1000	0.288000	1.320305	1000	0.288000	0.288000	0.291850	
1000	0.239000	1.320305	1000	0.239000	0.239000	0.291792	
1000	0.303000	1.320305	1000	0.303000	0.303000	0.291804	
1000	0.317000	1.320305	1000	0.317000	0.317000	0.291832	
1000	0.274000	1.320305	1000	0.274000	0.274000	0.291812	
1000	0.310000	1.320305	1000	0.310000	0.310000	0.291832	
1000	0.307000	1.320305	1000	0.307000	0.307000	0.291848	
1000	0.311000	1.320305	1000	0.311000	0.311000	0.291869	
1000	0.302000	1.320305	1000	0.302000	0.302000	0.291880	
1000	0.319000	1.320305	1000	0.319000	0.319000	0.291909	
1000	0.322000	1.320305	1000	0.322000	0.322000	0.291942	
1000	0.294000	1.320305	1000	0.294000	0.294000	0.291944	
1000	0.278000	1.320305	1000	0.278000	0.278000	0.291929	
1000	0.267000	1.320305	1000	0.267000	0.267000	0.291902	
1000	0.303000	1.320305	1000	0.303000	0.303000	0.291914	
1000	0.327000	1.320305	1000	0.327000	0.327000	0.291952	
1000	0.301000	1.320305	1000	0.301000	0.301000	0.291961	
1000	0.289000	1.320305	1000	0.289000	0.289000	0.291958	
1000	0.245000	1.320305	1000	0.245000	0.245000	0.291908	
1000	0.274000	1.320305	1000	0.274000	0.274000	0.291889	
1000	0.314000	1.320305	1000	0.314000	0.314000	0.291912	
1000	0.310000	1.320305	1000	0.310000	0.310000	0.291932	
1000	0.316000	1.320305	1000	0.316000	0.316000	0.291957	
1000	0.335000	1.320305	1000	0.335000	0.335000	0.292003	
1000	0.343000	1.320305	1000	0.343000	0.343000	0.292057	
1000	0.301000	1.320305	1000	0.301000	0.301000	0.292066	
1000	0.286000	1.320305	1000	0.286000	0.286000	0.292060	
1000	0.300000	1.320305	1000	0.300000	0.300000	0.292068	
1000	0.299000	1.320305	1000	0.299000	0.299000	0.292076	
1000	0.286000	1.320305	1000	0.286000	0.286000	0.292069	
1000	0.269000	1.320305	1000	0.269000	0.269000	0.292045	
1000	0.316000	1.320305	1000	0.316000	0.316000	0.292070	
1000	0.261000	1.320305	1000	0.261000	0.261000	0.292038	
1000	0.211000	1.320305	1000	0.211000	0.211000	0.291952	
1000	0.247000	1.320305	1000	0.247000	0.247000	0.291905	
1000	0.292000	1.320305	1000	0.292000	0.292000	0.291905	
1000	0.309000	1.320305	1000	0.309000	0.309000	0.291923	
1000	0.293000	1.320305	1000	0.293000	0.293000	0.291924	
1000	0.307000	1.320305	1000	0.307000	0.307000	0.291940	
1000	0.306000	1.320305	1000	0.306000	0.306000	0.291955	
1000	0.309000	1.320305	1000	0.309000	0.309000	0.291973	
1000	0.305000	1.320305	1000	0.305000	0.305000	0.291986	
1000	0.315000	1.320305	1000	0.315000	0.315000	0.292010	
1000	0.301000	1.320305	1000	0.301000	0.301000	0.292019	
1000	0.329000	1.320305	1000	0.329000	0.329000	0.292058	
1000	0.315000	1.320305	1000	0.315000	0.315000	0.292082	
1000	0.305000	1.320305	1000	0.305000	0.305000	0.292095	
1000	0.303000	1.320305	1000	0.303000	0.303000	0.292106	
1000	0.264000	1.320305	1000	0.264000	0.264000	0.292077	
1000	0.277000	1.320305	1000	0.277000	0.277000	0.292062	
1000	0.285000	1.320305	1000	0.285000	0.285000	0.292054	
1000	0.312000	1.320305	1000	0.312000	0.312000	0.292075	
1000	0.282000	1.320305	1000	0.282000	0.282000	0.292065	
1000	0.282000	1.320305	1000	0.282000	0.282000	0.292054	
1000	0.273000	1.320305	1000	0.273000	0.273000	0.292035	
1000	0.298000	1.320305	1000	0.298000	0.298000	0.292041	
1000	0.300000	1.320305	1000	0.300000	0.300000	0.292049	
1000	0.303000	1.320305	1000	0.303000	0.303000	0.292060	
1000	0.232000	1.320305	1000	0.232000	0.232000	0.291999	
1000	0.232000	1.320305	1000	0.232000	0.232000	0.291937	
1000	0.240000	1.320305	1000	0.240000	0.240000	0.291884	
1000	0.289000	1.320305	1000	0.289000	0.289000	0.291881	
1000	0.298000	1.320305	1000	0.298000	0.298000	0.291888	
1000	0.263000	1.320305	1000	0.263000	0.263000	0.291858	
1000	0.285000	1.320305	1000	0.285000	0.285000	0.291851	
1000	0.319000	1.320305	1000	0.319000	0.319000	0.291879	
1000	0.315000	1.320305	1000	0.315000	0.315000	0.291902	
1000	0.319000	1.320305	1000	0.319000	0.319000	0.291930	
1000	0.305000	1.320305	1000	0.305000	0.305000	0.291943	
1000	0.306000	1.320305	1000	0.306000	0.306000	0.291957	
1000	0.320000	1.320305	1000	0.320000	0.320000	0.291986	
1000	0.264000	1.320305	1000	0.264000	0.264000	0.291957	
1000	0.329000	1.320305	1000	0.329000	0.329000	0.291995	
1000	0.294000	1.320305	1000	0.294000	0.294000	0.291997	
1000	0.289000	1.320305	1000	0.289000	0.289000	0.291994	
1000	0.317000	1.320305	1000	0.317000	0.317000	0.292019	
1000	0.322000	1.320305	1000	0.322000	0.322000	0.292049	
1000	0.321000	1.320305	1000	0.321000	0.321000	0.292078	
1000	0.312000	1.320305	1000	0.312000	0.312000	0.292098	
1000	0.314000	1.320305	1000	0.314000	0.314000	0.292120	
1000	0.327000	1.320305	1000	0.327000	0.327000	0.292155	
1000	0.325000	1.320305	1000	0.325000	0.325000	0.292188	
1000	0.308000	1.320305	1000	0.308000	0.308000	0.292203	
1000	0.323000	1.320305	1000	0.323000	0.323000	0.292234	
1000	0.304000	1.320305	1000	0.304000	0.304000	0.292246	
1000	0.351000	1.320305	1000	0.351000	0.351000	0.292304	
1000	0.308000	1.320305	1000	0.308000	0.308000	0.292320	
1000	0.277000	1.320305	1000	0.277000	0.277000	0.292305	
1000	0.271000	1.320305	1000	0.271000	0.271000	0.292283	
1000	0.298000	1.320305	1000	0.298000	0.298000	0.292289	
1000	0.260000	1.320305	1000	0.260000	0.260000	0.292257	
