Default schedule
Rate	100.00
Rate Tried	% Accepted	Rates - Dev	Rates - Tried	Rates - Accepted	Sample Ave Acceptance	Total Ave Acceptance	
1000	0.346000	1.128383	1000	0.346000	0.346000	0.254431	
1000	0.369000	1.128383	1000	0.369000	0.369000	0.263978	
1000	0.333000	1.128383	1000	0.333000	0.333000	0.269287	
1000	0.414000	1.128383	1000	0.414000	0.414000	0.279623	
1000	0.111000	2.150964	1000	0.111000	0.111000	0.268382	
1000	0.230000	1.612323	1000	0.230000	0.230000	0.265983	
1000	0.243000	1.612323	1000	0.243000	0.243000	0.264631	
1000	0.223000	1.612323	1000	0.223000	0.223000	0.262319	
1000	0.200000	1.612323	1000	0.200000	0.200000	0.259039	
1000	0.223000	1.612323	1000	0.223000	0.223000	0.257237	
1000	0.206000	1.612323	1000	0.206000	0.206000	0.254797	
1000	0.215000	1.612323	1000	0.215000	0.215000	0.252989	
1000	0.201000	1.612323	1000	0.201000	0.201000	0.250728	
1000	0.212000	1.612323	1000	0.212000	0.212000	0.249115	
1000	0.201000	1.612323	1000	0.201000	0.201000	0.247190	
1000	0.205000	1.612323	1000	0.205000	0.205000	0.245567	
1000	0.221000	1.612323	1000	0.221000	0.221000	0.244658	
1000	0.193000	1.612323	1000	0.193000	0.193000	0.242813	
1000	0.251000	1.413949	1000	0.251000	0.251000	0.243095	
1000	0.274000	1.413949	1000	0.274000	0.274000	0.244125	
1000	0.281000	1.413949	1000	0.281000	0.281000	0.245315	
1000	0.277000	1.413949	1000	0.277000	0.277000	0.246305	
1000	0.288000	1.413949	1000	0.288000	0.288000	0.247568	
1000	0.256000	1.413949	1000	0.256000	0.256000	0.247816	
1000	0.270000	1.413949	1000	0.270000	0.270000	0.248450	
1000	0.242000	1.413949	1000	0.242000	0.242000	0.248271	
1000	0.257000	1.413949	1000	0.257000	0.257000	0.248507	
1000	0.266000	1.413949	1000	0.266000	0.266000	0.248967	
1000	0.249000	1.413949	1000	0.249000	0.249000	0.248968	
1000	0.299000	1.413949	1000	0.299000	0.299000	0.250219	
1000	0.281000	1.413949	1000	0.281000	0.281000	0.250969	
1000	0.272000	1.413949	1000	0.272000	0.272000	0.251470	
1000	0.277000	1.413949	1000	0.277000	0.277000	0.252064	
1000	0.259000	1.413949	1000	0.259000	0.259000	0.252222	
1000	0.273000	1.413949	1000	0.273000	0.273000	0.252683	
1000	0.263000	1.413949	1000	0.263000	0.263000	0.252908	
1000	0.295000	1.413949	1000	0.295000	0.295000	0.253803	
1000	0.268000	1.413949	1000	0.268000	0.268000	0.254099	
1000	0.243000	1.413949	1000	0.243000	0.243000	0.253872	
1000	0.236000	1.413949	1000	0.236000	0.236000	0.253515	
1000	0.276000	1.413949	1000	0.276000	0.276000	0.253956	
1000	0.249000	1.413949	1000	0.249000	0.249000	0.253861	
1000	0.266000	1.413949	1000	0.266000	0.266000	0.254090	
1000	0.263000	1.413949	1000	0.263000	0.263000	0.254255	
1000	0.268000	1.413949	1000	0.268000	0.268000	0.254504	
1000	0.251000	1.413949	1000	0.251000	0.251000	0.254442	
1000	0.279000	1.413949	1000	0.279000	0.279000	0.254873	
1000	0.262000	1.413949	1000	0.262000	0.262000	0.254996	
1000	0.241000	1.413949	1000	0.241000	0.241000	0.254758	
1000	0.259000	1.413949	1000	0.259000	0.259000	0.254829	
1000	0.254000	1.413949	1000	0.254000	0.254000	0.254815	
1000	0.273000	1.413949	1000	0.273000	0.273000	0.255109	
1000	0.200000	1.413949	1000	0.200000	0.200000	0.254234	
1000	0.265000	1.413949	1000	0.265000	0.265000	0.254402	
1000	0.266000	1.413949	1000	0.266000	0.266000	0.254581	
1000	0.280000	1.413949	1000	0.280000	0.280000	0.254966	
1000	0.265000	1.413949	1000	0.265000	0.265000	0.255116	
1000	0.288000	1.413949	1000	0.288000	0.288000	0.255599	
1000	0.270000	1.413949	1000	0.270000	0.270000	0.255808	
1000	0.306000	1.413949	1000	0.306000	0.306000	0.256525	
1000	0.266000	1.413949	1000	0.266000	0.266000	0.256658	
1000	0.254000	1.413949	1000	0.254000	0.254000	0.256621	
1000	0.299000	1.413949	1000	0.299000	0.299000	0.257202	
1000	0.282000	1.413949	1000	0.282000	0.282000	0.257537	
1000	0.279000	1.413949	1000	0.279000	0.279000	0.257823	
1000	0.262000	1.413949	1000	0.262000	0.262000	0.257878	
1000	0.252000	1.413949	1000	0.252000	0.252000	0.257802	
1000	0.293000	1.413949	1000	0.293000	0.293000	0.258253	
1000	0.268000	1.413949	1000	0.268000	0.268000	0.258376	
1000	0.311000	1.413949	1000	0.311000	0.311000	0.259034	
1000	0.286000	1.413949	1000	0.286000	0.286000	0.259367	
1000	0.290000	1.413949	1000	0.290000	0.290000	0.259741	
1000	0.266000	1.413949	1000	0.266000	0.266000	0.259816	
1000	0.252000	1.413949	1000	0.252000	0.252000	0.259723	
1000	0.259000	1.413949	1000	0.259000	0.259000	0.259715	
1000	0.251000	1.413949	1000	0.251000	0.251000	0.259613	
1000	0.225000	1.413949	1000	0.225000	0.225000	0.259215	
1000	0.255000	1.413949	1000	0.255000	0.255000	0.259168	
1000	0.274000	1.413949	1000	0.274000	0.274000	0.259334	
1000	0.243000	1.413949	1000	0.243000	0.243000	0.259153	
1000	0.277000	1.413949	1000	0.277000	0.277000	0.259349	
1000	0.278000	1.413949	1000	0.278000	0.278000	0.259552	
1000	0.264000	1.413949	1000	0.264000	0.264000	0.259599	
1000	0.248000	1.413949	1000	0.248000	0.248000	0.259476	
1000	0.282000	1.413949	1000	0.282000	0.282000	0.259713	
1000	0.276000	1.413949	1000	0.276000	0.276000	0.259883	
1000	0.259000	1.413949	1000	0.259000	0.259000	0.259874	
1000	0.246000	1.413949	1000	0.246000	0.246000	0.259732	
1000	0.249000	1.413949	1000	0.249000	0.249000	0.259624	
1000	0.276000	1.413949	1000	0.276000	0.276000	0.259787	
1000	0.247000	1.413949	1000	0.247000	0.247000	0.259661	
1000	0.285000	1.413949	1000	0.285000	0.285000	0.259909	
1000	0.272000	1.413949	1000	0.272000	0.272000	0.260027	
1000	0.246000	1.413949	1000	0.246000	0.246000	0.259892	
1000	0.254000	1.413949	1000	0.254000	0.254000	0.259836	
1000	0.287000	1.413949	1000	0.287000	0.287000	0.260092	
1000	0.286000	1.413949	1000	0.286000	0.286000	0.260334	
1000	0.288000	1.413949	1000	0.288000	0.288000	0.260590	
1000	0.268000	1.413949	1000	0.268000	0.268000	0.260658	
1000	0.289000	1.413949	1000	0.289000	0.289000	0.260916	
1000	0.282000	1.413949	1000	0.282000	0.282000	0.261106	
1000	0.283000	1.413949	1000	0.283000	0.283000	0.261301	
1000	0.264000	1.413949	1000	0.264000	0.264000	0.261325	
1000	0.254000	1.413949	1000	0.254000	0.254000	0.261261	
1000	0.254000	1.413949	1000	0.254000	0.254000	0.261198	
1000	0.223000	1.413949	1000	0.223000	0.223000	0.260868	
1000	0.279000	1.413949	1000	0.279000	0.279000	0.261023	
1000	0.276000	1.413949	1000	0.276000	0.276000	0.261150	
1000	0.289000	1.413949	1000	0.289000	0.289000	0.261384	
1000	0.261000	1.413949	1000	0.261000	0.261000	0.261381	
1000	0.266000	1.413949	1000	0.266000	0.266000	0.261419	
1000	0.297000	1.413949	1000	0.297000	0.297000	0.261711	
1000	0.291000	1.413949	1000	0.291000	0.291000	0.261949	
1000	0.263000	1.413949	1000	0.263000	0.263000	0.261958	
1000	0.250000	1.413949	1000	0.250000	0.250000	0.261862	
1000	0.267000	1.413949	1000	0.267000	0.267000	0.261903	
1000	0.259000	1.413949	1000	0.259000	0.259000	0.261880	
1000	0.272000	1.413949	1000	0.272000	0.272000	0.261959	
1000	0.262000	1.413949	1000	0.262000	0.262000	0.261959	
1000	0.233000	1.413949	1000	0.233000	0.233000	0.261736	
1000	0.256000	1.413949	1000	0.256000	0.256000	0.261693	
1000	0.293000	1.413949	1000	0.293000	0.293000	0.261930	
1000	0.286000	1.413949	1000	0.286000	0.286000	0.262111	
1000	0.257000	1.413949	1000	0.257000	0.257000	0.262073	
1000	0.250000	1.413949	1000	0.250000	0.250000	0.261983	
1000	0.262000	1.413949	1000	0.262000	0.262000	0.261983	
1000	0.268000	1.413949	1000	0.268000	0.268000	0.262027	
1000	0.252000	1.413949	1000	0.252000	0.252000	0.261955	
1000	0.251000	1.413949	1000	0.251000	0.251000	0.261876	
1000	0.273000	1.413949	1000	0.273000	0.273000	0.261955	
1000	0.292000	1.413949	1000	0.292000	0.292000	0.262168	
1000	0.279000	1.413949	1000	0.279000	0.279000	0.262287	
1000	0.249000	1.413949	1000	0.249000	0.249000	0.262194	
1000	0.256000	1.413949	1000	0.256000	0.256000	0.262151	
1000	0.249000	1.413949	1000	0.249000	0.249000	0.262060	
1000	0.249000	1.413949	1000	0.249000	0.249000	0.261971	
1000	0.288000	1.413949	1000	0.288000	0.288000	0.262148	
1000	0.237000	1.413949	1000	0.237000	0.237000	0.261978	
1000	0.249000	1.413949	1000	0.249000	0.249000	0.261891	
1000	0.240000	1.413949	1000	0.240000	0.240000	0.261745	
1000	0.262000	1.413949	1000	0.262000	0.262000	0.261747	
1000	0.272000	1.413949	1000	0.272000	0.272000	0.261814	
1000	0.302000	1.413949	1000	0.302000	0.302000	0.262077	
1000	0.279000	1.413949	1000	0.279000	0.279000	0.262187	
1000	0.265000	1.413949	1000	0.265000	0.265000	0.262205	
1000	0.272000	1.413949	1000	0.272000	0.272000	0.262268	
1000	0.281000	1.413949	1000	0.281000	0.281000	0.262387	
1000	0.227000	1.413949	1000	0.227000	0.227000	0.262163	
1000	0.260000	1.413949	1000	0.260000	0.260000	0.262149	
1000	0.236000	1.413949	1000	0.236000	0.236000	0.261986	
1000	0.224000	1.413949	1000	0.224000	0.224000	0.261750	
1000	0.245000	1.413949	1000	0.245000	0.245000	0.261647	
1000	0.290000	1.413949	1000	0.290000	0.290000	0.261820	
1000	0.257000	1.413949	1000	0.257000	0.257000	0.261791	
1000	0.259000	1.413949	1000	0.259000	0.259000	0.261774	
1000	0.249000	1.413949	1000	0.249000	0.249000	0.261697	
1000	0.263000	1.413949	1000	0.263000	0.263000	0.261705	
1000	0.271000	1.413949	1000	0.271000	0.271000	0.261760	
1000	0.277000	1.413949	1000	0.277000	0.277000	0.261851	
1000	0.256000	1.413949	1000	0.256000	0.256000	0.261816	
1000	0.270000	1.413949	1000	0.270000	0.270000	0.261864	
1000	0.274000	1.413949	1000	0.274000	0.274000	0.261935	
1000	0.292000	1.413949	1000	0.292000	0.292000	0.262108	
1000	0.277000	1.413949	1000	0.277000	0.277000	0.262194	
1000	0.280000	1.413949	1000	0.280000	0.280000	0.262296	
1000	0.265000	1.413949	1000	0.265000	0.265000	0.262311	
1000	0.274000	1.413949	1000	0.274000	0.274000	0.262377	
1000	0.285000	1.413949	1000	0.285000	0.285000	0.262504	
1000	0.267000	1.413949	1000	0.267000	0.267000	0.262529	
1000	0.265000	1.413949	1000	0.265000	0.265000	0.262543	
1000	0.258000	1.413949	1000	0.258000	0.258000	0.262518	
1000	0.259000	1.413949	1000	0.259000	0.259000	0.262499	
1000	0.279000	1.413949	1000	0.279000	0.279000	0.262589	
1000	0.265000	1.413949	1000	0.265000	0.265000	0.262602	
1000	0.251000	1.413949	1000	0.251000	0.251000	0.262539	
1000	0.264000	1.413949	1000	0.264000	0.264000	0.262547	
1000	0.285000	1.413949	1000	0.285000	0.285000	0.262667	
1000	0.293000	1.413949	1000	0.293000	0.293000	0.262828	
1000	0.262000	1.413949	1000	0.262000	0.262000	0.262824	
1000	0.285000	1.413949	1000	0.285000	0.285000	0.262941	
1000	0.278000	1.413949	1000	0.278000	0.278000	0.263020	
1000	0.258000	1.413949	1000	0.258000	0.258000	0.262993	
1000	0.261000	1.413949	1000	0.261000	0.261000	0.262983	
1000	0.291000	1.413949	1000	0.291000	0.291000	0.263128	
1000	0.271000	1.413949	1000	0.271000	0.271000	0.263168	
1000	0.285000	1.413949	1000	0.285000	0.285000	0.263279	
1000	0.277000	1.413949	1000	0.277000	0.277000	0.263349	
1000	0.240000	1.413949	1000	0.240000	0.240000	0.263231	
1000	0.263000	1.413949	1000	0.263000	0.263000	0.263230	
1000	0.239000	1.413949	1000	0.239000	0.239000	0.263109	
1000	0.275000	1.413949	1000	0.275000	0.275000	0.263168	
1000	0.240000	1.413949	1000	0.240000	0.240000	0.263053	
1000	0.269000	1.413949	1000	0.269000	0.269000	0.263082	
1000	0.277000	1.413949	1000	0.277000	0.277000	0.263151	
1000	0.248000	1.413949	1000	0.248000	0.248000	0.263077	
1000	0.248000	1.413949	1000	0.248000	0.248000	0.263004	
1000	0.251000	1.413949	1000	0.251000	0.251000	0.262946	
1000	0.260000	1.413949	1000	0.260000	0.260000	0.262931	
1000	0.283000	1.413949	1000	0.283000	0.283000	0.263027	
1000	0.257000	1.413949	1000	0.257000	0.257000	0.262999	
1000	0.244000	1.413949	1000	0.244000	0.244000	0.262909	
1000	0.250000	1.413949	1000	0.250000	0.250000	0.262848	
1000	0.239000	1.413949	1000	0.239000	0.239000	0.262736	
1000	0.259000	1.413949	1000	0.259000	0.259000	0.262718	
1000	0.264000	1.413949	1000	0.264000	0.264000	0.262724	
1000	0.266000	1.413949	1000	0.266000	0.266000	0.262740	
1000	0.281000	1.413949	1000	0.281000	0.281000	0.262824	
1000	0.228000	1.413949	1000	0.228000	0.228000	0.262664	
1000	0.290000	1.413949	1000	0.290000	0.290000	0.262789	
1000	0.274000	1.413949	1000	0.274000	0.274000	0.262840	
1000	0.254000	1.413949	1000	0.254000	0.254000	0.262800	
1000	0.262000	1.413949	1000	0.262000	0.262000	0.262796	
1000	0.265000	1.413949	1000	0.265000	0.265000	0.262806	
1000	0.259000	1.413949	1000	0.259000	0.259000	0.262789	
1000	0.281000	1.413949	1000	0.281000	0.281000	0.262870	
1000	0.289000	1.413949	1000	0.289000	0.289000	0.262986	
1000	0.274000	1.413949	1000	0.274000	0.274000	0.263034	
1000	0.242000	1.413949	1000	0.242000	0.242000	0.262942	
1000	0.281000	1.413949	1000	0.281000	0.281000	0.263021	
1000	0.272000	1.413949	1000	0.272000	0.272000	0.263060	
1000	0.269000	1.413949	1000	0.269000	0.269000	0.263085	
1000	0.270000	1.413949	1000	0.270000	0.270000	0.263115	
1000	0.252000	1.413949	1000	0.252000	0.252000	0.263068	
1000	0.274000	1.413949	1000	0.274000	0.274000	0.263114	
1000	0.291000	1.413949	1000	0.291000	0.291000	0.263233	
1000	0.250000	1.413949	1000	0.250000	0.250000	0.263177	
1000	0.281000	1.413949	1000	0.281000	0.281000	0.263252	
1000	0.258000	1.413949	1000	0.258000	0.258000	0.263230	
1000	0.262000	1.413949	1000	0.262000	0.262000	0.263225	
1000	0.235000	1.413949	1000	0.235000	0.235000	0.263107	
1000	0.282000	1.413949	1000	0.282000	0.282000	0.263186	
1000	0.292000	1.413949	1000	0.292000	0.292000	0.263305	
1000	0.252000	1.413949	1000	0.252000	0.252000	0.263258	
1000	0.254000	1.413949	1000	0.254000	0.254000	0.263220	
1000	0.266000	1.413949	1000	0.266000	0.266000	0.263232	
1000	0.279000	1.413949	1000	0.279000	0.279000	0.263296	
1000	0.294000	1.413949	1000	0.294000	0.294000	0.263420	
1000	0.287000	1.413949	1000	0.287000	0.287000	0.263515	
1000	0.256000	1.413949	1000	0.256000	0.256000	0.263485	
1000	0.271000	1.413949	1000	0.271000	0.271000	0.263515	
1000	0.229000	1.413949	1000	0.229000	0.229000	0.263377	
1000	0.259000	1.413949	1000	0.259000	0.259000	0.263360	
1000	0.262000	1.413949	1000	0.262000	0.262000	0.263355	
1000	0.264000	1.413949	1000	0.264000	0.264000	0.263357	
1000	0.242000	1.413949	1000	0.242000	0.242000	0.263273	
1000	0.237000	1.413949	1000	0.237000	0.237000	0.263171	
1000	0.246000	1.413949	1000	0.246000	0.246000	0.263104	
1000	0.265000	1.413949	1000	0.265000	0.265000	0.263111	
1000	0.280000	1.413949	1000	0.280000	0.280000	0.263177	
1000	0.295000	1.413949	1000	0.295000	0.295000	0.263299	
1000	0.278000	1.413949	1000	0.278000	0.278000	0.263355	
1000	0.252000	1.413949	1000	0.252000	0.252000	0.263312	
1000	0.269000	1.413949	1000	0.269000	0.269000	0.263334	
1000	0.285000	1.413949	1000	0.285000	0.285000	0.263416	
1000	0.272000	1.413949	1000	0.272000	0.272000	0.263448	
1000	0.276000	1.413949	1000	0.276000	0.276000	0.263495	
1000	0.273000	1.413949	1000	0.273000	0.273000	0.263531	
1000	0.266000	1.413949	1000	0.266000	0.266000	0.263540	
1000	0.289000	1.413949	1000	0.289000	0.289000	0.263635	
1000	0.237000	1.413949	1000	0.237000	0.237000	0.263536	
1000	0.259000	1.413949	1000	0.259000	0.259000	0.263519	
1000	0.291000	1.413949	1000	0.291000	0.291000	0.263620	
1000	0.259000	1.413949	1000	0.259000	0.259000	0.263603	
1000	0.281000	1.413949	1000	0.281000	0.281000	0.263667	
1000	0.249000	1.413949	1000	0.249000	0.249000	0.263614	
1000	0.294000	1.413949	1000	0.294000	0.294000	0.263724	
1000	0.256000	1.413949	1000	0.256000	0.256000	0.263696	
1000	0.269000	1.413949	1000	0.269000	0.269000	0.263715	
1000	0.274000	1.413949	1000	0.274000	0.274000	0.263752	
1000	0.287000	1.413949	1000	0.287000	0.287000	0.263835	
1000	0.256000	1.413949	1000	0.256000	0.256000	0.263807	
1000	0.284000	1.413949	1000	0.284000	0.284000	0.263878	
1000	0.260000	1.413949	1000	0.260000	0.260000	0.263865	
1000	0.257000	1.413949	1000	0.257000	0.257000	0.263841	
1000	0.259000	1.413949	1000	0.259000	0.259000	0.263824	
1000	0.255000	1.413949	1000	0.255000	0.255000	0.263793	
1000	0.262000	1.413949	1000	0.262000	0.262000	0.263787	
1000	0.294000	1.413949	1000	0.294000	0.294000	0.263891	
1000	0.220000	1.413949	1000	0.220000	0.220000	0.263740	
1000	0.245000	1.413949	1000	0.245000	0.245000	0.263675	
1000	0.262000	1.413949	1000	0.262000	0.262000	0.263669	
1000	0.299000	1.413949	1000	0.299000	0.299000	0.263790	
1000	0.261000	1.413949	1000	0.261000	0.261000	0.263781	
1000	0.247000	1.413949	1000	0.247000	0.247000	0.263724	
1000	0.266000	1.413949	1000	0.266000	0.266000	0.263731	
1000	0.277000	1.413949	1000	0.277000	0.277000	0.263776	
1000	0.275000	1.413949	1000	0.275000	0.275000	0.263814	
1000	0.266000	1.413949	1000	0.266000	0.266000	0.263821	
1000	0.266000	1.413949	1000	0.266000	0.266000	0.263829	
1000	0.269000	1.413949	1000	0.269000	0.269000	0.263846	
1000	0.288000	1.413949	1000	0.288000	0.288000	0.263926	
1000	0.290000	1.413949	1000	0.290000	0.290000	0.264012	
1000	0.234000	1.413949	1000	0.234000	0.234000	0.263913	
1000	0.259000	1.413949	1000	0.259000	0.259000	0.263897	
1000	0.256000	1.413949	1000	0.256000	0.256000	0.263871	
1000	0.279000	1.413949	1000	0.279000	0.279000	0.263921	
1000	0.303000	1.413949	1000	0.303000	0.303000	0.264048	
1000	0.235000	1.413949	1000	0.235000	0.235000	0.263954	
1000	0.251000	1.413949	1000	0.251000	0.251000	0.263912	
1000	0.246000	1.413949	1000	0.246000	0.246000	0.263854	
1000	0.263000	1.413949	1000	0.263000	0.263000	0.263851	
1000	0.278000	1.413949	1000	0.278000	0.278000	0.263897	
1000	0.259000	1.413949	1000	0.259000	0.259000	0.263881	
1000	0.272000	1.413949	1000	0.272000	0.272000	0.263907	
1000	0.258000	1.413949	1000	0.258000	0.258000	0.263888	
1000	0.271000	1.413949	1000	0.271000	0.271000	0.263911	
1000	0.270000	1.413949	1000	0.270000	0.270000	0.263930	
1000	0.296000	1.413949	1000	0.296000	0.296000	0.264031	
1000	0.308000	1.413949	1000	0.308000	0.308000	0.264168	
1000	0.259000	1.413949	1000	0.259000	0.259000	0.264152	
1000	0.266000	1.413949	1000	0.266000	0.266000	0.264158	
1000	0.274000	1.413949	1000	0.274000	0.274000	0.264189	
1000	0.271000	1.413949	1000	0.271000	0.271000	0.264210	
1000	0.275000	1.413949	1000	0.275000	0.275000	0.264243	
1000	0.283000	1.413949	1000	0.283000	0.283000	0.264301	
1000	0.264000	1.413949	1000	0.264000	0.264000	0.264300	
1000	0.307000	1.413949	1000	0.307000	0.307000	0.264430	
1000	0.253000	1.413949	1000	0.253000	0.253000	0.264396	
1000	0.305000	1.413949	1000	0.305000	0.305000	0.264519	
1000	0.288000	1.413949	1000	0.288000	0.288000	0.264590	
1000	0.281000	1.413949	1000	0.281000	0.281000	0.264640	
1000	0.253000	1.413949	1000	0.253000	0.253000	0.264605	
1000	0.253000	1.413949	1000	0.253000	0.253000	0.264570	
1000	0.267000	1.413949	1000	0.267000	0.267000	0.264577	
1000	0.249000	1.413949	1000	0.249000	0.249000	0.264531	
1000	0.242000	1.413949	1000	0.242000	0.242000	0.264463	
1000	0.261000	1.413949	1000	0.261000	0.261000	0.264453	
1000	0.264000	1.413949	1000	0.264000	0.264000	0.264452	
1000	0.269000	1.413949	1000	0.269000	0.269000	0.264465	
1000	0.263000	1.413949	1000	0.263000	0.263000	0.264461	
1000	0.289000	1.413949	1000	0.289000	0.289000	0.264533	
1000	0.285000	1.413949	1000	0.285000	0.285000	0.264593	
1000	0.273000	1.413949	1000	0.273000	0.273000	0.264617	
1000	0.294000	1.413949	1000	0.294000	0.294000	0.264703	
1000	0.268000	1.413949	1000	0.268000	0.268000	0.264712	
1000	0.272000	1.413949	1000	0.272000	0.272000	0.264733	
1000	0.272000	1.413949	1000	0.272000	0.272000	0.264754	
1000	0.255000	1.413949	1000	0.255000	0.255000	0.264726	
1000	0.282000	1.413949	1000	0.282000	0.282000	0.264776	
1000	0.262000	1.413949	1000	0.262000	0.262000	0.264768	
1000	0.277000	1.413949	1000	0.277000	0.277000	0.264803	
1000	0.282000	1.413949	1000	0.282000	0.282000	0.264852	
1000	0.268000	1.413949	1000	0.268000	0.268000	0.264860	
1000	0.275000	1.413949	1000	0.275000	0.275000	0.264889	
1000	0.244000	1.413949	1000	0.244000	0.244000	0.264830	
1000	0.282000	1.413949	1000	0.282000	0.282000	0.264878	
1000	0.255000	1.413949	1000	0.255000	0.255000	0.264851	
1000	0.260000	1.413949	1000	0.260000	0.260000	0.264837	
1000	0.258000	1.413949	1000	0.258000	0.258000	0.264818	
1000	0.265000	1.413949	1000	0.265000	0.265000	0.264819	
1000	0.283000	1.413949	1000	0.283000	0.283000	0.264869	
1000	0.253000	1.413949	1000	0.253000	0.253000	0.264836	
1000	0.304000	1.413949	1000	0.304000	0.304000	0.264944	
1000	0.235000	1.413949	1000	0.235000	0.235000	0.264862	
1000	0.260000	1.413949	1000	0.260000	0.260000	0.264849	
1000	0.259000	1.413949	1000	0.259000	0.259000	0.264833	
1000	0.305000	1.413949	1000	0.305000	0.305000	0.264942	
1000	0.309000	1.413949	1000	0.309000	0.309000	0.265062	
1000	0.279000	1.413949	1000	0.279000	0.279000	0.265100	
1000	0.251000	1.413949	1000	0.251000	0.251000	0.265061	
1000	0.285000	1.413949	1000	0.285000	0.285000	0.265115	
1000	0.261000	1.413949	1000	0.261000	0.261000	0.265104	
1000	0.274000	1.413949	1000	0.274000	0.274000	0.265128	
1000	0.266000	1.413949	1000	0.266000	0.266000	0.265130	
1000	0.279000	1.413949	1000	0.279000	0.279000	0.265167	
1000	0.236000	1.413949	1000	0.236000	0.236000	0.265090	
1000	0.289000	1.413949	1000	0.289000	0.289000	0.265153	
1000	0.282000	1.413949	1000	0.282000	0.282000	0.265198	
1000	0.259000	1.413949	1000	0.259000	0.259000	0.265181	
1000	0.281000	1.413949	1000	0.281000	0.281000	0.265223	
1000	0.257000	1.413949	1000	0.257000	0.257000	0.265201	
1000	0.280000	1.413949	1000	0.280000	0.280000	0.265240	
1000	0.253000	1.413949	1000	0.253000	0.253000	0.265208	
1000	0.245000	1.413949	1000	0.245000	0.245000	0.265156	
1000	0.246000	1.413949	1000	0.246000	0.246000	0.265106	
1000	0.256000	1.413949	1000	0.256000	0.256000	0.265082	
1000	0.253000	1.413949	1000	0.253000	0.253000	0.265051	
1000	0.268000	1.413949	1000	0.268000	0.268000	0.265059	
1000	0.243000	1.413949	1000	0.243000	0.243000	0.265002	
1000	0.262000	1.413949	1000	0.262000	0.262000	0.264994	
1000	0.245000	1.413949	1000	0.245000	0.245000	0.264943	
1000	0.285000	1.413949	1000	0.285000	0.285000	0.264994	
1000	0.231000	1.413949	1000	0.231000	0.231000	0.264908	
1000	0.241000	1.413949	1000	0.241000	0.241000	0.264847	
1000	0.224000	1.413949	1000	0.224000	0.224000	0.264744	
1000	0.248000	1.413949	1000	0.248000	0.248000	0.264701	
1000	0.265000	1.413949	1000	0.265000	0.265000	0.264702	
1000	0.259000	1.413949	1000	0.259000	0.259000	0.264688	
1000	0.254000	1.413949	1000	0.254000	0.254000	0.264661	
1000	0.252000	1.413949	1000	0.252000	0.252000	0.264629	
1000	0.285000	1.413949	1000	0.285000	0.285000	0.264680	
1000	0.268000	1.413949	1000	0.268000	0.268000	0.264688	
1000	0.285000	1.413949	1000	0.285000	0.285000	0.264739	
1000	0.262000	1.413949	1000	0.262000	0.262000	0.264732	
1000	0.275000	1.413949	1000	0.275000	0.275000	0.264757	
1000	0.269000	1.413949	1000	0.269000	0.269000	0.264768	
1000	0.286000	1.413949	1000	0.286000	0.286000	0.264820	
1000	0.235000	1.413949	1000	0.235000	0.235000	0.264747	
1000	0.281000	1.413949	1000	0.281000	0.281000	0.264787	
1000	0.273000	1.413949	1000	0.273000	0.273000	0.264807	
1000	0.279000	1.413949	1000	0.279000	0.279000	0.264841	
1000	0.267000	1.413949	1000	0.267000	0.267000	0.264846	
1000	0.257000	1.413949	1000	0.257000	0.257000	0.264827	
1000	0.255000	1.413949	1000	0.255000	0.255000	0.264804	
1000	0.251000	1.413949	1000	0.251000	0.251000	0.264770	
1000	0.280000	1.413949	1000	0.280000	0.280000	0.264807	
1000	0.269000	1.413949	1000	0.269000	0.269000	0.264817	
1000	0.283000	1.413949	1000	0.283000	0.283000	0.264861	
1000	0.260000	1.413949	1000	0.260000	0.260000	0.264849	
1000	0.272000	1.413949	1000	0.272000	0.272000	0.264866	
1000	0.253000	1.413949	1000	0.253000	0.253000	0.264838	
1000	0.242000	1.413949	1000	0.242000	0.242000	0.264784	
1000	0.285000	1.413949	1000	0.285000	0.285000	0.264832	
1000	0.276000	1.413949	1000	0.276000	0.276000	0.264858	
1000	0.290000	1.413949	1000	0.290000	0.290000	0.264917	
1000	0.259000	1.413949	1000	0.259000	0.259000	0.264903	
1000	0.277000	1.413949	1000	0.277000	0.277000	0.264931	
1000	0.273000	1.413949	1000	0.273000	0.273000	0.264950	
1000	0.265000	1.413949	1000	0.265000	0.265000	0.264950	
1000	0.265000	1.413949	1000	0.265000	0.265000	0.264951	
1000	0.263000	1.413949	1000	0.263000	0.263000	0.264946	
1000	0.257000	1.413949	1000	0.257000	0.257000	0.264928	
1000	0.264000	1.413949	1000	0.264000	0.264000	0.264925	
1000	0.258000	1.413949	1000	0.258000	0.258000	0.264910	
1000	0.269000	1.413949	1000	0.269000	0.269000	0.264919	
1000	0.284000	1.413949	1000	0.284000	0.284000	0.264963	
1000	0.270000	1.413949	1000	0.270000	0.270000	0.264974	
1000	0.263000	1.413949	1000	0.263000	0.263000	0.264970	
1000	0.278000	1.413949	1000	0.278000	0.278000	0.264999	
1000	0.292000	1.413949	1000	0.292000	0.292000	0.265061	
1000	0.251000	1.413949	1000	0.251000	0.251000	0.265029	
1000	0.273000	1.413949	1000	0.273000	0.273000	0.265047	
1000	0.257000	1.413949	1000	0.257000	0.257000	0.265029	
1000	0.259000	1.413949	1000	0.259000	0.259000	0.265015	
1000	0.271000	1.413949	1000	0.271000	0.271000	0.265029	
1000	0.254000	1.413949	1000	0.254000	0.254000	0.265004	
1000	0.254000	1.413949	1000	0.254000	0.254000	0.264979	
1000	0.265000	1.413949	1000	0.265000	0.265000	0.264979	
1000	0.253000	1.413949	1000	0.253000	0.253000	0.264953	
1000	0.264000	1.413949	1000	0.264000	0.264000	0.264951	
1000	0.267000	1.413949	1000	0.267000	0.267000	0.264955	
1000	0.254000	1.413949	1000	0.254000	0.254000	0.264931	
1000	0.294000	1.413949	1000	0.294000	0.294000	0.264995	
1000	0.282000	1.413949	1000	0.282000	0.282000	0.265032	
1000	0.287000	1.413949	1000	0.287000	0.287000	0.265081	
1000	0.225000	1.413949	1000	0.225000	0.225000	0.264993	
1000	0.266000	1.413949	1000	0.266000	0.266000	0.264995	
1000	0.252000	1.413949	1000	0.252000	0.252000	0.264967	
1000	0.277000	1.413949	1000	0.277000	0.277000	0.264993	
1000	0.262000	1.413949	1000	0.262000	0.262000	0.264986	
1000	0.284000	1.413949	1000	0.284000	0.284000	0.265028	
1000	0.287000	1.413949	1000	0.287000	0.287000	0.265075	
1000	0.276000	1.413949	1000	0.276000	0.276000	0.265099	
1000	0.268000	1.413949	1000	0.268000	0.268000	0.265105	
1000	0.307000	1.413949	1000	0.307000	0.307000	0.265195	
1000	0.281000	1.413949	1000	0.281000	0.281000	0.265229	
1000	0.240000	1.413949	1000	0.240000	0.240000	0.265175	
1000	0.288000	1.413949	1000	0.288000	0.288000	0.265224	
1000	0.241000	1.413949	1000	0.241000	0.241000	0.265172	
1000	0.281000	1.413949	1000	0.281000	0.281000	0.265206	
1000	0.252000	1.413949	1000	0.252000	0.252000	0.265178	
1000	0.320000	1.413949	1000	0.320000	0.320000	0.265294	
1000	0.231000	1.413949	1000	0.231000	0.231000	0.265221	
1000	0.281000	1.413949	1000	0.281000	0.281000	0.265255	
1000	0.271000	1.413949	1000	0.271000	0.271000	0.265267	
1000	0.279000	1.413949	1000	0.279000	0.279000	0.265296	
1000	0.285000	1.413949	1000	0.285000	0.285000	0.265337	
1000	0.280000	1.413949	1000	0.280000	0.280000	0.265368	
1000	0.244000	1.413949	1000	0.244000	0.244000	0.265323	
1000	0.260000	1.413949	1000	0.260000	0.260000	0.265312	
1000	0.289000	1.413949	1000	0.289000	0.289000	0.265361	
1000	0.266000	1.413949	1000	0.266000	0.266000	0.265363	
1000	0.278000	1.413949	1000	0.278000	0.278000	0.265389	
1000	0.279000	1.413949	1000	0.279000	0.279000	0.265417	
1000	0.274000	1.413949	1000	0.274000	0.274000	0.265435	
1000	0.270000	1.413949	1000	0.270000	0.270000	0.265444	
1000	0.291000	1.413949	1000	0.291000	0.291000	0.265496	
1000	0.289000	1.413949	1000	0.289000	0.289000	0.265545	
1000	0.285000	1.413949	1000	0.285000	0.285000	0.265584	
1000	0.275000	1.413949	1000	0.275000	0.275000	0.265604	
1000	0.264000	1.413949	1000	0.264000	0.264000	0.265600	
1000	0.284000	1.413949	1000	0.284000	0.284000	0.265638	
1000	0.263000	1.413949	1000	0.263000	0.263000	0.265632	
1000	0.289000	1.413949	1000	0.289000	0.289000	0.265680	
1000	0.272000	1.413949	1000	0.272000	0.272000	0.265692	
1000	0.276000	1.413949	1000	0.276000	0.276000	0.265713	
1000	0.291000	1.413949	1000	0.291000	0.291000	0.265764	
1000	0.273000	1.413949	1000	0.273000	0.273000	0.265779	
1000	0.284000	1.413949	1000	0.284000	0.284000	0.265815	
1000	0.278000	1.413949	1000	0.278000	0.278000	0.265839	
1000	0.265000	1.413949	1000	0.265000	0.265000	0.265838	
1000	0.296000	1.413949	1000	0.296000	0.296000	0.265898	
1000	0.279000	1.413949	1000	0.279000	0.279000	0.265924	
1000	0.252000	1.413949	1000	0.252000	0.252000	0.265896	
1000	0.266000	1.413949	1000	0.266000	0.266000	0.265897	
1000	0.253000	1.413949	1000	0.253000	0.253000	0.265871	
1000	0.275000	1.413949	1000	0.275000	0.275000	0.265889	
1000	0.232000	1.413949	1000	0.232000	0.232000	0.265822	
1000	0.268000	1.413949	1000	0.268000	0.268000	0.265827	
1000	0.250000	1.413949	1000	0.250000	0.250000	0.265796	
1000	0.259000	1.413949	1000	0.259000	0.259000	0.265782	
1000	0.259000	1.413949	1000	0.259000	0.259000	0.265769	
1000	0.270000	1.413949	1000	0.270000	0.270000	0.265777	
1000	0.269000	1.413949	1000	0.269000	0.269000	0.265784	
1000	0.240000	1.413949	1000	0.240000	0.240000	0.265733	
1000	0.254000	1.413949	1000	0.254000	0.254000	0.265711	
1000	0.267000	1.413949	1000	0.267000	0.267000	0.265713	
1000	0.283000	1.413949	1000	0.283000	0.283000	0.265747	
1000	0.253000	1.413949	1000	0.253000	0.253000	0.265722	
1000	0.272000	1.413949	1000	0.272000	0.272000	0.265734	
1000	0.247000	1.413949	1000	0.247000	0.247000	0.265698	
1000	0.298000	1.413949	1000	0.298000	0.298000	0.265760	
1000	0.238000	1.413949	1000	0.238000	0.238000	0.265707	
1000	0.272000	1.413949	1000	0.272000	0.272000	0.265719	
1000	0.275000	1.413949	1000	0.275000	0.275000	0.265737	
1000	0.288000	1.413949	1000	0.288000	0.288000	0.265779	
1000	0.262000	1.413949	1000	0.262000	0.262000	0.265772	
1000	0.265000	1.413949	1000	0.265000	0.265000	0.265770	
1000	0.227000	1.413949	1000	0.227000	0.227000	0.265697	
1000	0.265000	1.413949	1000	0.265000	0.265000	0.265696	
1000	0.287000	1.413949	1000	0.287000	0.287000	0.265736	
1000	0.278000	1.413949	1000	0.278000	0.278000	0.265759	
1000	0.316000	1.413949	1000	0.316000	0.316000	0.265853	
1000	0.279000	1.413949	1000	0.279000	0.279000	0.265878	
1000	0.258000	1.413949	1000	0.258000	0.258000	0.265863	
1000	0.284000	1.413949	1000	0.284000	0.284000	0.265897	
1000	0.264000	1.413949	1000	0.264000	0.264000	0.265893	
1000	0.257000	1.413949	1000	0.257000	0.257000	0.265877	
1000	0.265000	1.413949	1000	0.265000	0.265000	0.265875	
1000	0.291000	1.413949	1000	0.291000	0.291000	0.265922	
1000	0.305000	1.413949	1000	0.305000	0.305000	0.265994	
1000	0.259000	1.413949	1000	0.259000	0.259000	0.265981	
1000	0.275000	1.413949	1000	0.275000	0.275000	0.265998	
1000	0.248000	1.413949	1000	0.248000	0.248000	0.265965	
1000	0.263000	1.413949	1000	0.263000	0.263000	0.265959	
1000	0.256000	1.413949	1000	0.256000	0.256000	0.265941	
1000	0.250000	1.413949	1000	0.250000	0.250000	0.265912	
1000	0.261000	1.413949	1000	0.261000	0.261000	0.265903	
1000	0.264000	1.413949	1000	0.264000	0.264000	0.265899	
1000	0.249000	1.413949	1000	0.249000	0.249000	0.265869	
1000	0.244000	1.413949	1000	0.244000	0.244000	0.265829	
1000	0.297000	1.413949	1000	0.297000	0.297000	0.265885	
1000	0.244000	1.413949	1000	0.244000	0.244000	0.265846	
1000	0.253000	1.413949	1000	0.253000	0.253000	0.265823	
1000	0.270000	1.413949	1000	0.270000	0.270000	0.265830	
1000	0.278000	1.413949	1000	0.278000	0.278000	0.265852	
1000	0.276000	1.413949	1000	0.276000	0.276000	0.265870	
1000	0.264000	1.413949	1000	0.264000	0.264000	0.265867	
1000	0.252000	1.413949	1000	0.252000	0.252000	0.265842	
1000	0.285000	1.413949	1000	0.285000	0.285000	0.265876	
1000	0.284000	1.413949	1000	0.284000	0.284000	0.265909	
1000	0.281000	1.413949	1000	0.281000	0.281000	0.265935	
1000	0.294000	1.413949	1000	0.294000	0.294000	0.265985	
1000	0.285000	1.413949	1000	0.285000	0.285000	0.266019	
1000	0.305000	1.413949	1000	0.305000	0.305000	0.266088	
1000	0.265000	1.413949	1000	0.265000	0.265000	0.266086	
1000	0.256000	1.413949	1000	0.256000	0.256000	0.266068	
1000	0.240000	1.413949	1000	0.240000	0.240000	0.266022	
1000	0.255000	1.413949	1000	0.255000	0.255000	0.266003	
1000	0.289000	1.413949	1000	0.289000	0.289000	0.266043	
1000	0.270000	1.413949	1000	0.270000	0.270000	0.266050	
1000	0.219000	1.413949	1000	0.219000	0.219000	0.265968	
1000	0.254000	1.413949	1000	0.254000	0.254000	0.265947	
1000	0.253000	1.413949	1000	0.253000	0.253000	0.265925	
1000	0.280000	1.413949	1000	0.280000	0.280000	0.265949	
1000	0.269000	1.413949	1000	0.269000	0.269000	0.265954	
1000	0.276000	1.413949	1000	0.276000	0.276000	0.265972	
1000	0.256000	1.413949	1000	0.256000	0.256000	0.265955	
1000	0.257000	1.413949	1000	0.257000	0.257000	0.265939	
1000	0.271000	1.413949	1000	0.271000	0.271000	0.265948	
1000	0.240000	1.413949	1000	0.240000	0.240000	0.265903	
1000	0.264000	1.413949	1000	0.264000	0.264000	0.265900	
1000	0.283000	1.413949	1000	0.283000	0.283000	0.265929	
1000	0.267000	1.413949	1000	0.267000	0.267000	0.265931	
1000	0.249000	1.413949	1000	0.249000	0.249000	0.265902	
1000	0.255000	1.413949	1000	0.255000	0.255000	0.265884	
1000	0.260000	1.413949	1000	0.260000	0.260000	0.265873	
1000	0.252000	1.413949	1000	0.252000	0.252000	0.265850	
1000	0.247000	1.413949	1000	0.247000	0.247000	0.265818	
1000	0.275000	1.413949	1000	0.275000	0.275000	0.265833	
1000	0.249000	1.413949	1000	0.249000	0.249000	0.265805	
1000	0.266000	1.413949	1000	0.266000	0.266000	0.265805	
1000	0.263000	1.413949	1000	0.263000	0.263000	0.265801	
1000	0.270000	1.413949	1000	0.270000	0.270000	0.265808	
1000	0.278000	1.413949	1000	0.278000	0.278000	0.265828	
1000	0.306000	1.413949	1000	0.306000	0.306000	0.265896	
1000	0.287000	1.413949	1000	0.287000	0.287000	0.265931	
1000	0.259000	1.413949	1000	0.259000	0.259000	0.265919	
1000	0.295000	1.413949	1000	0.295000	0.295000	0.265968	
1000	0.277000	1.413949	1000	0.277000	0.277000	0.265986	
1000	0.296000	1.413949	1000	0.296000	0.296000	0.266036	
1000	0.277000	1.413949	1000	0.277000	0.277000	0.266054	
1000	0.277000	1.413949	1000	0.277000	0.277000	0.266073	
1000	0.286000	1.413949	1000	0.286000	0.286000	0.266106	
1000	0.253000	1.413949	1000	0.253000	0.253000	0.266084	
1000	0.267000	1.413949	1000	0.267000	0.267000	0.266085	
1000	0.247000	1.413949	1000	0.247000	0.247000	0.266054	
1000	0.270000	1.413949	1000	0.270000	0.270000	0.266060	
1000	0.245000	1.413949	1000	0.245000	0.245000	0.266026	
1000	0.304000	1.413949	1000	0.304000	0.304000	0.266088	
1000	0.260000	1.413949	1000	0.260000	0.260000	0.266078	
1000	0.235000	1.413949	1000	0.235000	0.235000	0.266027	
1000	0.261000	1.413949	1000	0.261000	0.261000	0.266019	
1000	0.253000	1.413949	1000	0.253000	0.253000	0.265998	
1000	0.271000	1.413949	1000	0.271000	0.271000	0.266006	
1000	0.276000	1.413949	1000	0.276000	0.276000	0.266022	
1000	0.243000	1.413949	1000	0.243000	0.243000	0.265985	
1000	0.235000	1.413949	1000	0.235000	0.235000	0.265935	
1000	0.249000	1.413949	1000	0.249000	0.249000	0.265907	
1000	0.261000	1.413949	1000	0.261000	0.261000	0.265900	
1000	0.237000	1.413949	1000	0.237000	0.237000	0.265853	
1000	0.272000	1.413949	1000	0.272000	0.272000	0.265863	
1000	0.282000	1.413949	1000	0.282000	0.282000	0.265889	
1000	0.250000	1.413949	1000	0.250000	0.250000	0.265863	
1000	0.267000	1.413949	1000	0.267000	0.267000	0.265865	
1000	0.288000	1.413949	1000	0.288000	0.288000	0.265901	
1000	0.264000	1.413949	1000	0.264000	0.264000	0.265898	
1000	0.280000	1.413949	1000	0.280000	0.280000	0.265920	
1000	0.275000	1.413949	1000	0.275000	0.275000	0.265934	
1000	0.249000	1.413949	1000	0.249000	0.249000	0.265908	
1000	0.254000	1.413949	1000	0.254000	0.254000	0.265889	
1000	0.266000	1.413949	1000	0.266000	0.266000	0.265889	
1000	0.270000	1.413949	1000	0.270000	0.270000	0.265895	
1000	0.250000	1.413949	1000	0.250000	0.250000	0.265870	
1000	0.291000	1.413949	1000	0.291000	0.291000	0.265910	
1000	0.264000	1.413949	1000	0.264000	0.264000	0.265907	
1000	0.267000	1.413949	1000	0.267000	0.267000	0.265909	
1000	0.267000	1.413949	1000	0.267000	0.267000	0.265910	
1000	0.276000	1.413949	1000	0.276000	0.276000	0.265926	
1000	0.282000	1.413949	1000	0.282000	0.282000	0.265951	
1000	0.256000	1.413949	1000	0.256000	0.256000	0.265936	
1000	0.276000	1.413949	1000	0.276000	0.276000	0.265951	
1000	0.247000	1.413949	1000	0.247000	0.247000	0.265922	
1000	0.262000	1.413949	1000	0.262000	0.262000	0.265916	
1000	0.264000	1.413949	1000	0.264000	0.264000	0.265913	
1000	0.247000	1.413949	1000	0.247000	0.247000	0.265883	
1000	0.260000	1.413949	1000	0.260000	0.260000	0.265874	
1000	0.257000	1.413949	1000	0.257000	0.257000	0.265861	
1000	0.271000	1.413949	1000	0.271000	0.271000	0.265869	
1000	0.252000	1.413949	1000	0.252000	0.252000	0.265847	
1000	0.282000	1.413949	1000	0.282000	0.282000	0.265872	
1000	0.270000	1.413949	1000	0.270000	0.270000	0.265878	
1000	0.264000	1.413949	1000	0.264000	0.264000	0.265876	
1000	0.283000	1.413949	1000	0.283000	0.283000	0.265902	
1000	0.274000	1.413949	1000	0.274000	0.274000	0.265914	
1000	0.293000	1.413949	1000	0.293000	0.293000	0.265955	
1000	0.279000	1.413949	1000	0.279000	0.279000	0.265975	
1000	0.265000	1.413949	1000	0.265000	0.265000	0.265974	
1000	0.260000	1.413949	1000	0.260000	0.260000	0.265965	
1000	0.282000	1.413949	1000	0.282000	0.282000	0.265989	
1000	0.305000	1.413949	1000	0.305000	0.305000	0.266048	
1000	0.307000	1.413949	1000	0.307000	0.307000	0.266110	
1000	0.283000	1.413949	1000	0.283000	0.283000	0.266135	
1000	0.267000	1.413949	1000	0.267000	0.267000	0.266137	
1000	0.278000	1.413949	1000	0.278000	0.278000	0.266154	
1000	0.269000	1.413949	1000	0.269000	0.269000	0.266159	
1000	0.263000	1.413949	1000	0.263000	0.263000	0.266154	
1000	0.261000	1.413949	1000	0.261000	0.261000	0.266146	
1000	0.271000	1.413949	1000	0.271000	0.271000	0.266154	
1000	0.281000	1.413949	1000	0.281000	0.281000	0.266176	
1000	0.268000	1.413949	1000	0.268000	0.268000	0.266178	
1000	0.294000	1.413949	1000	0.294000	0.294000	0.266220	
1000	0.269000	1.413949	1000	0.269000	0.269000	0.266224	
1000	0.253000	1.413949	1000	0.253000	0.253000	0.266204	
1000	0.301000	1.413949	1000	0.301000	0.301000	0.266256	
1000	0.272000	1.413949	1000	0.272000	0.272000	0.266264	
1000	0.270000	1.413949	1000	0.270000	0.270000	0.266270	
1000	0.270000	1.413949	1000	0.270000	0.270000	0.266275	
1000	0.262000	1.413949	1000	0.262000	0.262000	0.266269	
1000	0.275000	1.413949	1000	0.275000	0.275000	0.266282	
1000	0.291000	1.413949	1000	0.291000	0.291000	0.266318	
1000	0.298000	1.413949	1000	0.298000	0.298000	0.266365	
1000	0.278000	1.413949	1000	0.278000	0.278000	0.266382	
1000	0.285000	1.413949	1000	0.285000	0.285000	0.266409	
1000	0.274000	1.413949	1000	0.274000	0.274000	0.266420	
1000	0.280000	1.413949	1000	0.280000	0.280000	0.266440	
1000	0.293000	1.413949	1000	0.293000	0.293000	0.266479	
1000	0.276000	1.413949	1000	0.276000	0.276000	0.266492	
1000	0.283000	1.413949	1000	0.283000	0.283000	0.266516	
1000	0.276000	1.413949	1000	0.276000	0.276000	0.266530	
1000	0.247000	1.413949	1000	0.247000	0.247000	0.266502	
1000	0.271000	1.413949	1000	0.271000	0.271000	0.266508	
1000	0.284000	1.413949	1000	0.284000	0.284000	0.266534	
1000	0.292000	1.413949	1000	0.292000	0.292000	0.266570	
1000	0.280000	1.413949	1000	0.280000	0.280000	0.266590	
1000	0.279000	1.413949	1000	0.279000	0.279000	0.266607	
1000	0.280000	1.413949	1000	0.280000	0.280000	0.266627	
1000	0.279000	1.413949	1000	0.279000	0.279000	0.266644	
1000	0.236000	1.413949	1000	0.236000	0.236000	0.266600	
1000	0.283000	1.413949	1000	0.283000	0.283000	0.266624	
1000	0.259000	1.413949	1000	0.259000	0.259000	0.266613	
1000	0.251000	1.413949	1000	0.251000	0.251000	0.266591	
1000	0.256000	1.413949	1000	0.256000	0.256000	0.266576	
1000	0.275000	1.413949	1000	0.275000	0.275000	0.266588	
1000	0.275000	1.413949	1000	0.275000	0.275000	0.266600	
1000	0.271000	1.413949	1000	0.271000	0.271000	0.266606	
1000	0.281000	1.413949	1000	0.281000	0.281000	0.266626	
1000	0.267000	1.413949	1000	0.267000	0.267000	0.266627	
1000	0.311000	1.413949	1000	0.311000	0.311000	0.266689	
1000	0.246000	1.413949	1000	0.246000	0.246000	0.266660	
1000	0.307000	1.413949	1000	0.307000	0.307000	0.266717	
1000	0.280000	1.413949	1000	0.280000	0.280000	0.266736	
1000	0.259000	1.413949	1000	0.259000	0.259000	0.266725	
1000	0.264000	1.413949	1000	0.264000	0.264000	0.266721	
1000	0.284000	1.413949	1000	0.284000	0.284000	0.266745	
1000	0.285000	1.413949	1000	0.285000	0.285000	0.266771	
1000	0.272000	1.413949	1000	0.272000	0.272000	0.266778	
1000	0.253000	1.413949	1000	0.253000	0.253000	0.266759	
1000	0.276000	1.413949	1000	0.276000	0.276000	0.266772	
1000	0.277000	1.413949	1000	0.277000	0.277000	0.266786	
1000	0.282000	1.413949	1000	0.282000	0.282000	0.266807	
1000	0.264000	1.413949	1000	0.264000	0.264000	0.266803	
1000	0.271000	1.413949	1000	0.271000	0.271000	0.266809	
1000	0.248000	1.413949	1000	0.248000	0.248000	0.266783	
1000	0.282000	1.413949	1000	0.282000	0.282000	0.266804	
1000	0.254000	1.413949	1000	0.254000	0.254000	0.266786	
1000	0.250000	1.413949	1000	0.250000	0.250000	0.266763	
1000	0.265000	1.413949	1000	0.265000	0.265000	0.266761	
1000	0.273000	1.413949	1000	0.273000	0.273000	0.266769	
1000	0.232000	1.413949	1000	0.232000	0.232000	0.266722	
1000	0.263000	1.413949	1000	0.263000	0.263000	0.266716	
1000	0.279000	1.413949	1000	0.279000	0.279000	0.266733	
1000	0.272000	1.413949	1000	0.272000	0.272000	0.266740	
1000	0.277000	1.413949	1000	0.277000	0.277000	0.266754	
1000	0.267000	1.413949	1000	0.267000	0.267000	0.266755	
1000	0.267000	1.413949	1000	0.267000	0.267000	0.266755	
1000	0.269000	1.413949	1000	0.269000	0.269000	0.266758	
1000	0.249000	1.413949	1000	0.249000	0.249000	0.266734	
1000	0.262000	1.413949	1000	0.262000	0.262000	0.266728	
1000	0.249000	1.413949	1000	0.249000	0.249000	0.266704	
1000	0.263000	1.413949	1000	0.263000	0.263000	0.266699	
1000	0.250000	1.413949	1000	0.250000	0.250000	0.266676	
1000	0.266000	1.413949	1000	0.266000	0.266000	0.266675	
1000	0.250000	1.413949	1000	0.250000	0.250000	0.266653	
1000	0.232000	1.413949	1000	0.232000	0.232000	0.266606	
1000	0.252000	1.413949	1000	0.252000	0.252000	0.266587	
1000	0.237000	1.413949	1000	0.237000	0.237000	0.266547	
1000	0.260000	1.413949	1000	0.260000	0.260000	0.266538	
1000	0.257000	1.413949	1000	0.257000	0.257000	0.266526	
1000	0.261000	1.413949	1000	0.261000	0.261000	0.266518	
1000	0.275000	1.413949	1000	0.275000	0.275000	0.266530	
1000	0.258000	1.413949	1000	0.258000	0.258000	0.266518	
1000	0.244000	1.413949	1000	0.244000	0.244000	0.266488	
1000	0.283000	1.413949	1000	0.283000	0.283000	0.266510	
1000	0.244000	1.413949	1000	0.244000	0.244000	0.266480	
1000	0.266000	1.413949	1000	0.266000	0.266000	0.266480	
1000	0.270000	1.413949	1000	0.270000	0.270000	0.266484	
1000	0.284000	1.413949	1000	0.284000	0.284000	0.266508	
1000	0.281000	1.413949	1000	0.281000	0.281000	0.266527	
1000	0.249000	1.413949	1000	0.249000	0.249000	0.266504	
1000	0.270000	1.413949	1000	0.270000	0.270000	0.266508	
1000	0.237000	1.413949	1000	0.237000	0.237000	0.266469	
1000	0.234000	1.413949	1000	0.234000	0.234000	0.266427	
1000	0.253000	1.413949	1000	0.253000	0.253000	0.266409	
1000	0.243000	1.413949	1000	0.243000	0.243000	0.266379	
1000	0.283000	1.413949	1000	0.283000	0.283000	0.266400	
1000	0.266000	1.413949	1000	0.266000	0.266000	0.266400	
1000	0.264000	1.413949	1000	0.264000	0.264000	0.266397	
1000	0.287000	1.413949	1000	0.287000	0.287000	0.266424	
1000	0.280000	1.413949	1000	0.280000	0.280000	0.266441	
1000	0.264000	1.413949	1000	0.264000	0.264000	0.266438	
1000	0.246000	1.413949	1000	0.246000	0.246000	0.266412	
1000	0.256000	1.413949	1000	0.256000	0.256000	0.266398	
1000	0.270000	1.413949	1000	0.270000	0.270000	0.266403	
1000	0.244000	1.413949	1000	0.244000	0.244000	0.266374	
1000	0.255000	1.413949	1000	0.255000	0.255000	0.266359	
1000	0.266000	1.413949	1000	0.266000	0.266000	0.266359	
1000	0.269000	1.413949	1000	0.269000	0.269000	0.266362	
1000	0.271000	1.413949	1000	0.271000	0.271000	0.266368	
1000	0.294000	1.413949	1000	0.294000	0.294000	0.266404	
1000	0.269000	1.413949	1000	0.269000	0.269000	0.266407	
1000	0.245000	1.413949	1000	0.245000	0.245000	0.266379	
1000	0.261000	1.413949	1000	0.261000	0.261000	0.266373	
1000	0.314000	1.413949	1000	0.314000	0.314000	0.266433	
1000	0.264000	1.413949	1000	0.264000	0.264000	0.266430	
1000	0.299000	1.413949	1000	0.299000	0.299000	0.266472	
1000	0.264000	1.413949	1000	0.264000	0.264000	0.266469	
1000	0.254000	1.413949	1000	0.254000	0.254000	0.266453	
1000	0.278000	1.413949	1000	0.278000	0.278000	0.266467	
1000	0.270000	1.413949	1000	0.270000	0.270000	0.266472	
1000	0.254000	1.413949	1000	0.254000	0.254000	0.266456	
1000	0.268000	1.413949	1000	0.268000	0.268000	0.266458	
1000	0.221000	1.413949	1000	0.221000	0.221000	0.266401	
1000	0.243000	1.413949	1000	0.243000	0.243000	0.266371	
1000	0.232000	1.413949	1000	0.232000	0.232000	0.266328	
1000	0.249000	1.413949	1000	0.249000	0.249000	0.266306	
1000	0.246000	1.413949	1000	0.246000	0.246000	0.266281	
1000	0.291000	1.413949	1000	0.291000	0.291000	0.266312	
1000	0.261000	1.413949	1000	0.261000	0.261000	0.266305	
1000	0.239000	1.413949	1000	0.239000	0.239000	0.266271	
1000	0.262000	1.413949	1000	0.262000	0.262000	0.266266	
1000	0.278000	1.413949	1000	0.278000	0.278000	0.266280	
1000	0.247000	1.413949	1000	0.247000	0.247000	0.266256	
1000	0.275000	1.413949	1000	0.275000	0.275000	0.266267	
1000	0.240000	1.413949	1000	0.240000	0.240000	0.266234	
1000	0.243000	1.413949	1000	0.243000	0.243000	0.266206	
1000	0.276000	1.413949	1000	0.276000	0.276000	0.266218	
1000	0.271000	1.413949	1000	0.271000	0.271000	0.266224	
1000	0.263000	1.413949	1000	0.263000	0.263000	0.266220	
1000	0.262000	1.413949	1000	0.262000	0.262000	0.266214	
1000	0.267000	1.413949	1000	0.267000	0.267000	0.266215	
1000	0.221000	1.413949	1000	0.221000	0.221000	0.266160	
1000	0.233000	1.413949	1000	0.233000	0.233000	0.266119	
1000	0.267000	1.413949	1000	0.267000	0.267000	0.266120	
1000	0.282000	1.413949	1000	0.282000	0.282000	0.266140	
1000	0.264000	1.413949	1000	0.264000	0.264000	0.266137	
1000	0.269000	1.413949	1000	0.269000	0.269000	0.266140	
1000	0.241000	1.413949	1000	0.241000	0.241000	0.266110	
1000	0.298000	1.413949	1000	0.298000	0.298000	0.266149	
1000	0.241000	1.413949	1000	0.241000	0.241000	0.266118	
1000	0.253000	1.413949	1000	0.253000	0.253000	0.266102	
1000	0.265000	1.413949	1000	0.265000	0.265000	0.266101	
1000	0.277000	1.413949	1000	0.277000	0.277000	0.266114	
1000	0.285000	1.413949	1000	0.285000	0.285000	0.266137	
1000	0.289000	1.413949	1000	0.289000	0.289000	0.266165	
1000	0.271000	1.413949	1000	0.271000	0.271000	0.266170	
1000	0.274000	1.413949	1000	0.274000	0.274000	0.266180	
1000	0.292000	1.413949	1000	0.292000	0.292000	0.266211	
1000	0.268000	1.413949	1000	0.268000	0.268000	0.266213	
1000	0.302000	1.413949	1000	0.302000	0.302000	0.266256	
1000	0.288000	1.413949	1000	0.288000	0.288000	0.266282	
1000	0.270000	1.413949	1000	0.270000	0.270000	0.266287	
1000	0.248000	1.413949	1000	0.248000	0.248000	0.266265	
1000	0.267000	1.413949	1000	0.267000	0.267000	0.266266	
1000	0.307000	1.413949	1000	0.307000	0.307000	0.266315	
1000	0.299000	1.413949	1000	0.299000	0.299000	0.266354	
1000	0.285000	1.413949	1000	0.285000	0.285000	0.266376	
1000	0.286000	1.413949	1000	0.286000	0.286000	0.266399	
1000	0.279000	1.413949	1000	0.279000	0.279000	0.266414	
1000	0.303000	1.413949	1000	0.303000	0.303000	0.266458	
1000	0.259000	1.413949	1000	0.259000	0.259000	0.266449	
1000	0.248000	1.413949	1000	0.248000	0.248000	0.266427	
1000	0.269000	1.413949	1000	0.269000	0.269000	0.266430	
1000	0.262000	1.413949	1000	0.262000	0.262000	0.266425	
1000	0.280000	1.413949	1000	0.280000	0.280000	0.266441	
1000	0.261000	1.413949	1000	0.261000	0.261000	0.266435	
1000	0.288000	1.413949	1000	0.288000	0.288000	0.266460	
1000	0.284000	1.413949	1000	0.284000	0.284000	0.266481	
1000	0.246000	1.413949	1000	0.246000	0.246000	0.266457	
1000	0.266000	1.413949	1000	0.266000	0.266000	0.266456	
1000	0.285000	1.413949	1000	0.285000	0.285000	0.266478	
1000	0.244000	1.413949	1000	0.244000	0.244000	0.266452	
1000	0.308000	1.413949	1000	0.308000	0.308000	0.266500	
1000	0.260000	1.413949	1000	0.260000	0.260000	0.266493	
1000	0.277000	1.413949	1000	0.277000	0.277000	0.266505	
1000	0.277000	1.413949	1000	0.277000	0.277000	0.266517	
1000	0.288000	1.413949	1000	0.288000	0.288000	0.266542	
1000	0.262000	1.413949	1000	0.262000	0.262000	0.266537	
1000	0.280000	1.413949	1000	0.280000	0.280000	0.266553	
1000	0.262000	1.413949	1000	0.262000	0.262000	0.266547	
1000	0.252000	1.413949	1000	0.252000	0.252000	0.266530	
1000	0.255000	1.413949	1000	0.255000	0.255000	0.266517	
1000	0.217000	1.413949	1000	0.217000	0.217000	0.266460	
1000	0.299000	1.413949	1000	0.299000	0.299000	0.266497	
1000	0.281000	1.413949	1000	0.281000	0.281000	0.266514	
1000	0.271000	1.413949	1000	0.271000	0.271000	0.266519	
1000	0.264000	1.413949	1000	0.264000	0.264000	0.266516	
1000	0.273000	1.413949	1000	0.273000	0.273000	0.266524	
1000	0.252000	1.413949	1000	0.252000	0.252000	0.266507	
1000	0.277000	1.413949	1000	0.277000	0.277000	0.266519	
1000	0.287000	1.413949	1000	0.287000	0.287000	0.266543	
1000	0.283000	1.413949	1000	0.283000	0.283000	0.266562	
1000	0.270000	1.413949	1000	0.270000	0.270000	0.266566	
1000	0.247000	1.413949	1000	0.247000	0.247000	0.266543	
1000	0.295000	1.413949	1000	0.295000	0.295000	0.266576	
1000	0.299000	1.413949	1000	0.299000	0.299000	0.266613	
1000	0.285000	1.413949	1000	0.285000	0.285000	0.266634	
1000	0.236000	1.413949	1000	0.236000	0.236000	0.266599	
1000	0.260000	1.413949	1000	0.260000	0.260000	0.266591	
1000	0.281000	1.413949	1000	0.281000	0.281000	0.266608	
1000	0.297000	1.413949	1000	0.297000	0.297000	0.266642	
1000	0.255000	1.413949	1000	0.255000	0.255000	0.266629	
1000	0.275000	1.413949	1000	0.275000	0.275000	0.266638	
1000	0.258000	1.413949	1000	0.258000	0.258000	0.266629	
1000	0.284000	1.413949	1000	0.284000	0.284000	0.266648	
1000	0.280000	1.413949	1000	0.280000	0.280000	0.266663	
1000	0.238000	1.413949	1000	0.238000	0.238000	0.266631	
1000	0.254000	1.413949	1000	0.254000	0.254000	0.266617	
1000	0.246000	1.413949	1000	0.246000	0.246000	0.266594	
1000	0.256000	1.413949	1000	0.256000	0.256000	0.266582	
1000	0.271000	1.413949	1000	0.271000	0.271000	0.266587	
1000	0.273000	1.413949	1000	0.273000	0.273000	0.266594	
1000	0.295000	1.413949	1000	0.295000	0.295000	0.266626	
1000	0.280000	1.413949	1000	0.280000	0.280000	0.266641	
1000	0.253000	1.413949	1000	0.253000	0.253000	0.266625	
1000	0.261000	1.413949	1000	0.261000	0.261000	0.266619	
1000	0.264000	1.413949	1000	0.264000	0.264000	0.266616	
1000	0.264000	1.413949	1000	0.264000	0.264000	0.266613	
1000	0.267000	1.413949	1000	0.267000	0.267000	0.266614	
1000	0.253000	1.413949	1000	0.253000	0.253000	0.266599	
1000	0.230000	1.413949	1000	0.230000	0.230000	0.266558	
1000	0.278000	1.413949	1000	0.278000	0.278000	0.266571	
1000	0.241000	1.413949	1000	0.241000	0.241000	0.266542	
1000	0.263000	1.413949	1000	0.263000	0.263000	0.266538	
1000	0.286000	1.413949	1000	0.286000	0.286000	0.266560	
1000	0.303000	1.413949	1000	0.303000	0.303000	0.266600	
1000	0.282000	1.413949	1000	0.282000	0.282000	0.266617	
1000	0.287000	1.413949	1000	0.287000	0.287000	0.266640	
1000	0.248000	1.413949	1000	0.248000	0.248000	0.266619	
1000	0.254000	1.413949	1000	0.254000	0.254000	0.266605	
1000	0.273000	1.413949	1000	0.273000	0.273000	0.266612	
1000	0.299000	1.413949	1000	0.299000	0.299000	0.266648	
1000	0.264000	1.413949	1000	0.264000	0.264000	0.266645	
1000	0.280000	1.413949	1000	0.280000	0.280000	0.266659	
1000	0.242000	1.413949	1000	0.242000	0.242000	0.266632	
1000	0.256000	1.413949	1000	0.256000	0.256000	0.266621	
1000	0.273000	1.413949	1000	0.273000	0.273000	0.266628	
1000	0.248000	1.413949	1000	0.248000	0.248000	0.266608	
1000	0.269000	1.413949	1000	0.269000	0.269000	0.266610	
1000	0.271000	1.413949	1000	0.271000	0.271000	0.266615	
1000	0.263000	1.413949	1000	0.263000	0.263000	0.266611	
1000	0.296000	1.413949	1000	0.296000	0.296000	0.266643	
1000	0.264000	1.413949	1000	0.264000	0.264000	0.266640	
1000	0.267000	1.413949	1000	0.267000	0.267000	0.266640	
1000	0.258000	1.413949	1000	0.258000	0.258000	0.266631	
1000	0.279000	1.413949	1000	0.279000	0.279000	0.266644	
1000	0.276000	1.413949	1000	0.276000	0.276000	0.266655	
1000	0.265000	1.413949	1000	0.265000	0.265000	0.266653	
1000	0.269000	1.413949	1000	0.269000	0.269000	0.266655	
1000	0.282000	1.413949	1000	0.282000	0.282000	0.266672	
1000	0.266000	1.413949	1000	0.266000	0.266000	0.266671	
1000	0.269000	1.413949	1000	0.269000	0.269000	0.266674	
1000	0.299000	1.413949	1000	0.299000	0.299000	0.266708	
1000	0.275000	1.413949	1000	0.275000	0.275000	0.266717	
1000	0.261000	1.413949	1000	0.261000	0.261000	0.266711	
1000	0.250000	1.413949	1000	0.250000	0.250000	0.266693	
1000	0.265000	1.413949	1000	0.265000	0.265000	0.266691	
1000	0.236000	1.413949	1000	0.236000	0.236000	0.266659	
1000	0.262000	1.413949	1000	0.262000	0.262000	0.266654	
1000	0.266000	1.413949	1000	0.266000	0.266000	0.266653	
1000	0.263000	1.413949	1000	0.263000	0.263000	0.266649	
1000	0.288000	1.413949	1000	0.288000	0.288000	0.266672	
1000	0.247000	1.413949	1000	0.247000	0.247000	0.266651	
1000	0.305000	1.413949	1000	0.305000	0.305000	0.266691	
1000	0.285000	1.413949	1000	0.285000	0.285000	0.266711	
1000	0.268000	1.413949	1000	0.268000	0.268000	0.266712	
1000	0.296000	1.413949	1000	0.296000	0.296000	0.266743	
1000	0.273000	1.413949	1000	0.273000	0.273000	0.266750	
1000	0.240000	1.413949	1000	0.240000	0.240000	0.266722	
1000	0.297000	1.413949	1000	0.297000	0.297000	0.266753	
1000	0.268000	1.413949	1000	0.268000	0.268000	0.266755	
1000	0.249000	1.413949	1000	0.249000	0.249000	0.266736	
1000	0.282000	1.413949	1000	0.282000	0.282000	0.266752	
1000	0.261000	1.413949	1000	0.261000	0.261000	0.266746	
1000	0.245000	1.413949	1000	0.245000	0.245000	0.266723	
1000	0.267000	1.413949	1000	0.267000	0.267000	0.266724	
1000	0.268000	1.413949	1000	0.268000	0.268000	0.266725	
1000	0.294000	1.413949	1000	0.294000	0.294000	0.266753	
1000	0.250000	1.413949	1000	0.250000	0.250000	0.266736	
1000	0.256000	1.413949	1000	0.256000	0.256000	0.266725	
1000	0.274000	1.413949	1000	0.274000	0.274000	0.266732	
1000	0.258000	1.413949	1000	0.258000	0.258000	0.266723	
1000	0.268000	1.413949	1000	0.268000	0.268000	0.266725	
1000	0.286000	1.413949	1000	0.286000	0.286000	0.266745	
1000	0.275000	1.413949	1000	0.275000	0.275000	0.266753	
1000	0.254000	1.413949	1000	0.254000	0.254000	0.266740	
1000	0.267000	1.413949	1000	0.267000	0.267000	0.266740	
1000	0.290000	1.413949	1000	0.290000	0.290000	0.266764	
1000	0.279000	1.413949	1000	0.279000	0.279000	0.266777	
1000	0.271000	1.413949	1000	0.271000	0.271000	0.266781	
1000	0.294000	1.413949	1000	0.294000	0.294000	0.266809	
1000	0.246000	1.413949	1000	0.246000	0.246000	0.266788	
1000	0.287000	1.413949	1000	0.287000	0.287000	0.266809	
1000	0.253000	1.413949	1000	0.253000	0.253000	0.266794	
1000	0.257000	1.413949	1000	0.257000	0.257000	0.266784	
1000	0.264000	1.413949	1000	0.264000	0.264000	0.266781	
1000	0.274000	1.413949	1000	0.274000	0.274000	0.266789	
1000	0.276000	1.413949	1000	0.276000	0.276000	0.266798	
1000	0.275000	1.413949	1000	0.275000	0.275000	0.266807	
1000	0.277000	1.413949	1000	0.277000	0.277000	0.266817	
1000	0.259000	1.413949	1000	0.259000	0.259000	0.266809	
1000	0.265000	1.413949	1000	0.265000	0.265000	0.266807	
1000	0.266000	1.413949	1000	0.266000	0.266000	0.266806	
1000	0.271000	1.413949	1000	0.271000	0.271000	0.266811	
1000	0.256000	1.413949	1000	0.256000	0.256000	0.266800	
1000	0.265000	1.413949	1000	0.265000	0.265000	0.266798	
1000	0.259000	1.413949	1000	0.259000	0.259000	0.266790	
1000	0.282000	1.413949	1000	0.282000	0.282000	0.266805	
1000	0.252000	1.413949	1000	0.252000	0.252000	0.266790	
1000	0.245000	1.413949	1000	0.245000	0.245000	0.266768	
1000	0.297000	1.413949	1000	0.297000	0.297000	0.266799	
1000	0.288000	1.413949	1000	0.288000	0.288000	0.266820	
1000	0.291000	1.413949	1000	0.291000	0.291000	0.266845	
1000	0.255000	1.413949	1000	0.255000	0.255000	0.266833	
1000	0.241000	1.413949	1000	0.241000	0.241000	0.266807	
1000	0.248000	1.413949	1000	0.248000	0.248000	0.266788	
1000	0.278000	1.413949	1000	0.278000	0.278000	0.266799	
1000	0.260000	1.413949	1000	0.260000	0.260000	0.266792	
1000	0.261000	1.413949	1000	0.261000	0.261000	0.266787	
1000	0.268000	1.413949	1000	0.268000	0.268000	0.266788	
1000	0.252000	1.413949	1000	0.252000	0.252000	0.266773	
1000	0.259000	1.413949	1000	0.259000	0.259000	0.266765	
1000	0.279000	1.413949	1000	0.279000	0.279000	0.266777	
1000	0.275000	1.413949	1000	0.275000	0.275000	0.266786	
1000	0.286000	1.413949	1000	0.286000	0.286000	0.266805	
1000	0.259000	1.413949	1000	0.259000	0.259000	0.266797	
1000	0.250000	1.413949	1000	0.250000	0.250000	0.266780	
1000	0.273000	1.413949	1000	0.273000	0.273000	0.266786	
1000	0.233000	1.413949	1000	0.233000	0.233000	0.266753	
1000	0.292000	1.413949	1000	0.292000	0.292000	0.266778	
