Default schedule
Rate	100.00
Rate Tried	% Accepted	Rates - Dev	Rates - Tried	Rates - Accepted	Sample Ave Acceptance	Total Ave Acceptance	
1000	0.276000	1.508359	1000	0.276000	0.276000	0.192437	
1000	0.274000	1.508359	1000	0.274000	0.274000	0.199233	
1000	0.300000	1.508359	1000	0.300000	0.300000	0.206984	
1000	0.274000	1.508359	1000	0.274000	0.274000	0.211771	
1000	0.256000	1.508359	1000	0.256000	0.256000	0.214719	
1000	0.258000	1.508359	1000	0.258000	0.258000	0.217424	
1000	0.262000	1.508359	1000	0.262000	0.262000	0.220046	
1000	0.322000	1.508359	1000	0.322000	0.322000	0.225710	
1000	0.288000	1.508359	1000	0.288000	0.288000	0.228988	
1000	0.286000	1.508359	1000	0.286000	0.286000	0.231838	
1000	0.288000	1.508359	1000	0.288000	0.288000	0.234513	
1000	0.275000	1.508359	1000	0.275000	0.275000	0.236353	
1000	0.300000	1.508359	1000	0.300000	0.300000	0.239120	
1000	0.273000	1.508359	1000	0.273000	0.273000	0.240532	
1000	0.267000	1.508359	1000	0.267000	0.267000	0.241590	
1000	0.237000	1.508359	1000	0.237000	0.237000	0.241414	
1000	0.271000	1.508359	1000	0.271000	0.271000	0.242510	
1000	0.278000	1.508359	1000	0.278000	0.278000	0.243777	
1000	0.299000	1.508359	1000	0.299000	0.299000	0.245681	
1000	0.287000	1.508359	1000	0.287000	0.287000	0.247058	
1000	0.276000	1.508359	1000	0.276000	0.276000	0.247992	
1000	0.288000	1.508359	1000	0.288000	0.288000	0.249242	
1000	0.263000	1.508359	1000	0.263000	0.263000	0.249659	
1000	0.292000	1.508359	1000	0.292000	0.292000	0.250904	
1000	0.288000	1.508359	1000	0.288000	0.288000	0.251964	
1000	0.302000	1.508359	1000	0.302000	0.302000	0.253354	
1000	0.244000	1.508359	1000	0.244000	0.244000	0.253101	
1000	0.292000	1.508359	1000	0.292000	0.292000	0.254125	
1000	0.266000	1.508359	1000	0.266000	0.266000	0.254429	
1000	0.259000	1.508359	1000	0.259000	0.259000	0.254544	
1000	0.303000	1.508359	1000	0.303000	0.303000	0.255725	
1000	0.274000	1.508359	1000	0.274000	0.274000	0.256161	
1000	0.281000	1.508359	1000	0.281000	0.281000	0.256738	
1000	0.270000	1.508359	1000	0.270000	0.270000	0.257040	
1000	0.293000	1.508359	1000	0.293000	0.293000	0.257839	
1000	0.265000	1.508359	1000	0.265000	0.265000	0.257994	
1000	0.273000	1.508359	1000	0.273000	0.273000	0.258314	
1000	0.283000	1.508359	1000	0.283000	0.283000	0.258828	
1000	0.288000	1.508359	1000	0.288000	0.288000	0.259423	
1000	0.296000	1.508359	1000	0.296000	0.296000	0.260155	
1000	0.262000	1.508359	1000	0.262000	0.262000	0.260191	
1000	0.298000	1.508359	1000	0.298000	0.298000	0.260918	
1000	0.276000	1.508359	1000	0.276000	0.276000	0.261203	
1000	0.288000	1.508359	1000	0.288000	0.288000	0.261699	
1000	0.276000	1.508359	1000	0.276000	0.276000	0.261959	
1000	0.266000	1.508359	1000	0.266000	0.266000	0.262031	
1000	0.281000	1.508359	1000	0.281000	0.281000	0.262364	
1000	0.242000	1.508359	1000	0.242000	0.242000	0.262013	
1000	0.277000	1.508359	1000	0.277000	0.277000	0.262267	
1000	0.273000	1.508359	1000	0.273000	0.273000	0.262446	
1000	0.276000	1.508359	1000	0.276000	0.276000	0.262668	
1000	0.276000	1.508359	1000	0.276000	0.276000	0.262883	
1000	0.283000	1.508359	1000	0.283000	0.283000	0.263202	
1000	0.261000	1.508359	1000	0.261000	0.261000	0.263168	
1000	0.242000	1.508359	1000	0.242000	0.242000	0.262842	
1000	0.285000	1.508359	1000	0.285000	0.285000	0.263178	
1000	0.266000	1.508359	1000	0.266000	0.266000	0.263220	
1000	0.280000	1.508359	1000	0.280000	0.280000	0.263467	
1000	0.280000	1.508359	1000	0.280000	0.280000	0.263706	
1000	0.260000	1.508359	1000	0.260000	0.260000	0.263653	
1000	0.286000	1.508359	1000	0.286000	0.286000	0.263968	
1000	0.258000	1.508359	1000	0.258000	0.258000	0.263885	
1000	0.259000	1.508359	1000	0.259000	0.259000	0.263818	
1000	0.261000	1.508359	1000	0.261000	0.261000	0.263780	
1000	0.271000	1.508359	1000	0.271000	0.271000	0.263876	
1000	0.276000	1.508359	1000	0.276000	0.276000	0.264036	
1000	0.314000	1.508359	1000	0.314000	0.314000	0.264685	
1000	0.271000	1.508359	1000	0.271000	0.271000	0.264766	
1000	0.274000	1.508359	1000	0.274000	0.274000	0.264883	
1000	0.268000	1.508359	1000	0.268000	0.268000	0.264922	
1000	0.271000	1.508359	1000	0.271000	0.271000	0.264997	
1000	0.238000	1.508359	1000	0.238000	0.238000	0.264668	
1000	0.271000	1.508359	1000	0.271000	0.271000	0.264744	
1000	0.273000	1.508359	1000	0.273000	0.273000	0.264842	
1000	0.252000	1.508359	1000	0.252000	0.252000	0.264691	
1000	0.271000	1.508359	1000	0.271000	0.271000	0.264764	
1000	0.287000	1.508359	1000	0.287000	0.287000	0.265020	
1000	0.230000	1.508359	1000	0.230000	0.230000	0.264622	
1000	0.268000	1.508359	1000	0.268000	0.268000	0.264660	
1000	0.283000	1.508359	1000	0.283000	0.283000	0.264864	
1000	0.264000	1.508359	1000	0.264000	0.264000	0.264854	
1000	0.256000	1.508359	1000	0.256000	0.256000	0.264758	
1000	0.273000	1.508359	1000	0.273000	0.273000	0.264847	
1000	0.277000	1.508359	1000	0.277000	0.277000	0.264976	
1000	0.272000	1.508359	1000	0.272000	0.272000	0.265050	
1000	0.271000	1.508359	1000	0.271000	0.271000	0.265112	
1000	0.282000	1.508359	1000	0.282000	0.282000	0.265286	
1000	0.301000	1.508359	1000	0.301000	0.301000	0.265650	
1000	0.274000	1.508359	1000	0.274000	0.274000	0.265735	
1000	0.261000	1.508359	1000	0.261000	0.261000	0.265687	
1000	0.241000	1.508359	1000	0.241000	0.241000	0.265443	
1000	0.290000	1.508359	1000	0.290000	0.290000	0.265684	
1000	0.283000	1.508359	1000	0.283000	0.283000	0.265852	
1000	0.301000	1.508359	1000	0.301000	0.301000	0.266190	
1000	0.261000	1.508359	1000	0.261000	0.261000	0.266140	
1000	0.277000	1.508359	1000	0.277000	0.277000	0.266243	
1000	0.272000	1.508359	1000	0.272000	0.272000	0.266297	
1000	0.294000	1.508359	1000	0.294000	0.294000	0.266553	
1000	0.267000	1.508359	1000	0.267000	0.267000	0.266557	
1000	0.251000	1.508359	1000	0.251000	0.251000	0.266416	
1000	0.269000	1.508359	1000	0.269000	0.269000	0.266439	
1000	0.286000	1.508359	1000	0.286000	0.286000	0.266614	
1000	0.257000	1.508359	1000	0.257000	0.257000	0.266529	
1000	0.253000	1.508359	1000	0.253000	0.253000	0.266410	
1000	0.265000	1.508359	1000	0.265000	0.265000	0.266398	
1000	0.273000	1.508359	1000	0.273000	0.273000	0.266455	
1000	0.278000	1.508359	1000	0.278000	0.278000	0.266553	
1000	0.277000	1.508359	1000	0.277000	0.277000	0.266642	
1000	0.287000	1.508359	1000	0.287000	0.287000	0.266813	
1000	0.260000	1.508359	1000	0.260000	0.260000	0.266756	
1000	0.296000	1.508359	1000	0.296000	0.296000	0.266998	
1000	0.288000	1.508359	1000	0.288000	0.288000	0.267170	
1000	0.274000	1.508359	1000	0.274000	0.274000	0.267225	
1000	0.290000	1.508359	1000	0.290000	0.290000	0.267409	
1000	0.282000	1.508359	1000	0.282000	0.282000	0.267526	
1000	0.243000	1.508359	1000	0.243000	0.243000	0.267331	
1000	0.290000	1.508359	1000	0.290000	0.290000	0.267510	
1000	0.255000	1.508359	1000	0.255000	0.255000	0.267412	
1000	0.261000	1.508359	1000	0.261000	0.261000	0.267362	
1000	0.275000	1.508359	1000	0.275000	0.275000	0.267421	
1000	0.274000	1.508359	1000	0.274000	0.274000	0.267471	
1000	0.285000	1.508359	1000	0.285000	0.285000	0.267604	
1000	0.260000	1.508359	1000	0.260000	0.260000	0.267547	
1000	0.284000	1.508359	1000	0.284000	0.284000	0.267670	
1000	0.252000	1.508359	1000	0.252000	0.252000	0.267554	
1000	0.285000	1.508359	1000	0.285000	0.285000	0.267682	
1000	0.254000	1.508359	1000	0.254000	0.254000	0.267582	
1000	0.265000	1.508359	1000	0.265000	0.265000	0.267563	
1000	0.299000	1.508359	1000	0.299000	0.299000	0.267789	
1000	0.249000	1.508359	1000	0.249000	0.249000	0.267655	
1000	0.289000	1.508359	1000	0.289000	0.289000	0.267807	
1000	0.265000	1.508359	1000	0.265000	0.265000	0.267787	
1000	0.234000	1.508359	1000	0.234000	0.234000	0.267551	
1000	0.264000	1.508359	1000	0.264000	0.264000	0.267526	
1000	0.269000	1.508359	1000	0.269000	0.269000	0.267536	
1000	0.262000	1.508359	1000	0.262000	0.262000	0.267498	
1000	0.212000	1.508359	1000	0.212000	0.212000	0.267121	
1000	0.295000	1.508359	1000	0.295000	0.295000	0.267309	
1000	0.271000	1.508359	1000	0.271000	0.271000	0.267334	
1000	0.263000	1.508359	1000	0.263000	0.263000	0.267305	
1000	0.271000	1.508359	1000	0.271000	0.271000	0.267329	
1000	0.244000	1.508359	1000	0.244000	0.244000	0.267176	
1000	0.295000	1.508359	1000	0.295000	0.295000	0.267358	
1000	0.273000	1.508359	1000	0.273000	0.273000	0.267394	
1000	0.265000	1.508359	1000	0.265000	0.265000	0.267379	
1000	0.277000	1.508359	1000	0.277000	0.277000	0.267441	
1000	0.262000	1.508359	1000	0.262000	0.262000	0.267406	
1000	0.276000	1.508359	1000	0.276000	0.276000	0.267460	
1000	0.249000	1.508359	1000	0.249000	0.249000	0.267344	
1000	0.249000	1.508359	1000	0.249000	0.249000	0.267230	
1000	0.274000	1.508359	1000	0.274000	0.274000	0.267272	
1000	0.277000	1.508359	1000	0.277000	0.277000	0.267332	
1000	0.284000	1.508359	1000	0.284000	0.284000	0.267434	
1000	0.286000	1.508359	1000	0.286000	0.286000	0.267547	
1000	0.254000	1.508359	1000	0.254000	0.254000	0.267465	
1000	0.298000	1.508359	1000	0.298000	0.298000	0.267649	
1000	0.250000	1.508359	1000	0.250000	0.250000	0.267543	
1000	0.270000	1.508359	1000	0.270000	0.270000	0.267558	
1000	0.266000	1.508359	1000	0.266000	0.266000	0.267549	
1000	0.291000	1.508359	1000	0.291000	0.291000	0.267687	
1000	0.295000	1.508359	1000	0.295000	0.295000	0.267846	
1000	0.245000	1.508359	1000	0.245000	0.245000	0.267714	
1000	0.271000	1.508359	1000	0.271000	0.271000	0.267733	
1000	0.285000	1.508359	1000	0.285000	0.285000	0.267832	
1000	0.223000	1.508359	1000	0.223000	0.223000	0.267576	
1000	0.278000	1.508359	1000	0.278000	0.278000	0.267635	
1000	0.282000	1.508359	1000	0.282000	0.282000	0.267716	
1000	0.249000	1.508359	1000	0.249000	0.249000	0.267611	
1000	0.244000	1.508359	1000	0.244000	0.244000	0.267479	
1000	0.255000	1.508359	1000	0.255000	0.255000	0.267410	
1000	0.279000	1.508359	1000	0.279000	0.279000	0.267474	
1000	0.272000	1.508359	1000	0.272000	0.272000	0.267499	
1000	0.311000	1.508359	1000	0.311000	0.311000	0.267736	
1000	0.279000	1.508359	1000	0.279000	0.279000	0.267797	
1000	0.278000	1.508359	1000	0.278000	0.278000	0.267853	
1000	0.281000	1.508359	1000	0.281000	0.281000	0.267923	
1000	0.316000	1.508359	1000	0.316000	0.316000	0.268180	
1000	0.293000	1.508359	1000	0.293000	0.293000	0.268312	
1000	0.275000	1.508359	1000	0.275000	0.275000	0.268348	
1000	0.269000	1.508359	1000	0.269000	0.269000	0.268351	
1000	0.310000	1.508359	1000	0.310000	0.310000	0.268569	
1000	0.266000	1.508359	1000	0.266000	0.266000	0.268556	
1000	0.287000	1.508359	1000	0.287000	0.287000	0.268651	
1000	0.271000	1.508359	1000	0.271000	0.271000	0.268664	
1000	0.255000	1.508359	1000	0.255000	0.255000	0.268593	
1000	0.279000	1.508359	1000	0.279000	0.279000	0.268647	
1000	0.270000	1.508359	1000	0.270000	0.270000	0.268653	
1000	0.283000	1.508359	1000	0.283000	0.283000	0.268726	
1000	0.301000	1.508359	1000	0.301000	0.301000	0.268888	
1000	0.252000	1.508359	1000	0.252000	0.252000	0.268804	
1000	0.273000	1.508359	1000	0.273000	0.273000	0.268825	
1000	0.254000	1.508359	1000	0.254000	0.254000	0.268751	
1000	0.273000	1.508359	1000	0.273000	0.273000	0.268772	
1000	0.296000	1.508359	1000	0.296000	0.296000	0.268906	
1000	0.275000	1.508359	1000	0.275000	0.275000	0.268935	
1000	0.269000	1.508359	1000	0.269000	0.269000	0.268936	
1000	0.290000	1.508359	1000	0.290000	0.290000	0.269037	
1000	0.289000	1.508359	1000	0.289000	0.289000	0.269133	
1000	0.303000	1.508359	1000	0.303000	0.303000	0.269295	
1000	0.255000	1.508359	1000	0.255000	0.255000	0.269227	
1000	0.283000	1.508359	1000	0.283000	0.283000	0.269293	
1000	0.263000	1.508359	1000	0.263000	0.263000	0.269263	
1000	0.283000	1.508359	1000	0.283000	0.283000	0.269327	
1000	0.271000	1.508359	1000	0.271000	0.271000	0.269335	
1000	0.255000	1.508359	1000	0.255000	0.255000	0.269269	
1000	0.265000	1.508359	1000	0.265000	0.265000	0.269249	
1000	0.302000	1.508359	1000	0.302000	0.302000	0.269400	
1000	0.258000	1.508359	1000	0.258000	0.258000	0.269347	
1000	0.262000	1.508359	1000	0.262000	0.262000	0.269314	
1000	0.251000	1.508359	1000	0.251000	0.251000	0.269231	
1000	0.229000	1.508359	1000	0.229000	0.229000	0.269049	
1000	0.253000	1.508359	1000	0.253000	0.253000	0.268976	
1000	0.288000	1.508359	1000	0.288000	0.288000	0.269062	
1000	0.253000	1.508359	1000	0.253000	0.253000	0.268990	
1000	0.278000	1.508359	1000	0.278000	0.278000	0.269030	
1000	0.282000	1.508359	1000	0.282000	0.282000	0.269087	
1000	0.234000	1.508359	1000	0.234000	0.234000	0.268933	
1000	0.278000	1.508359	1000	0.278000	0.278000	0.268973	
1000	0.274000	1.508359	1000	0.274000	0.274000	0.268994	
1000	0.269000	1.508359	1000	0.269000	0.269000	0.268994	
1000	0.297000	1.508359	1000	0.297000	0.297000	0.269116	
1000	0.309000	1.508359	1000	0.309000	0.309000	0.269288	
1000	0.271000	1.508359	1000	0.271000	0.271000	0.269295	
1000	0.251000	1.508359	1000	0.251000	0.251000	0.269217	
1000	0.318000	1.508359	1000	0.318000	0.318000	0.269424	
1000	0.274000	1.508359	1000	0.274000	0.274000	0.269444	
1000	0.233000	1.508359	1000	0.233000	0.233000	0.269290	
1000	0.298000	1.508359	1000	0.298000	0.298000	0.269411	
1000	0.241000	1.508359	1000	0.241000	0.241000	0.269292	
1000	0.289000	1.508359	1000	0.289000	0.289000	0.269374	
1000	0.273000	1.508359	1000	0.273000	0.273000	0.269389	
1000	0.284000	1.508359	1000	0.284000	0.284000	0.269449	
1000	0.230000	1.508359	1000	0.230000	0.230000	0.269287	
1000	0.253000	1.508359	1000	0.253000	0.253000	0.269220	
1000	0.295000	1.508359	1000	0.295000	0.295000	0.269325	
1000	0.270000	1.508359	1000	0.270000	0.270000	0.269328	
1000	0.264000	1.508359	1000	0.264000	0.264000	0.269307	
1000	0.265000	1.508359	1000	0.265000	0.265000	0.269289	
1000	0.260000	1.508359	1000	0.260000	0.260000	0.269252	
1000	0.282000	1.508359	1000	0.282000	0.282000	0.269303	
1000	0.243000	1.508359	1000	0.243000	0.243000	0.269198	
1000	0.278000	1.508359	1000	0.278000	0.278000	0.269233	
1000	0.283000	1.508359	1000	0.283000	0.283000	0.269287	
1000	0.280000	1.508359	1000	0.280000	0.280000	0.269330	
1000	0.237000	1.508359	1000	0.237000	0.237000	0.269203	
1000	0.271000	1.508359	1000	0.271000	0.271000	0.269210	
1000	0.255000	1.508359	1000	0.255000	0.255000	0.269155	
1000	0.287000	1.508359	1000	0.287000	0.287000	0.269224	
1000	0.263000	1.508359	1000	0.263000	0.263000	0.269200	
1000	0.278000	1.508359	1000	0.278000	0.278000	0.269234	
1000	0.287000	1.508359	1000	0.287000	0.287000	0.269302	
1000	0.283000	1.508359	1000	0.283000	0.283000	0.269354	
1000	0.298000	1.508359	1000	0.298000	0.298000	0.269463	
1000	0.268000	1.508359	1000	0.268000	0.268000	0.269457	
1000	0.261000	1.508359	1000	0.261000	0.261000	0.269425	
1000	0.250000	1.508359	1000	0.250000	0.250000	0.269352	
1000	0.237000	1.508359	1000	0.237000	0.237000	0.269231	
1000	0.269000	1.508359	1000	0.269000	0.269000	0.269230	
1000	0.281000	1.508359	1000	0.281000	0.281000	0.269274	
1000	0.275000	1.508359	1000	0.275000	0.275000	0.269295	
1000	0.276000	1.508359	1000	0.276000	0.276000	0.269320	
1000	0.281000	1.508359	1000	0.281000	0.281000	0.269363	
1000	0.260000	1.508359	1000	0.260000	0.260000	0.269329	
1000	0.276000	1.508359	1000	0.276000	0.276000	0.269353	
1000	0.260000	1.508359	1000	0.260000	0.260000	0.269319	
1000	0.259000	1.508359	1000	0.259000	0.259000	0.269282	
1000	0.253000	1.508359	1000	0.253000	0.253000	0.269223	
1000	0.260000	1.508359	1000	0.260000	0.260000	0.269190	
1000	0.217000	1.508359	1000	0.217000	0.217000	0.269003	
1000	0.272000	1.508359	1000	0.272000	0.272000	0.269013	
1000	0.298000	1.508359	1000	0.298000	0.298000	0.269116	
1000	0.281000	1.508359	1000	0.281000	0.281000	0.269159	
1000	0.269000	1.508359	1000	0.269000	0.269000	0.269158	
1000	0.297000	1.508359	1000	0.297000	0.297000	0.269256	
1000	0.262000	1.508359	1000	0.262000	0.262000	0.269231	
1000	0.306000	1.508359	1000	0.306000	0.306000	0.269359	
1000	0.264000	1.508359	1000	0.264000	0.264000	0.269341	
1000	0.293000	1.508359	1000	0.293000	0.293000	0.269423	
1000	0.282000	1.508359	1000	0.282000	0.282000	0.269466	
1000	0.295000	1.508359	1000	0.295000	0.295000	0.269554	
1000	0.255000	1.508359	1000	0.255000	0.255000	0.269504	
1000	0.267000	1.508359	1000	0.267000	0.267000	0.269496	
1000	0.270000	1.508359	1000	0.270000	0.270000	0.269497	
1000	0.287000	1.508359	1000	0.287000	0.287000	0.269557	
1000	0.275000	1.508359	1000	0.275000	0.275000	0.269575	
1000	0.282000	1.508359	1000	0.282000	0.282000	0.269617	
1000	0.275000	1.508359	1000	0.275000	0.275000	0.269635	
1000	0.264000	1.508359	1000	0.264000	0.264000	0.269617	
1000	0.289000	1.508359	1000	0.289000	0.289000	0.269681	
1000	0.293000	1.508359	1000	0.293000	0.293000	0.269759	
1000	0.271000	1.508359	1000	0.271000	0.271000	0.269763	
1000	0.236000	1.508359	1000	0.236000	0.236000	0.269651	
1000	0.261000	1.508359	1000	0.261000	0.261000	0.269623	
1000	0.277000	1.508359	1000	0.277000	0.277000	0.269647	
1000	0.294000	1.508359	1000	0.294000	0.294000	0.269727	
1000	0.301000	1.508359	1000	0.301000	0.301000	0.269829	
1000	0.301000	1.508359	1000	0.301000	0.301000	0.269931	
1000	0.250000	1.508359	1000	0.250000	0.250000	0.269866	
1000	0.253000	1.508359	1000	0.253000	0.253000	0.269811	
1000	0.269000	1.508359	1000	0.269000	0.269000	0.269809	
1000	0.232000	1.508359	1000	0.232000	0.232000	0.269687	
1000	0.278000	1.508359	1000	0.278000	0.278000	0.269714	
1000	0.313000	1.508359	1000	0.313000	0.313000	0.269852	
1000	0.302000	1.508359	1000	0.302000	0.302000	0.269955	
1000	0.284000	1.508359	1000	0.284000	0.284000	0.269999	
1000	0.245000	1.508359	1000	0.245000	0.245000	0.269920	
1000	0.265000	1.508359	1000	0.265000	0.265000	0.269905	
1000	0.282000	1.508359	1000	0.282000	0.282000	0.269943	
1000	0.325000	1.508359	1000	0.325000	0.325000	0.270115	
1000	0.273000	1.508359	1000	0.273000	0.273000	0.270124	
1000	0.280000	1.508359	1000	0.280000	0.280000	0.270155	
1000	0.260000	1.508359	1000	0.260000	0.260000	0.270123	
1000	0.243000	1.508359	1000	0.243000	0.243000	0.270039	
1000	0.270000	1.508359	1000	0.270000	0.270000	0.270039	
1000	0.283000	1.508359	1000	0.283000	0.283000	0.270079	
1000	0.305000	1.508359	1000	0.305000	0.305000	0.270186	
1000	0.268000	1.508359	1000	0.268000	0.268000	0.270180	
1000	0.263000	1.508359	1000	0.263000	0.263000	0.270158	
1000	0.268000	1.508359	1000	0.268000	0.268000	0.270151	
1000	0.267000	1.508359	1000	0.267000	0.267000	0.270142	
1000	0.266000	1.508359	1000	0.266000	0.266000	0.270129	
1000	0.290000	1.508359	1000	0.290000	0.290000	0.270189	
1000	0.275000	1.508359	1000	0.275000	0.275000	0.270203	
1000	0.261000	1.508359	1000	0.261000	0.261000	0.270176	
1000	0.254000	1.508359	1000	0.254000	0.254000	0.270128	
1000	0.291000	1.508359	1000	0.291000	0.291000	0.270190	
1000	0.291000	1.508359	1000	0.291000	0.291000	0.270251	
1000	0.274000	1.508359	1000	0.274000	0.274000	0.270263	
1000	0.278000	1.508359	1000	0.278000	0.278000	0.270285	
1000	0.238000	1.508359	1000	0.238000	0.238000	0.270190	
1000	0.269000	1.508359	1000	0.269000	0.269000	0.270187	
1000	0.255000	1.508359	1000	0.255000	0.255000	0.270142	
1000	0.233000	1.508359	1000	0.233000	0.233000	0.270034	
1000	0.262000	1.508359	1000	0.262000	0.262000	0.270011	
1000	0.281000	1.508359	1000	0.281000	0.281000	0.270043	
1000	0.266000	1.508359	1000	0.266000	0.266000	0.270031	
1000	0.300000	1.508359	1000	0.300000	0.300000	0.270117	
1000	0.282000	1.508359	1000	0.282000	0.282000	0.270152	
1000	0.304000	1.508359	1000	0.304000	0.304000	0.270249	
1000	0.269000	1.508359	1000	0.269000	0.269000	0.270245	
1000	0.236000	1.508359	1000	0.236000	0.236000	0.270147	
1000	0.265000	1.508359	1000	0.265000	0.265000	0.270133	
1000	0.296000	1.508359	1000	0.296000	0.296000	0.270206	
1000	0.267000	1.508359	1000	0.267000	0.267000	0.270197	
1000	0.262000	1.508359	1000	0.262000	0.262000	0.270174	
1000	0.274000	1.508359	1000	0.274000	0.274000	0.270185	
1000	0.262000	1.508359	1000	0.262000	0.262000	0.270162	
1000	0.241000	1.508359	1000	0.241000	0.241000	0.270080	
1000	0.295000	1.508359	1000	0.295000	0.295000	0.270150	
1000	0.260000	1.508359	1000	0.260000	0.260000	0.270121	
1000	0.222000	1.508359	1000	0.222000	0.222000	0.269988	
1000	0.244000	1.508359	1000	0.244000	0.244000	0.269916	
1000	0.286000	1.508359	1000	0.286000	0.286000	0.269961	
1000	0.289000	1.508359	1000	0.289000	0.289000	0.270013	
1000	0.279000	1.508359	1000	0.279000	0.279000	0.270038	
1000	0.298000	1.508359	1000	0.298000	0.298000	0.270114	
1000	0.252000	1.508359	1000	0.252000	0.252000	0.270065	
1000	0.250000	1.508359	1000	0.250000	0.250000	0.270010	
1000	0.262000	1.508359	1000	0.262000	0.262000	0.269988	
1000	0.237000	1.508359	1000	0.237000	0.237000	0.269899	
1000	0.268000	1.508359	1000	0.268000	0.268000	0.269894	
1000	0.277000	1.508359	1000	0.277000	0.277000	0.269913	
1000	0.255000	1.508359	1000	0.255000	0.255000	0.269873	
1000	0.250000	1.508359	1000	0.250000	0.250000	0.269820	
1000	0.252000	1.508359	1000	0.252000	0.252000	0.269773	
1000	0.272000	1.508359	1000	0.272000	0.272000	0.269779	
1000	0.284000	1.508359	1000	0.284000	0.284000	0.269816	
1000	0.253000	1.508359	1000	0.253000	0.253000	0.269772	
1000	0.283000	1.508359	1000	0.283000	0.283000	0.269807	
1000	0.262000	1.508359	1000	0.262000	0.262000	0.269786	
1000	0.300000	1.508359	1000	0.300000	0.300000	0.269865	
1000	0.298000	1.508359	1000	0.298000	0.298000	0.269939	
1000	0.293000	1.508359	1000	0.293000	0.293000	0.269999	
1000	0.252000	1.508359	1000	0.252000	0.252000	0.269952	
1000	0.256000	1.508359	1000	0.256000	0.256000	0.269916	
1000	0.270000	1.508359	1000	0.270000	0.270000	0.269916	
1000	0.314000	1.508359	1000	0.314000	0.314000	0.270030	
1000	0.238000	1.508359	1000	0.238000	0.238000	0.269948	
1000	0.265000	1.508359	1000	0.265000	0.265000	0.269935	
1000	0.276000	1.508359	1000	0.276000	0.276000	0.269951	
1000	0.247000	1.508359	1000	0.247000	0.247000	0.269892	
1000	0.268000	1.508359	1000	0.268000	0.268000	0.269887	
1000	0.263000	1.508359	1000	0.263000	0.263000	0.269870	
1000	0.283000	1.508359	1000	0.283000	0.283000	0.269903	
1000	0.241000	1.508359	1000	0.241000	0.241000	0.269830	
1000	0.271000	1.508359	1000	0.271000	0.271000	0.269833	
1000	0.296000	1.508359	1000	0.296000	0.296000	0.269899	
1000	0.303000	1.508359	1000	0.303000	0.303000	0.269982	
1000	0.276000	1.508359	1000	0.276000	0.276000	0.269997	
1000	0.275000	1.508359	1000	0.275000	0.275000	0.270009	
1000	0.246000	1.508359	1000	0.246000	0.246000	0.269949	
1000	0.301000	1.508359	1000	0.301000	0.301000	0.270027	
1000	0.268000	1.508359	1000	0.268000	0.268000	0.270022	
1000	0.281000	1.508359	1000	0.281000	0.281000	0.270049	
1000	0.280000	1.508359	1000	0.280000	0.280000	0.270073	
1000	0.282000	1.508359	1000	0.282000	0.282000	0.270103	
1000	0.268000	1.508359	1000	0.268000	0.268000	0.270098	
1000	0.253000	1.508359	1000	0.253000	0.253000	0.270056	
1000	0.264000	1.508359	1000	0.264000	0.264000	0.270041	
1000	0.301000	1.508359	1000	0.301000	0.301000	0.270116	
1000	0.288000	1.508359	1000	0.288000	0.288000	0.270160	
1000	0.301000	1.508359	1000	0.301000	0.301000	0.270235	
1000	0.267000	1.508359	1000	0.267000	0.267000	0.270227	
1000	0.281000	1.508359	1000	0.281000	0.281000	0.270253	
1000	0.293000	1.508359	1000	0.293000	0.293000	0.270308	
1000	0.260000	1.508359	1000	0.260000	0.260000	0.270283	
1000	0.286000	1.508359	1000	0.286000	0.286000	0.270321	
1000	0.287000	1.508359	1000	0.287000	0.287000	0.270361	
1000	0.302000	1.508359	1000	0.302000	0.302000	0.270436	
1000	0.268000	1.508359	1000	0.268000	0.268000	0.270430	
1000	0.273000	1.508359	1000	0.273000	0.273000	0.270436	
1000	0.282000	1.508359	1000	0.282000	0.282000	0.270464	
1000	0.289000	1.508359	1000	0.289000	0.289000	0.270508	
1000	0.278000	1.508359	1000	0.278000	0.278000	0.270525	
1000	0.256000	1.508359	1000	0.256000	0.256000	0.270491	
1000	0.275000	1.508359	1000	0.275000	0.275000	0.270502	
1000	0.299000	1.508359	1000	0.299000	0.299000	0.270568	
1000	0.280000	1.508359	1000	0.280000	0.280000	0.270590	
1000	0.272000	1.508359	1000	0.272000	0.272000	0.270594	
1000	0.256000	1.508359	1000	0.256000	0.256000	0.270560	
1000	0.292000	1.508359	1000	0.292000	0.292000	0.270610	
1000	0.287000	1.508359	1000	0.287000	0.287000	0.270648	
1000	0.292000	1.508359	1000	0.292000	0.292000	0.270697	
1000	0.288000	1.508359	1000	0.288000	0.288000	0.270737	
1000	0.271000	1.508359	1000	0.271000	0.271000	0.270737	
1000	0.261000	1.508359	1000	0.261000	0.261000	0.270715	
1000	0.272000	1.508359	1000	0.272000	0.272000	0.270718	
1000	0.265000	1.508359	1000	0.265000	0.265000	0.270705	
1000	0.245000	1.508359	1000	0.245000	0.245000	0.270646	
1000	0.272000	1.508359	1000	0.272000	0.272000	0.270649	
1000	0.258000	1.508359	1000	0.258000	0.258000	0.270621	
1000	0.284000	1.508359	1000	0.284000	0.284000	0.270651	
1000	0.272000	1.508359	1000	0.272000	0.272000	0.270654	
1000	0.285000	1.508359	1000	0.285000	0.285000	0.270686	
1000	0.289000	1.508359	1000	0.289000	0.289000	0.270727	
1000	0.282000	1.508359	1000	0.282000	0.282000	0.270753	
1000	0.279000	1.508359	1000	0.279000	0.279000	0.270771	
1000	0.283000	1.508359	1000	0.283000	0.283000	0.270799	
1000	0.279000	1.508359	1000	0.279000	0.279000	0.270817	
1000	0.251000	1.508359	1000	0.251000	0.251000	0.270773	
1000	0.304000	1.508359	1000	0.304000	0.304000	0.270846	
1000	0.255000	1.508359	1000	0.255000	0.255000	0.270811	
1000	0.288000	1.508359	1000	0.288000	0.288000	0.270849	
1000	0.294000	1.508359	1000	0.294000	0.294000	0.270900	
1000	0.255000	1.508359	1000	0.255000	0.255000	0.270865	
1000	0.293000	1.508359	1000	0.293000	0.293000	0.270914	
1000	0.263000	1.508359	1000	0.263000	0.263000	0.270897	
1000	0.287000	1.508359	1000	0.287000	0.287000	0.270932	
1000	0.249000	1.508359	1000	0.249000	0.249000	0.270884	
1000	0.276000	1.508359	1000	0.276000	0.276000	0.270895	
1000	0.252000	1.508359	1000	0.252000	0.252000	0.270854	
1000	0.265000	1.508359	1000	0.265000	0.265000	0.270841	
1000	0.293000	1.508359	1000	0.293000	0.293000	0.270889	
1000	0.249000	1.508359	1000	0.249000	0.249000	0.270842	
1000	0.270000	1.508359	1000	0.270000	0.270000	0.270840	
1000	0.271000	1.508359	1000	0.271000	0.271000	0.270841	
1000	0.267000	1.508359	1000	0.267000	0.267000	0.270832	
1000	0.296000	1.508359	1000	0.296000	0.296000	0.270886	
1000	0.281000	1.508359	1000	0.281000	0.281000	0.270908	
1000	0.258000	1.508359	1000	0.258000	0.258000	0.270880	
1000	0.265000	1.508359	1000	0.265000	0.265000	0.270868	
1000	0.287000	1.508359	1000	0.287000	0.287000	0.270902	
1000	0.264000	1.508359	1000	0.264000	0.264000	0.270887	
1000	0.279000	1.508359	1000	0.279000	0.279000	0.270904	
1000	0.271000	1.508359	1000	0.271000	0.271000	0.270905	
1000	0.264000	1.508359	1000	0.264000	0.264000	0.270890	
1000	0.264000	1.508359	1000	0.264000	0.264000	0.270876	
1000	0.261000	1.508359	1000	0.261000	0.261000	0.270855	
1000	0.262000	1.508359	1000	0.262000	0.262000	0.270837	
1000	0.280000	1.508359	1000	0.280000	0.280000	0.270856	
1000	0.262000	1.508359	1000	0.262000	0.262000	0.270837	
1000	0.298000	1.508359	1000	0.298000	0.298000	0.270894	
1000	0.290000	1.508359	1000	0.290000	0.290000	0.270933	
1000	0.270000	1.508359	1000	0.270000	0.270000	0.270931	
1000	0.251000	1.508359	1000	0.251000	0.251000	0.270890	
1000	0.265000	1.508359	1000	0.265000	0.265000	0.270878	
1000	0.287000	1.508359	1000	0.287000	0.287000	0.270911	
1000	0.287000	1.508359	1000	0.287000	0.287000	0.270944	
1000	0.271000	1.508359	1000	0.271000	0.271000	0.270944	
1000	0.273000	1.508359	1000	0.273000	0.273000	0.270948	
1000	0.255000	1.508359	1000	0.255000	0.255000	0.270916	
1000	0.263000	1.508359	1000	0.263000	0.263000	0.270900	
1000	0.291000	1.508359	1000	0.291000	0.291000	0.270941	
1000	0.310000	1.508359	1000	0.310000	0.310000	0.271020	
1000	0.256000	1.508359	1000	0.256000	0.256000	0.270989	
1000	0.284000	1.508359	1000	0.284000	0.284000	0.271016	
1000	0.270000	1.508359	1000	0.270000	0.270000	0.271014	
1000	0.272000	1.508359	1000	0.272000	0.272000	0.271016	
1000	0.290000	1.508359	1000	0.290000	0.290000	0.271054	
1000	0.283000	1.508359	1000	0.283000	0.283000	0.271077	
1000	0.288000	1.508359	1000	0.288000	0.288000	0.271111	
1000	0.212000	1.508359	1000	0.212000	0.212000	0.270993	
1000	0.252000	1.508359	1000	0.252000	0.252000	0.270956	
1000	0.271000	1.508359	1000	0.271000	0.271000	0.270956	
1000	0.288000	1.508359	1000	0.288000	0.288000	0.270990	
1000	0.254000	1.508359	1000	0.254000	0.254000	0.270956	
1000	0.272000	1.508359	1000	0.272000	0.272000	0.270958	
1000	0.266000	1.508359	1000	0.266000	0.266000	0.270948	
1000	0.251000	1.508359	1000	0.251000	0.251000	0.270909	
1000	0.289000	1.508359	1000	0.289000	0.289000	0.270945	
1000	0.239000	1.508359	1000	0.239000	0.239000	0.270882	
1000	0.277000	1.508359	1000	0.277000	0.277000	0.270894	
1000	0.284000	1.508359	1000	0.284000	0.284000	0.270920	
1000	0.276000	1.508359	1000	0.276000	0.276000	0.270929	
1000	0.269000	1.508359	1000	0.269000	0.269000	0.270926	
1000	0.297000	1.508359	1000	0.297000	0.297000	0.270976	
1000	0.295000	1.508359	1000	0.295000	0.295000	0.271023	
1000	0.290000	1.508359	1000	0.290000	0.290000	0.271059	
1000	0.253000	1.508359	1000	0.253000	0.253000	0.271025	
1000	0.299000	1.508359	1000	0.299000	0.299000	0.271078	
1000	0.243000	1.508359	1000	0.243000	0.243000	0.271024	
1000	0.252000	1.508359	1000	0.252000	0.252000	0.270988	
1000	0.281000	1.508359	1000	0.281000	0.281000	0.271007	
1000	0.257000	1.508359	1000	0.257000	0.257000	0.270980	
1000	0.245000	1.508359	1000	0.245000	0.245000	0.270931	
1000	0.281000	1.508359	1000	0.281000	0.281000	0.270950	
1000	0.285000	1.508359	1000	0.285000	0.285000	0.270977	
1000	0.277000	1.508359	1000	0.277000	0.277000	0.270988	
1000	0.231000	1.508359	1000	0.231000	0.231000	0.270913	
1000	0.277000	1.508359	1000	0.277000	0.277000	0.270924	
1000	0.264000	1.508359	1000	0.264000	0.264000	0.270911	
1000	0.280000	1.508359	1000	0.280000	0.280000	0.270928	
1000	0.269000	1.508359	1000	0.269000	0.269000	0.270924	
1000	0.286000	1.508359	1000	0.286000	0.286000	0.270953	
1000	0.271000	1.508359	1000	0.271000	0.271000	0.270953	
1000	0.270000	1.508359	1000	0.270000	0.270000	0.270951	
1000	0.283000	1.508359	1000	0.283000	0.283000	0.270973	
1000	0.263000	1.508359	1000	0.263000	0.263000	0.270959	
1000	0.274000	1.508359	1000	0.274000	0.274000	0.270964	
1000	0.287000	1.508359	1000	0.287000	0.287000	0.270994	
1000	0.278000	1.508359	1000	0.278000	0.278000	0.271007	
1000	0.240000	1.508359	1000	0.240000	0.240000	0.270950	
1000	0.286000	1.508359	1000	0.286000	0.286000	0.270977	
1000	0.253000	1.508359	1000	0.253000	0.253000	0.270944	
1000	0.275000	1.508359	1000	0.275000	0.275000	0.270952	
1000	0.286000	1.508359	1000	0.286000	0.286000	0.270979	
1000	0.257000	1.508359	1000	0.257000	0.257000	0.270954	
1000	0.269000	1.508359	1000	0.269000	0.269000	0.270950	
1000	0.253000	1.508359	1000	0.253000	0.253000	0.270918	
1000	0.290000	1.508359	1000	0.290000	0.290000	0.270952	
1000	0.299000	1.508359	1000	0.299000	0.299000	0.271003	
1000	0.261000	1.508359	1000	0.261000	0.261000	0.270985	
1000	0.280000	1.508359	1000	0.280000	0.280000	0.271001	
1000	0.258000	1.508359	1000	0.258000	0.258000	0.270978	
1000	0.292000	1.508359	1000	0.292000	0.292000	0.271016	
1000	0.293000	1.508359	1000	0.293000	0.293000	0.271055	
1000	0.234000	1.508359	1000	0.234000	0.234000	0.270989	
1000	0.293000	1.508359	1000	0.293000	0.293000	0.271028	
1000	0.265000	1.508359	1000	0.265000	0.265000	0.271017	
1000	0.280000	1.508359	1000	0.280000	0.280000	0.271033	
1000	0.272000	1.508359	1000	0.272000	0.272000	0.271035	
1000	0.273000	1.508359	1000	0.273000	0.273000	0.271039	
1000	0.273000	1.508359	1000	0.273000	0.273000	0.271042	
1000	0.294000	1.508359	1000	0.294000	0.294000	0.271083	
1000	0.292000	1.508359	1000	0.292000	0.292000	0.271120	
1000	0.279000	1.508359	1000	0.279000	0.279000	0.271134	
1000	0.278000	1.508359	1000	0.278000	0.278000	0.271146	
1000	0.264000	1.508359	1000	0.264000	0.264000	0.271133	
1000	0.290000	1.508359	1000	0.290000	0.290000	0.271166	
1000	0.267000	1.508359	1000	0.267000	0.267000	0.271159	
1000	0.255000	1.508359	1000	0.255000	0.255000	0.271131	
1000	0.272000	1.508359	1000	0.272000	0.272000	0.271132	
1000	0.270000	1.508359	1000	0.270000	0.270000	0.271130	
1000	0.256000	1.508359	1000	0.256000	0.256000	0.271104	
1000	0.239000	1.508359	1000	0.239000	0.239000	0.271048	
1000	0.285000	1.508359	1000	0.285000	0.285000	0.271072	
1000	0.240000	1.508359	1000	0.240000	0.240000	0.271019	
1000	0.271000	1.508359	1000	0.271000	0.271000	0.271019	
1000	0.286000	1.508359	1000	0.286000	0.286000	0.271044	
1000	0.282000	1.508359	1000	0.282000	0.282000	0.271063	
1000	0.244000	1.508359	1000	0.244000	0.244000	0.271017	
1000	0.277000	1.508359	1000	0.277000	0.277000	0.271027	
1000	0.304000	1.508359	1000	0.304000	0.304000	0.271084	
1000	0.251000	1.508359	1000	0.251000	0.251000	0.271049	
1000	0.283000	1.508359	1000	0.283000	0.283000	0.271070	
1000	0.283000	1.508359	1000	0.283000	0.283000	0.271090	
1000	0.275000	1.508359	1000	0.275000	0.275000	0.271097	
1000	0.270000	1.508359	1000	0.270000	0.270000	0.271095	
1000	0.250000	1.508359	1000	0.250000	0.250000	0.271059	
1000	0.276000	1.508359	1000	0.276000	0.276000	0.271067	
1000	0.249000	1.508359	1000	0.249000	0.249000	0.271030	
1000	0.256000	1.508359	1000	0.256000	0.256000	0.271005	
1000	0.291000	1.508359	1000	0.291000	0.291000	0.271038	
1000	0.283000	1.508359	1000	0.283000	0.283000	0.271058	
1000	0.282000	1.508359	1000	0.282000	0.282000	0.271077	
1000	0.301000	1.508359	1000	0.301000	0.301000	0.271127	
1000	0.293000	1.508359	1000	0.293000	0.293000	0.271164	
1000	0.285000	1.508359	1000	0.285000	0.285000	0.271187	
1000	0.267000	1.508359	1000	0.267000	0.267000	0.271180	
1000	0.280000	1.508359	1000	0.280000	0.280000	0.271195	
1000	0.301000	1.508359	1000	0.301000	0.301000	0.271244	
1000	0.280000	1.508359	1000	0.280000	0.280000	0.271259	
1000	0.313000	1.508359	1000	0.313000	0.313000	0.271328	
1000	0.294000	1.508359	1000	0.294000	0.294000	0.271365	
1000	0.287000	1.508359	1000	0.287000	0.287000	0.271391	
1000	0.262000	1.508359	1000	0.262000	0.262000	0.271376	
1000	0.271000	1.508359	1000	0.271000	0.271000	0.271375	
1000	0.280000	1.508359	1000	0.280000	0.280000	0.271389	
1000	0.273000	1.508359	1000	0.273000	0.273000	0.271392	
1000	0.259000	1.508359	1000	0.259000	0.259000	0.271372	
1000	0.234000	1.508359	1000	0.234000	0.234000	0.271311	
1000	0.282000	1.508359	1000	0.282000	0.282000	0.271328	
1000	0.277000	1.508359	1000	0.277000	0.277000	0.271337	
1000	0.287000	1.508359	1000	0.287000	0.287000	0.271363	
1000	0.271000	1.508359	1000	0.271000	0.271000	0.271362	
1000	0.262000	1.508359	1000	0.262000	0.262000	0.271347	
1000	0.292000	1.508359	1000	0.292000	0.292000	0.271380	
1000	0.267000	1.508359	1000	0.267000	0.267000	0.271373	
1000	0.272000	1.508359	1000	0.272000	0.272000	0.271374	
1000	0.296000	1.508359	1000	0.296000	0.296000	0.271414	
1000	0.273000	1.508359	1000	0.273000	0.273000	0.271417	
1000	0.286000	1.508359	1000	0.286000	0.286000	0.271440	
1000	0.253000	1.508359	1000	0.253000	0.253000	0.271410	
1000	0.246000	1.508359	1000	0.246000	0.246000	0.271370	
1000	0.278000	1.508359	1000	0.278000	0.278000	0.271380	
1000	0.255000	1.508359	1000	0.255000	0.255000	0.271354	
1000	0.283000	1.508359	1000	0.283000	0.283000	0.271373	
1000	0.282000	1.508359	1000	0.282000	0.282000	0.271390	
1000	0.261000	1.508359	1000	0.261000	0.261000	0.271373	
1000	0.289000	1.508359	1000	0.289000	0.289000	0.271401	
1000	0.300000	1.508359	1000	0.300000	0.300000	0.271446	
1000	0.261000	1.508359	1000	0.261000	0.261000	0.271430	
1000	0.271000	1.508359	1000	0.271000	0.271000	0.271429	
1000	0.290000	1.508359	1000	0.290000	0.290000	0.271459	
1000	0.277000	1.508359	1000	0.277000	0.277000	0.271467	
1000	0.266000	1.508359	1000	0.266000	0.266000	0.271459	
1000	0.301000	1.508359	1000	0.301000	0.301000	0.271505	
1000	0.286000	1.508359	1000	0.286000	0.286000	0.271528	
1000	0.250000	1.508359	1000	0.250000	0.250000	0.271494	
1000	0.262000	1.508359	1000	0.262000	0.262000	0.271479	
1000	0.298000	1.508359	1000	0.298000	0.298000	0.271521	
1000	0.263000	1.508359	1000	0.263000	0.263000	0.271507	
1000	0.283000	1.508359	1000	0.283000	0.283000	0.271525	
1000	0.258000	1.508359	1000	0.258000	0.258000	0.271504	
1000	0.290000	1.508359	1000	0.290000	0.290000	0.271533	
1000	0.263000	1.508359	1000	0.263000	0.263000	0.271520	
1000	0.294000	1.508359	1000	0.294000	0.294000	0.271554	
1000	0.265000	1.508359	1000	0.265000	0.265000	0.271544	
1000	0.240000	1.508359	1000	0.240000	0.240000	0.271496	
1000	0.286000	1.508359	1000	0.286000	0.286000	0.271518	
1000	0.271000	1.508359	1000	0.271000	0.271000	0.271517	
1000	0.266000	1.508359	1000	0.266000	0.266000	0.271509	
1000	0.282000	1.508359	1000	0.282000	0.282000	0.271525	
1000	0.293000	1.508359	1000	0.293000	0.293000	0.271558	
1000	0.272000	1.508359	1000	0.272000	0.272000	0.271558	
1000	0.314000	1.508359	1000	0.314000	0.314000	0.271623	
1000	0.263000	1.508359	1000	0.263000	0.263000	0.271610	
1000	0.289000	1.508359	1000	0.289000	0.289000	0.271636	
1000	0.256000	1.508359	1000	0.256000	0.256000	0.271613	
1000	0.280000	1.508359	1000	0.280000	0.280000	0.271625	
1000	0.276000	1.508359	1000	0.276000	0.276000	0.271632	
1000	0.286000	1.508359	1000	0.286000	0.286000	0.271654	
1000	0.267000	1.508359	1000	0.267000	0.267000	0.271647	
1000	0.299000	1.508359	1000	0.299000	0.299000	0.271688	
1000	0.269000	1.508359	1000	0.269000	0.269000	0.271684	
1000	0.273000	1.508359	1000	0.273000	0.273000	0.271686	
1000	0.265000	1.508359	1000	0.265000	0.265000	0.271676	
1000	0.258000	1.508359	1000	0.258000	0.258000	0.271655	
1000	0.271000	1.508359	1000	0.271000	0.271000	0.271654	
1000	0.287000	1.508359	1000	0.287000	0.287000	0.271677	
1000	0.283000	1.508359	1000	0.283000	0.283000	0.271694	
1000	0.261000	1.508359	1000	0.261000	0.261000	0.271678	
1000	0.292000	1.508359	1000	0.292000	0.292000	0.271708	
1000	0.286000	1.508359	1000	0.286000	0.286000	0.271730	
1000	0.273000	1.508359	1000	0.273000	0.273000	0.271731	
1000	0.274000	1.508359	1000	0.274000	0.274000	0.271735	
1000	0.249000	1.508359	1000	0.249000	0.249000	0.271701	
1000	0.262000	1.508359	1000	0.262000	0.262000	0.271687	
1000	0.291000	1.508359	1000	0.291000	0.291000	0.271715	
1000	0.284000	1.508359	1000	0.284000	0.284000	0.271733	
1000	0.275000	1.508359	1000	0.275000	0.275000	0.271738	
1000	0.275000	1.508359	1000	0.275000	0.275000	0.271743	
1000	0.265000	1.508359	1000	0.265000	0.265000	0.271733	
1000	0.278000	1.508359	1000	0.278000	0.278000	0.271742	
1000	0.266000	1.508359	1000	0.266000	0.266000	0.271734	
1000	0.262000	1.508359	1000	0.262000	0.262000	0.271720	
1000	0.273000	1.508359	1000	0.273000	0.273000	0.271722	
1000	0.271000	1.508359	1000	0.271000	0.271000	0.271721	
1000	0.270000	1.508359	1000	0.270000	0.270000	0.271718	
1000	0.299000	1.508359	1000	0.299000	0.299000	0.271758	
1000	0.308000	1.508359	1000	0.308000	0.308000	0.271810	
1000	0.298000	1.508359	1000	0.298000	0.298000	0.271848	
1000	0.265000	1.508359	1000	0.265000	0.265000	0.271838	
1000	0.309000	1.508359	1000	0.309000	0.309000	0.271892	
1000	0.268000	1.508359	1000	0.268000	0.268000	0.271886	
1000	0.273000	1.508359	1000	0.273000	0.273000	0.271888	
1000	0.271000	1.508359	1000	0.271000	0.271000	0.271886	
1000	0.276000	1.508359	1000	0.276000	0.276000	0.271892	
1000	0.295000	1.508359	1000	0.295000	0.295000	0.271925	
1000	0.271000	1.508359	1000	0.271000	0.271000	0.271924	
1000	0.279000	1.508359	1000	0.279000	0.279000	0.271934	
1000	0.254000	1.508359	1000	0.254000	0.254000	0.271908	
1000	0.242000	1.508359	1000	0.242000	0.242000	0.271866	
1000	0.289000	1.508359	1000	0.289000	0.289000	0.271890	
1000	0.272000	1.508359	1000	0.272000	0.272000	0.271890	
1000	0.303000	1.508359	1000	0.303000	0.303000	0.271934	
1000	0.249000	1.508359	1000	0.249000	0.249000	0.271902	
1000	0.241000	1.508359	1000	0.241000	0.241000	0.271858	
1000	0.259000	1.508359	1000	0.259000	0.259000	0.271840	
1000	0.249000	1.508359	1000	0.249000	0.249000	0.271808	
1000	0.278000	1.508359	1000	0.278000	0.278000	0.271817	
1000	0.271000	1.508359	1000	0.271000	0.271000	0.271816	
1000	0.276000	1.508359	1000	0.276000	0.276000	0.271821	
1000	0.270000	1.508359	1000	0.270000	0.270000	0.271819	
1000	0.286000	1.508359	1000	0.286000	0.286000	0.271839	
1000	0.279000	1.508359	1000	0.279000	0.279000	0.271849	
1000	0.307000	1.508359	1000	0.307000	0.307000	0.271898	
1000	0.290000	1.508359	1000	0.290000	0.290000	0.271923	
1000	0.306000	1.508359	1000	0.306000	0.306000	0.271970	
1000	0.271000	1.508359	1000	0.271000	0.271000	0.271969	
1000	0.285000	1.508359	1000	0.285000	0.285000	0.271987	
1000	0.292000	1.508359	1000	0.292000	0.292000	0.272015	
1000	0.283000	1.508359	1000	0.283000	0.283000	0.272030	
1000	0.275000	1.508359	1000	0.275000	0.275000	0.272034	
1000	0.269000	1.508359	1000	0.269000	0.269000	0.272030	
1000	0.293000	1.508359	1000	0.293000	0.293000	0.272059	
1000	0.255000	1.508359	1000	0.255000	0.255000	0.272035	
1000	0.295000	1.508359	1000	0.295000	0.295000	0.272067	
1000	0.260000	1.508359	1000	0.260000	0.260000	0.272050	
1000	0.271000	1.508359	1000	0.271000	0.271000	0.272049	
1000	0.284000	1.508359	1000	0.284000	0.284000	0.272065	
1000	0.274000	1.508359	1000	0.274000	0.274000	0.272068	
1000	0.293000	1.508359	1000	0.293000	0.293000	0.272096	
1000	0.312000	1.508359	1000	0.312000	0.312000	0.272151	
1000	0.297000	1.508359	1000	0.297000	0.297000	0.272185	
1000	0.266000	1.508359	1000	0.266000	0.266000	0.272176	
1000	0.281000	1.508359	1000	0.281000	0.281000	0.272188	
1000	0.261000	1.508359	1000	0.261000	0.261000	0.272173	
1000	0.256000	1.508359	1000	0.256000	0.256000	0.272151	
1000	0.278000	1.508359	1000	0.278000	0.278000	0.272159	
1000	0.279000	1.508359	1000	0.279000	0.279000	0.272168	
1000	0.287000	1.508359	1000	0.287000	0.287000	0.272188	
1000	0.263000	1.508359	1000	0.263000	0.263000	0.272176	
1000	0.270000	1.508359	1000	0.270000	0.270000	0.272173	
1000	0.267000	1.508359	1000	0.267000	0.267000	0.272166	
1000	0.231000	1.508359	1000	0.231000	0.231000	0.272111	
1000	0.287000	1.508359	1000	0.287000	0.287000	0.272131	
1000	0.265000	1.508359	1000	0.265000	0.265000	0.272121	
1000	0.269000	1.508359	1000	0.269000	0.269000	0.272117	
1000	0.276000	1.508359	1000	0.276000	0.276000	0.272122	
1000	0.232000	1.508359	1000	0.232000	0.232000	0.272069	
1000	0.299000	1.508359	1000	0.299000	0.299000	0.272105	
1000	0.274000	1.508359	1000	0.274000	0.274000	0.272107	
1000	0.264000	1.508359	1000	0.264000	0.264000	0.272096	
1000	0.291000	1.508359	1000	0.291000	0.291000	0.272121	
1000	0.281000	1.508359	1000	0.281000	0.281000	0.272133	
1000	0.283000	1.508359	1000	0.283000	0.283000	0.272148	
1000	0.274000	1.508359	1000	0.274000	0.274000	0.272150	
1000	0.300000	1.508359	1000	0.300000	0.300000	0.272187	
1000	0.268000	1.508359	1000	0.268000	0.268000	0.272181	
1000	0.249000	1.508359	1000	0.249000	0.249000	0.272151	
1000	0.258000	1.508359	1000	0.258000	0.258000	0.272132	
1000	0.246000	1.508359	1000	0.246000	0.246000	0.272098	
1000	0.279000	1.508359	1000	0.279000	0.279000	0.272107	
1000	0.284000	1.508359	1000	0.284000	0.284000	0.272123	
1000	0.301000	1.508359	1000	0.301000	0.301000	0.272160	
1000	0.266000	1.508359	1000	0.266000	0.266000	0.272152	
1000	0.300000	1.508359	1000	0.300000	0.300000	0.272188	
1000	0.287000	1.508359	1000	0.287000	0.287000	0.272208	
1000	0.296000	1.508359	1000	0.296000	0.296000	0.272239	
1000	0.275000	1.508359	1000	0.275000	0.275000	0.272242	
1000	0.282000	1.508359	1000	0.282000	0.282000	0.272255	
1000	0.256000	1.508359	1000	0.256000	0.256000	0.272234	
1000	0.238000	1.508359	1000	0.238000	0.238000	0.272190	
1000	0.309000	1.508359	1000	0.309000	0.309000	0.272237	
1000	0.311000	1.508359	1000	0.311000	0.311000	0.272287	
1000	0.287000	1.508359	1000	0.287000	0.287000	0.272306	
1000	0.303000	1.508359	1000	0.303000	0.303000	0.272345	
1000	0.256000	1.508359	1000	0.256000	0.256000	0.272324	
1000	0.253000	1.508359	1000	0.253000	0.253000	0.272300	
1000	0.267000	1.508359	1000	0.267000	0.267000	0.272293	
1000	0.273000	1.508359	1000	0.273000	0.273000	0.272294	
1000	0.268000	1.508359	1000	0.268000	0.268000	0.272288	
1000	0.330000	1.508359	1000	0.330000	0.330000	0.272362	
1000	0.295000	1.508359	1000	0.295000	0.295000	0.272391	
1000	0.303000	1.508359	1000	0.303000	0.303000	0.272430	
1000	0.308000	1.508359	1000	0.308000	0.308000	0.272475	
1000	0.283000	1.508359	1000	0.283000	0.283000	0.272488	
1000	0.269000	1.508359	1000	0.269000	0.269000	0.272484	
1000	0.277000	1.508359	1000	0.277000	0.277000	0.272490	
1000	0.235000	1.508359	1000	0.235000	0.235000	0.272442	
1000	0.294000	1.508359	1000	0.294000	0.294000	0.272469	
1000	0.242000	1.508359	1000	0.242000	0.242000	0.272431	
1000	0.274000	1.508359	1000	0.274000	0.274000	0.272433	
1000	0.300000	1.508359	1000	0.300000	0.300000	0.272468	
1000	0.270000	1.508359	1000	0.270000	0.270000	0.272464	
1000	0.266000	1.508359	1000	0.266000	0.266000	0.272456	
1000	0.275000	1.508359	1000	0.275000	0.275000	0.272460	
1000	0.275000	1.508359	1000	0.275000	0.275000	0.272463	
1000	0.248000	1.508359	1000	0.248000	0.248000	0.272432	
1000	0.300000	1.508359	1000	0.300000	0.300000	0.272467	
1000	0.308000	1.508359	1000	0.308000	0.308000	0.272511	
1000	0.280000	1.508359	1000	0.280000	0.280000	0.272520	
1000	0.265000	1.508359	1000	0.265000	0.265000	0.272511	
1000	0.256000	1.508359	1000	0.256000	0.256000	0.272490	
1000	0.251000	1.508359	1000	0.251000	0.251000	0.272464	
1000	0.277000	1.508359	1000	0.277000	0.277000	0.272469	
1000	0.251000	1.508359	1000	0.251000	0.251000	0.272443	
1000	0.258000	1.508359	1000	0.258000	0.258000	0.272425	
1000	0.283000	1.508359	1000	0.283000	0.283000	0.272438	
1000	0.249000	1.508359	1000	0.249000	0.249000	0.272409	
1000	0.255000	1.508359	1000	0.255000	0.255000	0.272388	
1000	0.268000	1.508359	1000	0.268000	0.268000	0.272382	
1000	0.269000	1.508359	1000	0.269000	0.269000	0.272378	
1000	0.268000	1.508359	1000	0.268000	0.268000	0.272373	
1000	0.286000	1.508359	1000	0.286000	0.286000	0.272389	
1000	0.265000	1.508359	1000	0.265000	0.265000	0.272380	
1000	0.271000	1.508359	1000	0.271000	0.271000	0.272379	
1000	0.272000	1.508359	1000	0.272000	0.272000	0.272378	
1000	0.285000	1.508359	1000	0.285000	0.285000	0.272394	
1000	0.275000	1.508359	1000	0.275000	0.275000	0.272397	
1000	0.296000	1.508359	1000	0.296000	0.296000	0.272425	
1000	0.278000	1.508359	1000	0.278000	0.278000	0.272432	
1000	0.274000	1.508359	1000	0.274000	0.274000	0.272434	
1000	0.286000	1.508359	1000	0.286000	0.286000	0.272451	
1000	0.292000	1.508359	1000	0.292000	0.292000	0.272474	
1000	0.272000	1.508359	1000	0.272000	0.272000	0.272474	
1000	0.293000	1.508359	1000	0.293000	0.293000	0.272498	
1000	0.258000	1.508359	1000	0.258000	0.258000	0.272481	
1000	0.289000	1.508359	1000	0.289000	0.289000	0.272501	
1000	0.338000	1.508359	1000	0.338000	0.338000	0.272580	
1000	0.268000	1.508359	1000	0.268000	0.268000	0.272574	
1000	0.289000	1.508359	1000	0.289000	0.289000	0.272594	
1000	0.269000	1.508359	1000	0.269000	0.269000	0.272590	
1000	0.324000	1.508359	1000	0.324000	0.324000	0.272651	
1000	0.277000	1.508359	1000	0.277000	0.277000	0.272656	
1000	0.312000	1.508359	1000	0.312000	0.312000	0.272703	
1000	0.261000	1.508359	1000	0.261000	0.261000	0.272689	
1000	0.302000	1.508359	1000	0.302000	0.302000	0.272724	
1000	0.274000	1.508359	1000	0.274000	0.274000	0.272726	
1000	0.291000	1.508359	1000	0.291000	0.291000	0.272748	
1000	0.276000	1.508359	1000	0.276000	0.276000	0.272751	
1000	0.283000	1.508359	1000	0.283000	0.283000	0.272764	
1000	0.285000	1.508359	1000	0.285000	0.285000	0.272778	
1000	0.264000	1.508359	1000	0.264000	0.264000	0.272768	
1000	0.253000	1.508359	1000	0.253000	0.253000	0.272744	
1000	0.269000	1.508359	1000	0.269000	0.269000	0.272740	
1000	0.274000	1.508359	1000	0.274000	0.274000	0.272741	
1000	0.287000	1.508359	1000	0.287000	0.287000	0.272758	
1000	0.261000	1.508359	1000	0.261000	0.261000	0.272744	
1000	0.295000	1.508359	1000	0.295000	0.295000	0.272771	
1000	0.275000	1.508359	1000	0.275000	0.275000	0.272773	
1000	0.241000	1.508359	1000	0.241000	0.241000	0.272736	
1000	0.276000	1.508359	1000	0.276000	0.276000	0.272740	
1000	0.306000	1.508359	1000	0.306000	0.306000	0.272779	
1000	0.248000	1.508359	1000	0.248000	0.248000	0.272750	
1000	0.281000	1.508359	1000	0.281000	0.281000	0.272759	
1000	0.255000	1.508359	1000	0.255000	0.255000	0.272739	
1000	0.258000	1.508359	1000	0.258000	0.258000	0.272721	
1000	0.276000	1.508359	1000	0.276000	0.276000	0.272725	
1000	0.290000	1.508359	1000	0.290000	0.290000	0.272745	
1000	0.267000	1.508359	1000	0.267000	0.267000	0.272739	
1000	0.271000	1.508359	1000	0.271000	0.271000	0.272737	
1000	0.241000	1.508359	1000	0.241000	0.241000	0.272700	
1000	0.290000	1.508359	1000	0.290000	0.290000	0.272720	
1000	0.300000	1.508359	1000	0.300000	0.300000	0.272751	
1000	0.279000	1.508359	1000	0.279000	0.279000	0.272759	
1000	0.279000	1.508359	1000	0.279000	0.279000	0.272766	
1000	0.242000	1.508359	1000	0.242000	0.242000	0.272730	
1000	0.290000	1.508359	1000	0.290000	0.290000	0.272750	
1000	0.271000	1.508359	1000	0.271000	0.271000	0.272748	
1000	0.258000	1.508359	1000	0.258000	0.258000	0.272731	
1000	0.292000	1.508359	1000	0.292000	0.292000	0.272753	
1000	0.290000	1.508359	1000	0.290000	0.290000	0.272773	
1000	0.265000	1.508359	1000	0.265000	0.265000	0.272764	
1000	0.272000	1.508359	1000	0.272000	0.272000	0.272763	
1000	0.269000	1.508359	1000	0.269000	0.269000	0.272759	
1000	0.263000	1.508359	1000	0.263000	0.263000	0.272748	
1000	0.271000	1.508359	1000	0.271000	0.271000	0.272746	
1000	0.273000	1.508359	1000	0.273000	0.273000	0.272746	
1000	0.280000	1.508359	1000	0.280000	0.280000	0.272755	
1000	0.297000	1.508359	1000	0.297000	0.297000	0.272782	
1000	0.288000	1.508359	1000	0.288000	0.288000	0.272799	
1000	0.272000	1.508359	1000	0.272000	0.272000	0.272798	
1000	0.279000	1.508359	1000	0.279000	0.279000	0.272805	
1000	0.294000	1.508359	1000	0.294000	0.294000	0.272829	
1000	0.285000	1.508359	1000	0.285000	0.285000	0.272843	
1000	0.263000	1.508359	1000	0.263000	0.263000	0.272832	
1000	0.293000	1.508359	1000	0.293000	0.293000	0.272855	
1000	0.243000	1.508359	1000	0.243000	0.243000	0.272821	
1000	0.290000	1.508359	1000	0.290000	0.290000	0.272840	
1000	0.288000	1.508359	1000	0.288000	0.288000	0.272857	
1000	0.278000	1.508359	1000	0.278000	0.278000	0.272863	
1000	0.260000	1.508359	1000	0.260000	0.260000	0.272849	
1000	0.284000	1.508359	1000	0.284000	0.284000	0.272861	
1000	0.291000	1.508359	1000	0.291000	0.291000	0.272881	
1000	0.298000	1.508359	1000	0.298000	0.298000	0.272909	
1000	0.304000	1.508359	1000	0.304000	0.304000	0.272944	
1000	0.287000	1.508359	1000	0.287000	0.287000	0.272960	
1000	0.284000	1.508359	1000	0.284000	0.284000	0.272972	
1000	0.248000	1.508359	1000	0.248000	0.248000	0.272944	
1000	0.270000	1.508359	1000	0.270000	0.270000	0.272941	
1000	0.292000	1.508359	1000	0.292000	0.292000	0.272962	
1000	0.265000	1.508359	1000	0.265000	0.265000	0.272953	
1000	0.274000	1.508359	1000	0.274000	0.274000	0.272954	
1000	0.267000	1.508359	1000	0.267000	0.267000	0.272948	
1000	0.275000	1.508359	1000	0.275000	0.275000	0.272950	
1000	0.297000	1.508359	1000	0.297000	0.297000	0.272977	
1000	0.297000	1.508359	1000	0.297000	0.297000	0.273003	
1000	0.290000	1.508359	1000	0.290000	0.290000	0.273022	
1000	0.285000	1.508359	1000	0.285000	0.285000	0.273035	
1000	0.256000	1.508359	1000	0.256000	0.256000	0.273016	
1000	0.283000	1.508359	1000	0.283000	0.283000	0.273027	
1000	0.244000	1.508359	1000	0.244000	0.244000	0.272995	
1000	0.285000	1.508359	1000	0.285000	0.285000	0.273008	
1000	0.269000	1.508359	1000	0.269000	0.269000	0.273004	
1000	0.310000	1.508359	1000	0.310000	0.310000	0.273044	
1000	0.260000	1.508359	1000	0.260000	0.260000	0.273030	
1000	0.265000	1.508359	1000	0.265000	0.265000	0.273021	
1000	0.275000	1.508359	1000	0.275000	0.275000	0.273024	
1000	0.251000	1.508359	1000	0.251000	0.251000	0.273000	
1000	0.280000	1.508359	1000	0.280000	0.280000	0.273007	
1000	0.274000	1.508359	1000	0.274000	0.274000	0.273008	
1000	0.288000	1.508359	1000	0.288000	0.288000	0.273025	
1000	0.272000	1.508359	1000	0.272000	0.272000	0.273023	
1000	0.264000	1.508359	1000	0.264000	0.264000	0.273014	
1000	0.271000	1.508359	1000	0.271000	0.271000	0.273012	
1000	0.293000	1.508359	1000	0.293000	0.293000	0.273033	
1000	0.291000	1.508359	1000	0.291000	0.291000	0.273052	
1000	0.313000	1.508359	1000	0.313000	0.313000	0.273095	
1000	0.272000	1.508359	1000	0.272000	0.272000	0.273094	
1000	0.259000	1.508359	1000	0.259000	0.259000	0.273079	
1000	0.269000	1.508359	1000	0.269000	0.269000	0.273075	
1000	0.278000	1.508359	1000	0.278000	0.278000	0.273080	
1000	0.251000	1.508359	1000	0.251000	0.251000	0.273056	
1000	0.268000	1.508359	1000	0.268000	0.268000	0.273051	
1000	0.281000	1.508359	1000	0.281000	0.281000	0.273059	
1000	0.247000	1.508359	1000	0.247000	0.247000	0.273032	
1000	0.279000	1.508359	1000	0.279000	0.279000	0.273038	
1000	0.271000	1.508359	1000	0.271000	0.271000	0.273036	
1000	0.292000	1.508359	1000	0.292000	0.292000	0.273056	
1000	0.265000	1.508359	1000	0.265000	0.265000	0.273047	
1000	0.302000	1.508359	1000	0.302000	0.302000	0.273078	
1000	0.271000	1.508359	1000	0.271000	0.271000	0.273076	
1000	0.259000	1.508359	1000	0.259000	0.259000	0.273061	
1000	0.251000	1.508359	1000	0.251000	0.251000	0.273038	
1000	0.252000	1.508359	1000	0.252000	0.252000	0.273016	
1000	0.283000	1.508359	1000	0.283000	0.283000	0.273026	
1000	0.258000	1.508359	1000	0.258000	0.258000	0.273010	
1000	0.265000	1.508359	1000	0.265000	0.265000	0.273002	
1000	0.280000	1.508359	1000	0.280000	0.280000	0.273009	
1000	0.291000	1.508359	1000	0.291000	0.291000	0.273028	
1000	0.285000	1.508359	1000	0.285000	0.285000	0.273041	
1000	0.256000	1.508359	1000	0.256000	0.256000	0.273023	
1000	0.270000	1.508359	1000	0.270000	0.270000	0.273020	
1000	0.246000	1.508359	1000	0.246000	0.246000	0.272991	
1000	0.279000	1.508359	1000	0.279000	0.279000	0.272998	
1000	0.296000	1.508359	1000	0.296000	0.296000	0.273022	
1000	0.308000	1.508359	1000	0.308000	0.308000	0.273058	
1000	0.249000	1.508359	1000	0.249000	0.249000	0.273033	
1000	0.273000	1.508359	1000	0.273000	0.273000	0.273033	
1000	0.276000	1.508359	1000	0.276000	0.276000	0.273036	
1000	0.288000	1.508359	1000	0.288000	0.288000	0.273052	
1000	0.265000	1.508359	1000	0.265000	0.265000	0.273043	
1000	0.286000	1.508359	1000	0.286000	0.286000	0.273057	
1000	0.296000	1.508359	1000	0.296000	0.296000	0.273080	
1000	0.272000	1.508359	1000	0.272000	0.272000	0.273079	
1000	0.272000	1.508359	1000	0.272000	0.272000	0.273078	
1000	0.290000	1.508359	1000	0.290000	0.290000	0.273096	
1000	0.251000	1.508359	1000	0.251000	0.251000	0.273073	
1000	0.282000	1.508359	1000	0.282000	0.282000	0.273082	
1000	0.283000	1.508359	1000	0.283000	0.283000	0.273092	
1000	0.274000	1.508359	1000	0.274000	0.274000	0.273093	
1000	0.269000	1.508359	1000	0.269000	0.269000	0.273089	
1000	0.265000	1.508359	1000	0.265000	0.265000	0.273081	
1000	0.294000	1.508359	1000	0.294000	0.294000	0.273102	
1000	0.243000	1.508359	1000	0.243000	0.243000	0.273071	
1000	0.284000	1.508359	1000	0.284000	0.284000	0.273083	
1000	0.284000	1.508359	1000	0.284000	0.284000	0.273094	
1000	0.279000	1.508359	1000	0.279000	0.279000	0.273100	
1000	0.288000	1.508359	1000	0.288000	0.288000	0.273115	
1000	0.292000	1.508359	1000	0.292000	0.292000	0.273134	
1000	0.261000	1.508359	1000	0.261000	0.261000	0.273122	
1000	0.277000	1.508359	1000	0.277000	0.277000	0.273126	
1000	0.310000	1.508359	1000	0.310000	0.310000	0.273163	
1000	0.279000	1.508359	1000	0.279000	0.279000	0.273169	
1000	0.270000	1.508359	1000	0.270000	0.270000	0.273166	
1000	0.277000	1.508359	1000	0.277000	0.277000	0.273170	
1000	0.294000	1.508359	1000	0.294000	0.294000	0.273191	
1000	0.302000	1.508359	1000	0.302000	0.302000	0.273220	
1000	0.289000	1.508359	1000	0.289000	0.289000	0.273236	
1000	0.269000	1.508359	1000	0.269000	0.269000	0.273232	
1000	0.252000	1.508359	1000	0.252000	0.252000	0.273210	
1000	0.281000	1.508359	1000	0.281000	0.281000	0.273218	
1000	0.257000	1.508359	1000	0.257000	0.257000	0.273202	
1000	0.257000	1.508359	1000	0.257000	0.257000	0.273185	
1000	0.271000	1.508359	1000	0.271000	0.271000	0.273183	
1000	0.263000	1.508359	1000	0.263000	0.263000	0.273173	
1000	0.246000	1.508359	1000	0.246000	0.246000	0.273146	
1000	0.307000	1.508359	1000	0.307000	0.307000	0.273180	
1000	0.294000	1.508359	1000	0.294000	0.294000	0.273201	
1000	0.286000	1.508359	1000	0.286000	0.286000	0.273213	
1000	0.284000	1.508359	1000	0.284000	0.284000	0.273224	
1000	0.274000	1.508359	1000	0.274000	0.274000	0.273225	
1000	0.269000	1.508359	1000	0.269000	0.269000	0.273221	
1000	0.288000	1.508359	1000	0.288000	0.288000	0.273235	
1000	0.277000	1.508359	1000	0.277000	0.277000	0.273239	
1000	0.263000	1.508359	1000	0.263000	0.263000	0.273229	
1000	0.247000	1.508359	1000	0.247000	0.247000	0.273203	
1000	0.300000	1.508359	1000	0.300000	0.300000	0.273229	
