Default schedule
Rate	100.00
Rate Tried	% Accepted	Rates - Dev	Rates - Tried	Rates - Accepted	Sample Ave Acceptance	Total Ave Acceptance	
1000	0.288000	1.129880	1000	0.288000	0.288000	0.210254	
1000	0.302000	1.129880	1000	0.302000	0.302000	0.217899	
1000	0.278000	1.129880	1000	0.278000	0.278000	0.222521	
1000	0.295000	1.129880	1000	0.295000	0.295000	0.227698	
1000	0.292000	1.129880	1000	0.292000	0.292000	0.231985	
1000	0.263000	1.129880	1000	0.263000	0.263000	0.233923	
1000	0.280000	1.129880	1000	0.280000	0.280000	0.236633	
1000	0.277000	1.129880	1000	0.277000	0.277000	0.238876	
1000	0.285000	1.129880	1000	0.285000	0.285000	0.241303	
1000	0.267000	1.129880	1000	0.267000	0.267000	0.242588	
1000	0.288000	1.129880	1000	0.288000	0.288000	0.244750	
1000	0.283000	1.129880	1000	0.283000	0.283000	0.246489	
1000	0.348000	1.129880	1000	0.348000	0.348000	0.250902	
1000	0.330000	1.129880	1000	0.330000	0.330000	0.254198	
1000	0.296000	1.129880	1000	0.296000	0.296000	0.255870	
1000	0.312000	1.129880	1000	0.312000	0.312000	0.258029	
1000	0.340000	1.129880	1000	0.340000	0.340000	0.261064	
1000	0.327000	1.129880	1000	0.327000	0.327000	0.263419	
1000	0.303000	1.129880	1000	0.303000	0.303000	0.264784	
1000	0.303000	1.129880	1000	0.303000	0.303000	0.266058	
1000	0.270000	1.129880	1000	0.270000	0.270000	0.266185	
1000	0.294000	1.129880	1000	0.294000	0.294000	0.267054	
1000	0.283000	1.129880	1000	0.283000	0.283000	0.267537	
1000	0.283000	1.129880	1000	0.283000	0.283000	0.267992	
1000	0.267000	1.129880	1000	0.267000	0.267000	0.267964	
1000	0.268000	1.129880	1000	0.268000	0.268000	0.267965	
1000	0.264000	1.129880	1000	0.264000	0.264000	0.267858	
1000	0.288000	1.129880	1000	0.288000	0.288000	0.268388	
1000	0.278000	1.129880	1000	0.278000	0.278000	0.268634	
1000	0.253000	1.129880	1000	0.253000	0.253000	0.268243	
1000	0.293000	1.129880	1000	0.293000	0.293000	0.268847	
1000	0.268000	1.129880	1000	0.268000	0.268000	0.268827	
1000	0.267000	1.129880	1000	0.267000	0.267000	0.268784	
1000	0.286000	1.129880	1000	0.286000	0.286000	0.269176	
1000	0.296000	1.129880	1000	0.296000	0.296000	0.269772	
1000	0.284000	1.129880	1000	0.284000	0.284000	0.270081	
1000	0.285000	1.129880	1000	0.285000	0.285000	0.270399	
1000	0.301000	1.129880	1000	0.301000	0.301000	0.271036	
1000	0.281000	1.129880	1000	0.281000	0.281000	0.271239	
1000	0.290000	1.129880	1000	0.290000	0.290000	0.271615	
1000	0.279000	1.129880	1000	0.279000	0.279000	0.271759	
1000	0.289000	1.129880	1000	0.289000	0.289000	0.272091	
1000	0.284000	1.129880	1000	0.284000	0.284000	0.272316	
1000	0.274000	1.129880	1000	0.274000	0.274000	0.272347	
1000	0.275000	1.129880	1000	0.275000	0.275000	0.272395	
1000	0.293000	1.129880	1000	0.293000	0.293000	0.272763	
1000	0.326000	1.129880	1000	0.326000	0.326000	0.273697	
1000	0.339000	1.129880	1000	0.339000	0.339000	0.274823	
1000	0.308000	1.129880	1000	0.308000	0.308000	0.275385	
1000	0.287000	1.129880	1000	0.287000	0.287000	0.275579	
1000	0.272000	1.129880	1000	0.272000	0.272000	0.275520	
1000	0.324000	1.129880	1000	0.324000	0.324000	0.276302	
1000	0.301000	1.129880	1000	0.301000	0.301000	0.276694	
1000	0.274000	1.129880	1000	0.274000	0.274000	0.276652	
1000	0.273000	1.129880	1000	0.273000	0.273000	0.276596	
1000	0.270000	1.129880	1000	0.270000	0.270000	0.276496	
1000	0.277000	1.129880	1000	0.277000	0.277000	0.276503	
1000	0.266000	1.129880	1000	0.266000	0.266000	0.276349	
1000	0.305000	1.129880	1000	0.305000	0.305000	0.276764	
1000	0.261000	1.129880	1000	0.261000	0.261000	0.276539	
1000	0.264000	1.129880	1000	0.264000	0.264000	0.276362	
1000	0.304000	1.129880	1000	0.304000	0.304000	0.276746	
1000	0.278000	1.129880	1000	0.278000	0.278000	0.276763	
1000	0.284000	1.129880	1000	0.284000	0.284000	0.276861	
1000	0.287000	1.129880	1000	0.287000	0.287000	0.276996	
1000	0.273000	1.129880	1000	0.273000	0.273000	0.276944	
1000	0.268000	1.129880	1000	0.268000	0.268000	0.276828	
1000	0.301000	1.129880	1000	0.301000	0.301000	0.277137	
1000	0.281000	1.129880	1000	0.281000	0.281000	0.277186	
1000	0.288000	1.129880	1000	0.288000	0.288000	0.277322	
1000	0.254000	1.129880	1000	0.254000	0.254000	0.277034	
1000	0.264000	1.129880	1000	0.264000	0.264000	0.276875	
1000	0.268000	1.129880	1000	0.268000	0.268000	0.276768	
1000	0.271000	1.129880	1000	0.271000	0.271000	0.276699	
1000	0.270000	1.129880	1000	0.270000	0.270000	0.276620	
1000	0.316000	1.129880	1000	0.316000	0.316000	0.277078	
1000	0.278000	1.129880	1000	0.278000	0.278000	0.277089	
1000	0.273000	1.129880	1000	0.273000	0.273000	0.277042	
1000	0.265000	1.129880	1000	0.265000	0.265000	0.276907	
1000	0.276000	1.129880	1000	0.276000	0.276000	0.276897	
1000	0.297000	1.129880	1000	0.297000	0.297000	0.277118	
1000	0.296000	1.129880	1000	0.296000	0.296000	0.277323	
1000	0.306000	1.129880	1000	0.306000	0.306000	0.277631	
1000	0.304000	1.129880	1000	0.304000	0.304000	0.277912	
1000	0.293000	1.129880	1000	0.293000	0.293000	0.278071	
1000	0.284000	1.129880	1000	0.284000	0.284000	0.278133	
1000	0.235000	1.129880	1000	0.235000	0.235000	0.277688	
1000	0.268000	1.129880	1000	0.268000	0.268000	0.277589	
1000	0.318000	1.129880	1000	0.318000	0.318000	0.277997	
1000	0.279000	1.129880	1000	0.279000	0.279000	0.278007	
1000	0.269000	1.129880	1000	0.269000	0.269000	0.277918	
1000	0.274000	1.129880	1000	0.274000	0.274000	0.277880	
1000	0.311000	1.129880	1000	0.311000	0.311000	0.278201	
1000	0.237000	1.129880	1000	0.237000	0.237000	0.277805	
1000	0.284000	1.129880	1000	0.284000	0.284000	0.277864	
1000	0.294000	1.129880	1000	0.294000	0.294000	0.278016	
1000	0.305000	1.129880	1000	0.305000	0.305000	0.278268	
1000	0.280000	1.129880	1000	0.280000	0.280000	0.278284	
1000	0.303000	1.129880	1000	0.303000	0.303000	0.278511	
1000	0.266000	1.129880	1000	0.266000	0.266000	0.278397	
1000	0.291000	1.129880	1000	0.291000	0.291000	0.278511	
1000	0.319000	1.129880	1000	0.319000	0.319000	0.278873	
1000	0.301000	1.129880	1000	0.301000	0.301000	0.279068	
1000	0.238000	1.129880	1000	0.238000	0.238000	0.278708	
1000	0.265000	1.129880	1000	0.265000	0.265000	0.278589	
1000	0.269000	1.129880	1000	0.269000	0.269000	0.278506	
1000	0.282000	1.129880	1000	0.282000	0.282000	0.278536	
1000	0.345000	1.129880	1000	0.345000	0.345000	0.279099	
1000	0.336000	1.129880	1000	0.336000	0.336000	0.279577	
1000	0.324000	1.129880	1000	0.324000	0.324000	0.279948	
1000	0.261000	1.129880	1000	0.261000	0.261000	0.279791	
1000	0.263000	1.129880	1000	0.263000	0.263000	0.279653	
1000	0.270000	1.129880	1000	0.270000	0.270000	0.279575	
1000	0.296000	1.129880	1000	0.296000	0.296000	0.279707	
1000	0.263000	1.129880	1000	0.263000	0.263000	0.279574	
1000	0.303000	1.129880	1000	0.303000	0.303000	0.279760	
1000	0.339000	1.129880	1000	0.339000	0.339000	0.280226	
1000	0.291000	1.129880	1000	0.291000	0.291000	0.280310	
1000	0.308000	1.129880	1000	0.308000	0.308000	0.280525	
1000	0.262000	1.129880	1000	0.262000	0.262000	0.280382	
1000	0.308000	1.129880	1000	0.308000	0.308000	0.280593	
1000	0.297000	1.129880	1000	0.297000	0.297000	0.280718	
1000	0.266000	1.129880	1000	0.266000	0.266000	0.280607	
1000	0.287000	1.129880	1000	0.287000	0.287000	0.280655	
1000	0.262000	1.129880	1000	0.262000	0.262000	0.280516	
1000	0.282000	1.129880	1000	0.282000	0.282000	0.280527	
1000	0.273000	1.129880	1000	0.273000	0.273000	0.280472	
1000	0.270000	1.129880	1000	0.270000	0.270000	0.280397	
1000	0.285000	1.129880	1000	0.285000	0.285000	0.280430	
1000	0.285000	1.129880	1000	0.285000	0.285000	0.280462	
1000	0.282000	1.129880	1000	0.282000	0.282000	0.280473	
1000	0.279000	1.129880	1000	0.279000	0.279000	0.280463	
1000	0.269000	1.129880	1000	0.269000	0.269000	0.280383	
1000	0.288000	1.129880	1000	0.288000	0.288000	0.280436	
1000	0.278000	1.129880	1000	0.278000	0.278000	0.280419	
1000	0.274000	1.129880	1000	0.274000	0.274000	0.280375	
1000	0.286000	1.129880	1000	0.286000	0.286000	0.280413	
1000	0.272000	1.129880	1000	0.272000	0.272000	0.280356	
1000	0.252000	1.129880	1000	0.252000	0.252000	0.280166	
1000	0.278000	1.129880	1000	0.278000	0.278000	0.280151	
1000	0.276000	1.129880	1000	0.276000	0.276000	0.280124	
1000	0.296000	1.129880	1000	0.296000	0.296000	0.280228	
1000	0.290000	1.129880	1000	0.290000	0.290000	0.280292	
1000	0.306000	1.129880	1000	0.306000	0.306000	0.280459	
1000	0.301000	1.129880	1000	0.301000	0.301000	0.280592	
1000	0.276000	1.129880	1000	0.276000	0.276000	0.280562	
1000	0.291000	1.129880	1000	0.291000	0.291000	0.280629	
1000	0.292000	1.129880	1000	0.292000	0.292000	0.280701	
1000	0.281000	1.129880	1000	0.281000	0.281000	0.280703	
1000	0.298000	1.129880	1000	0.298000	0.298000	0.280811	
1000	0.268000	1.129880	1000	0.268000	0.268000	0.280731	
1000	0.320000	1.129880	1000	0.320000	0.320000	0.280974	
1000	0.358000	1.129880	1000	0.358000	0.358000	0.281446	
1000	0.341000	1.129880	1000	0.341000	0.341000	0.281809	
1000	0.312000	1.129880	1000	0.312000	0.312000	0.281992	
1000	0.291000	1.129880	1000	0.291000	0.291000	0.282046	
1000	0.284000	1.129880	1000	0.284000	0.284000	0.282058	
1000	0.273000	1.129880	1000	0.273000	0.273000	0.282004	
1000	0.277000	1.129880	1000	0.277000	0.277000	0.281975	
1000	0.294000	1.129880	1000	0.294000	0.294000	0.282045	
1000	0.289000	1.129880	1000	0.289000	0.289000	0.282086	
1000	0.274000	1.129880	1000	0.274000	0.274000	0.282039	
1000	0.296000	1.129880	1000	0.296000	0.296000	0.282120	
1000	0.299000	1.129880	1000	0.299000	0.299000	0.282217	
1000	0.289000	1.129880	1000	0.289000	0.289000	0.282256	
1000	0.309000	1.129880	1000	0.309000	0.309000	0.282407	
1000	0.250000	1.129880	1000	0.250000	0.250000	0.282224	
1000	0.299000	1.129880	1000	0.299000	0.299000	0.282319	
1000	0.290000	1.129880	1000	0.290000	0.290000	0.282362	
1000	0.300000	1.129880	1000	0.300000	0.300000	0.282460	
1000	0.276000	1.129880	1000	0.276000	0.276000	0.282424	
1000	0.304000	1.129880	1000	0.304000	0.304000	0.282542	
1000	0.330000	1.129880	1000	0.330000	0.330000	0.282802	
1000	0.298000	1.129880	1000	0.298000	0.298000	0.282884	
1000	0.289000	1.129880	1000	0.289000	0.289000	0.282917	
1000	0.294000	1.129880	1000	0.294000	0.294000	0.282977	
1000	0.275000	1.129880	1000	0.275000	0.275000	0.282934	
1000	0.311000	1.129880	1000	0.311000	0.311000	0.283084	
1000	0.265000	1.129880	1000	0.265000	0.265000	0.282988	
1000	0.282000	1.129880	1000	0.282000	0.282000	0.282983	
1000	0.279000	1.129880	1000	0.279000	0.279000	0.282962	
1000	0.284000	1.129880	1000	0.284000	0.284000	0.282967	
1000	0.278000	1.129880	1000	0.278000	0.278000	0.282942	
1000	0.254000	1.129880	1000	0.254000	0.254000	0.282792	
1000	0.268000	1.129880	1000	0.268000	0.268000	0.282716	
1000	0.278000	1.129880	1000	0.278000	0.278000	0.282692	
1000	0.270000	1.129880	1000	0.270000	0.270000	0.282628	
1000	0.259000	1.129880	1000	0.259000	0.259000	0.282509	
1000	0.301000	1.129880	1000	0.301000	0.301000	0.282602	
1000	0.302000	1.129880	1000	0.302000	0.302000	0.282699	
1000	0.299000	1.129880	1000	0.299000	0.299000	0.282780	
1000	0.280000	1.129880	1000	0.280000	0.280000	0.282766	
1000	0.246000	1.129880	1000	0.246000	0.246000	0.282585	
1000	0.290000	1.129880	1000	0.290000	0.290000	0.282621	
1000	0.290000	1.129880	1000	0.290000	0.290000	0.282657	
1000	0.269000	1.129880	1000	0.269000	0.269000	0.282591	
1000	0.303000	1.129880	1000	0.303000	0.303000	0.282689	
1000	0.317000	1.129880	1000	0.317000	0.317000	0.282854	
1000	0.294000	1.129880	1000	0.294000	0.294000	0.282908	
1000	0.288000	1.129880	1000	0.288000	0.288000	0.282932	
1000	0.335000	1.129880	1000	0.335000	0.335000	0.283179	
1000	0.299000	1.129880	1000	0.299000	0.299000	0.283253	
1000	0.287000	1.129880	1000	0.287000	0.287000	0.283271	
1000	0.292000	1.129880	1000	0.292000	0.292000	0.283312	
1000	0.285000	1.129880	1000	0.285000	0.285000	0.283320	
1000	0.274000	1.129880	1000	0.274000	0.274000	0.283276	
1000	0.286000	1.129880	1000	0.286000	0.286000	0.283289	
1000	0.289000	1.129880	1000	0.289000	0.289000	0.283315	
1000	0.292000	1.129880	1000	0.292000	0.292000	0.283355	
1000	0.290000	1.129880	1000	0.290000	0.290000	0.283385	
1000	0.297000	1.129880	1000	0.297000	0.297000	0.283447	
1000	0.317000	1.129880	1000	0.317000	0.317000	0.283598	
1000	0.297000	1.129880	1000	0.297000	0.297000	0.283658	
1000	0.285000	1.129880	1000	0.285000	0.285000	0.283664	
1000	0.254000	1.129880	1000	0.254000	0.254000	0.283532	
1000	0.290000	1.129880	1000	0.290000	0.290000	0.283561	
1000	0.294000	1.129880	1000	0.294000	0.294000	0.283607	
1000	0.302000	1.129880	1000	0.302000	0.302000	0.283687	
1000	0.314000	1.129880	1000	0.314000	0.314000	0.283820	
1000	0.274000	1.129880	1000	0.274000	0.274000	0.283777	
1000	0.281000	1.129880	1000	0.281000	0.281000	0.283765	
1000	0.295000	1.129880	1000	0.295000	0.295000	0.283813	
1000	0.337000	1.129880	1000	0.337000	0.337000	0.284042	
1000	0.344000	1.129880	1000	0.344000	0.344000	0.284298	
1000	0.341000	1.129880	1000	0.341000	0.341000	0.284539	
1000	0.254000	1.129880	1000	0.254000	0.254000	0.284410	
1000	0.272000	1.129880	1000	0.272000	0.272000	0.284357	
1000	0.285000	1.129880	1000	0.285000	0.285000	0.284360	
1000	0.314000	1.129880	1000	0.314000	0.314000	0.284484	
1000	0.254000	1.129880	1000	0.254000	0.254000	0.284357	
1000	0.318000	1.129880	1000	0.318000	0.318000	0.284497	
1000	0.346000	1.129880	1000	0.346000	0.346000	0.284751	
1000	0.287000	1.129880	1000	0.287000	0.287000	0.284760	
1000	0.269000	1.129880	1000	0.269000	0.269000	0.284696	
1000	0.256000	1.129880	1000	0.256000	0.256000	0.284578	
1000	0.278000	1.129880	1000	0.278000	0.278000	0.284552	
1000	0.256000	1.129880	1000	0.256000	0.256000	0.284436	
1000	0.324000	1.129880	1000	0.324000	0.324000	0.284596	
1000	0.288000	1.129880	1000	0.288000	0.288000	0.284609	
1000	0.307000	1.129880	1000	0.307000	0.307000	0.284699	
1000	0.278000	1.129880	1000	0.278000	0.278000	0.284672	
1000	0.309000	1.129880	1000	0.309000	0.309000	0.284769	
1000	0.278000	1.129880	1000	0.278000	0.278000	0.284742	
1000	0.272000	1.129880	1000	0.272000	0.272000	0.284692	
1000	0.282000	1.129880	1000	0.282000	0.282000	0.284681	
1000	0.294000	1.129880	1000	0.294000	0.294000	0.284718	
1000	0.263000	1.129880	1000	0.263000	0.263000	0.284633	
1000	0.297000	1.129880	1000	0.297000	0.297000	0.284681	
1000	0.274000	1.129880	1000	0.274000	0.274000	0.284640	
1000	0.273000	1.129880	1000	0.273000	0.273000	0.284595	
1000	0.272000	1.129880	1000	0.272000	0.272000	0.284547	
1000	0.304000	1.129880	1000	0.304000	0.304000	0.284621	
1000	0.318000	1.129880	1000	0.318000	0.318000	0.284748	
1000	0.313000	1.129880	1000	0.313000	0.313000	0.284855	
1000	0.304000	1.129880	1000	0.304000	0.304000	0.284927	
1000	0.281000	1.129880	1000	0.281000	0.281000	0.284912	
1000	0.266000	1.129880	1000	0.266000	0.266000	0.284842	
1000	0.278000	1.129880	1000	0.278000	0.278000	0.284816	
1000	0.296000	1.129880	1000	0.296000	0.296000	0.284858	
1000	0.257000	1.129880	1000	0.257000	0.257000	0.284755	
1000	0.318000	1.129880	1000	0.318000	0.318000	0.284877	
1000	0.286000	1.129880	1000	0.286000	0.286000	0.284881	
1000	0.278000	1.129880	1000	0.278000	0.278000	0.284856	
1000	0.278000	1.129880	1000	0.278000	0.278000	0.284831	
1000	0.282000	1.129880	1000	0.282000	0.282000	0.284821	
1000	0.282000	1.129880	1000	0.282000	0.282000	0.284811	
1000	0.271000	1.129880	1000	0.271000	0.271000	0.284761	
1000	0.286000	1.129880	1000	0.286000	0.286000	0.284765	
1000	0.301000	1.129880	1000	0.301000	0.301000	0.284823	
1000	0.284000	1.129880	1000	0.284000	0.284000	0.284820	
1000	0.283000	1.129880	1000	0.283000	0.283000	0.284814	
1000	0.339000	1.129880	1000	0.339000	0.339000	0.285006	
1000	0.304000	1.129880	1000	0.304000	0.304000	0.285073	
1000	0.297000	1.129880	1000	0.297000	0.297000	0.285115	
1000	0.321000	1.129880	1000	0.321000	0.321000	0.285241	
1000	0.255000	1.129880	1000	0.255000	0.255000	0.285135	
1000	0.270000	1.129880	1000	0.270000	0.270000	0.285083	
1000	0.285000	1.129880	1000	0.285000	0.285000	0.285082	
1000	0.314000	1.129880	1000	0.314000	0.314000	0.285182	
1000	0.267000	1.129880	1000	0.267000	0.267000	0.285120	
1000	0.295000	1.129880	1000	0.295000	0.295000	0.285154	
1000	0.315000	1.129880	1000	0.315000	0.315000	0.285256	
1000	0.288000	1.129880	1000	0.288000	0.288000	0.285265	
1000	0.294000	1.129880	1000	0.294000	0.294000	0.285295	
1000	0.311000	1.129880	1000	0.311000	0.311000	0.285382	
1000	0.296000	1.129880	1000	0.296000	0.296000	0.285418	
1000	0.282000	1.129880	1000	0.282000	0.282000	0.285406	
1000	0.275000	1.129880	1000	0.275000	0.275000	0.285372	
1000	0.280000	1.129880	1000	0.280000	0.280000	0.285354	
1000	0.311000	1.129880	1000	0.311000	0.311000	0.285439	
1000	0.314000	1.129880	1000	0.314000	0.314000	0.285534	
1000	0.249000	1.129880	1000	0.249000	0.249000	0.285413	
1000	0.298000	1.129880	1000	0.298000	0.298000	0.285455	
1000	0.281000	1.129880	1000	0.281000	0.281000	0.285440	
1000	0.260000	1.129880	1000	0.260000	0.260000	0.285356	
1000	0.288000	1.129880	1000	0.288000	0.288000	0.285365	
1000	0.296000	1.129880	1000	0.296000	0.296000	0.285400	
1000	0.264000	1.129880	1000	0.264000	0.264000	0.285330	
1000	0.286000	1.129880	1000	0.286000	0.286000	0.285332	
1000	0.308000	1.129880	1000	0.308000	0.308000	0.285406	
1000	0.349000	1.129880	1000	0.349000	0.349000	0.285610	
1000	0.278000	1.129880	1000	0.278000	0.278000	0.285586	
1000	0.276000	1.129880	1000	0.276000	0.276000	0.285555	
1000	0.278000	1.129880	1000	0.278000	0.278000	0.285531	
1000	0.274000	1.129880	1000	0.274000	0.274000	0.285494	
1000	0.282000	1.129880	1000	0.282000	0.282000	0.285483	
1000	0.258000	1.129880	1000	0.258000	0.258000	0.285397	
1000	0.275000	1.129880	1000	0.275000	0.275000	0.285364	
1000	0.244000	1.129880	1000	0.244000	0.244000	0.285234	
1000	0.278000	1.129880	1000	0.278000	0.278000	0.285212	
1000	0.305000	1.129880	1000	0.305000	0.305000	0.285273	
1000	0.271000	1.129880	1000	0.271000	0.271000	0.285229	
1000	0.278000	1.129880	1000	0.278000	0.278000	0.285207	
1000	0.295000	1.129880	1000	0.295000	0.295000	0.285237	
1000	0.289000	1.129880	1000	0.289000	0.289000	0.285248	
1000	0.362000	1.129880	1000	0.362000	0.362000	0.285484	
1000	0.349000	1.129880	1000	0.349000	0.349000	0.285678	
1000	0.336000	1.129880	1000	0.336000	0.336000	0.285831	
1000	0.289000	1.129880	1000	0.289000	0.289000	0.285841	
1000	0.270000	1.129880	1000	0.270000	0.270000	0.285793	
1000	0.275000	1.129880	1000	0.275000	0.275000	0.285760	
1000	0.299000	1.129880	1000	0.299000	0.299000	0.285800	
1000	0.266000	1.129880	1000	0.266000	0.266000	0.285741	
1000	0.272000	1.129880	1000	0.272000	0.272000	0.285700	
1000	0.266000	1.129880	1000	0.266000	0.266000	0.285641	
1000	0.276000	1.129880	1000	0.276000	0.276000	0.285612	
1000	0.283000	1.129880	1000	0.283000	0.283000	0.285604	
1000	0.262000	1.129880	1000	0.262000	0.262000	0.285535	
1000	0.301000	1.129880	1000	0.301000	0.301000	0.285580	
1000	0.313000	1.129880	1000	0.313000	0.313000	0.285661	
1000	0.326000	1.129880	1000	0.326000	0.326000	0.285779	
1000	0.280000	1.129880	1000	0.280000	0.280000	0.285762	
1000	0.266000	1.129880	1000	0.266000	0.266000	0.285705	
1000	0.287000	1.129880	1000	0.287000	0.287000	0.285708	
1000	0.290000	1.129880	1000	0.290000	0.290000	0.285721	
1000	0.310000	1.129880	1000	0.310000	0.310000	0.285791	
1000	0.276000	1.129880	1000	0.276000	0.276000	0.285763	
1000	0.268000	1.129880	1000	0.268000	0.268000	0.285712	
1000	0.297000	1.129880	1000	0.297000	0.297000	0.285744	
1000	0.251000	1.129880	1000	0.251000	0.251000	0.285645	
1000	0.288000	1.129880	1000	0.288000	0.288000	0.285652	
1000	0.325000	1.129880	1000	0.325000	0.325000	0.285763	
1000	0.334000	1.129880	1000	0.334000	0.334000	0.285900	
1000	0.332000	1.129880	1000	0.332000	0.332000	0.286030	
1000	0.281000	1.129880	1000	0.281000	0.281000	0.286016	
1000	0.294000	1.129880	1000	0.294000	0.294000	0.286039	
1000	0.286000	1.129880	1000	0.286000	0.286000	0.286038	
1000	0.301000	1.129880	1000	0.301000	0.301000	0.286080	
1000	0.299000	1.129880	1000	0.299000	0.299000	0.286116	
1000	0.287000	1.129880	1000	0.287000	0.287000	0.286119	
1000	0.276000	1.129880	1000	0.276000	0.276000	0.286091	
1000	0.282000	1.129880	1000	0.282000	0.282000	0.286079	
1000	0.279000	1.129880	1000	0.279000	0.279000	0.286060	
1000	0.327000	1.129880	1000	0.327000	0.327000	0.286172	
1000	0.337000	1.129880	1000	0.337000	0.337000	0.286312	
1000	0.319000	1.129880	1000	0.319000	0.319000	0.286401	
1000	0.274000	1.129880	1000	0.274000	0.274000	0.286367	
1000	0.298000	1.129880	1000	0.298000	0.298000	0.286399	
1000	0.297000	1.129880	1000	0.297000	0.297000	0.286427	
1000	0.317000	1.129880	1000	0.317000	0.317000	0.286510	
1000	0.318000	1.129880	1000	0.318000	0.318000	0.286595	
1000	0.288000	1.129880	1000	0.288000	0.288000	0.286599	
1000	0.260000	1.129880	1000	0.260000	0.260000	0.286527	
1000	0.246000	1.129880	1000	0.246000	0.246000	0.286419	
1000	0.277000	1.129880	1000	0.277000	0.277000	0.286394	
1000	0.273000	1.129880	1000	0.273000	0.273000	0.286358	
1000	0.289000	1.129880	1000	0.289000	0.289000	0.286365	
1000	0.296000	1.129880	1000	0.296000	0.296000	0.286391	
1000	0.263000	1.129880	1000	0.263000	0.263000	0.286329	
1000	0.291000	1.129880	1000	0.291000	0.291000	0.286341	
1000	0.272000	1.129880	1000	0.272000	0.272000	0.286304	
1000	0.282000	1.129880	1000	0.282000	0.282000	0.286292	
1000	0.272000	1.129880	1000	0.272000	0.272000	0.286255	
1000	0.339000	1.129880	1000	0.339000	0.339000	0.286392	
1000	0.337000	1.129880	1000	0.337000	0.337000	0.286524	
1000	0.351000	1.129880	1000	0.351000	0.351000	0.286691	
1000	0.276000	1.129880	1000	0.276000	0.276000	0.286663	
1000	0.303000	1.129880	1000	0.303000	0.303000	0.286705	
1000	0.294000	1.129880	1000	0.294000	0.294000	0.286724	
1000	0.298000	1.129880	1000	0.298000	0.298000	0.286753	
1000	0.318000	1.129880	1000	0.318000	0.318000	0.286833	
1000	0.301000	1.129880	1000	0.301000	0.301000	0.286869	
1000	0.272000	1.129880	1000	0.272000	0.272000	0.286831	
1000	0.298000	1.129880	1000	0.298000	0.298000	0.286860	
1000	0.310000	1.129880	1000	0.310000	0.310000	0.286918	
1000	0.283000	1.129880	1000	0.283000	0.283000	0.286908	
1000	0.318000	1.129880	1000	0.318000	0.318000	0.286987	
1000	0.295000	1.129880	1000	0.295000	0.295000	0.287007	
1000	0.304000	1.129880	1000	0.304000	0.304000	0.287049	
1000	0.295000	1.129880	1000	0.295000	0.295000	0.287069	
1000	0.306000	1.129880	1000	0.306000	0.306000	0.287116	
1000	0.341000	1.129880	1000	0.341000	0.341000	0.287251	
1000	0.293000	1.129880	1000	0.293000	0.293000	0.287265	
1000	0.284000	1.129880	1000	0.284000	0.284000	0.287257	
1000	0.298000	1.129880	1000	0.298000	0.298000	0.287283	
1000	0.321000	1.129880	1000	0.321000	0.321000	0.287366	
1000	0.322000	1.129880	1000	0.322000	0.322000	0.287451	
1000	0.281000	1.129880	1000	0.281000	0.281000	0.287436	
1000	0.311000	1.129880	1000	0.311000	0.311000	0.287493	
1000	0.295000	1.129880	1000	0.295000	0.295000	0.287511	
1000	0.269000	1.129880	1000	0.269000	0.269000	0.287466	
1000	0.252000	1.129880	1000	0.252000	0.252000	0.287380	
1000	0.288000	1.129880	1000	0.288000	0.288000	0.287382	
1000	0.300000	1.129880	1000	0.300000	0.300000	0.287412	
1000	0.287000	1.129880	1000	0.287000	0.287000	0.287411	
1000	0.287000	1.129880	1000	0.287000	0.287000	0.287410	
1000	0.268000	1.129880	1000	0.268000	0.268000	0.287364	
1000	0.305000	1.129880	1000	0.305000	0.305000	0.287406	
1000	0.300000	1.129880	1000	0.300000	0.300000	0.287436	
1000	0.304000	1.129880	1000	0.304000	0.304000	0.287476	
1000	0.312000	1.129880	1000	0.312000	0.312000	0.287534	
1000	0.292000	1.129880	1000	0.292000	0.292000	0.287544	
1000	0.292000	1.129880	1000	0.292000	0.292000	0.287555	
1000	0.261000	1.129880	1000	0.261000	0.261000	0.287492	
1000	0.303000	1.129880	1000	0.303000	0.303000	0.287529	
1000	0.290000	1.129880	1000	0.290000	0.290000	0.287535	
1000	0.292000	1.129880	1000	0.292000	0.292000	0.287545	
1000	0.280000	1.129880	1000	0.280000	0.280000	0.287527	
1000	0.304000	1.129880	1000	0.304000	0.304000	0.287566	
1000	0.315000	1.129880	1000	0.315000	0.315000	0.287630	
1000	0.295000	1.129880	1000	0.295000	0.295000	0.287647	
1000	0.260000	1.129880	1000	0.260000	0.260000	0.287583	
1000	0.281000	1.129880	1000	0.281000	0.281000	0.287567	
1000	0.291000	1.129880	1000	0.291000	0.291000	0.287575	
1000	0.280000	1.129880	1000	0.280000	0.280000	0.287558	
1000	0.293000	1.129880	1000	0.293000	0.293000	0.287570	
1000	0.323000	1.129880	1000	0.323000	0.323000	0.287652	
1000	0.370000	1.129880	1000	0.370000	0.370000	0.287840	
1000	0.299000	1.129880	1000	0.299000	0.299000	0.287865	
1000	0.270000	1.129880	1000	0.270000	0.270000	0.287824	
1000	0.283000	1.129880	1000	0.283000	0.283000	0.287813	
1000	0.253000	1.129880	1000	0.253000	0.253000	0.287735	
1000	0.282000	1.129880	1000	0.282000	0.282000	0.287722	
1000	0.320000	1.129880	1000	0.320000	0.320000	0.287794	
1000	0.327000	1.129880	1000	0.327000	0.327000	0.287882	
1000	0.359000	1.129880	1000	0.359000	0.359000	0.288042	
1000	0.312000	1.129880	1000	0.312000	0.312000	0.288096	
1000	0.282000	1.129880	1000	0.282000	0.282000	0.288082	
1000	0.312000	1.129880	1000	0.312000	0.312000	0.288135	
1000	0.276000	1.129880	1000	0.276000	0.276000	0.288108	
1000	0.281000	1.129880	1000	0.281000	0.281000	0.288092	
1000	0.303000	1.129880	1000	0.303000	0.303000	0.288125	
1000	0.298000	1.129880	1000	0.298000	0.298000	0.288147	
1000	0.325000	1.129880	1000	0.325000	0.325000	0.288228	
1000	0.337000	1.129880	1000	0.337000	0.337000	0.288336	
1000	0.332000	1.129880	1000	0.332000	0.332000	0.288431	
1000	0.306000	1.129880	1000	0.306000	0.306000	0.288470	
1000	0.319000	1.129880	1000	0.319000	0.319000	0.288536	
1000	0.286000	1.129880	1000	0.286000	0.286000	0.288531	
1000	0.298000	1.129880	1000	0.298000	0.298000	0.288552	
1000	0.268000	1.129880	1000	0.268000	0.268000	0.288507	
1000	0.297000	1.129880	1000	0.297000	0.297000	0.288525	
1000	0.320000	1.129880	1000	0.320000	0.320000	0.288593	
1000	0.273000	1.129880	1000	0.273000	0.273000	0.288560	
1000	0.287000	1.129880	1000	0.287000	0.287000	0.288556	
1000	0.303000	1.129880	1000	0.303000	0.303000	0.288587	
1000	0.298000	1.129880	1000	0.298000	0.298000	0.288608	
1000	0.329000	1.129880	1000	0.329000	0.329000	0.288694	
1000	0.292000	1.129880	1000	0.292000	0.292000	0.288701	
1000	0.268000	1.129880	1000	0.268000	0.268000	0.288657	
1000	0.273000	1.129880	1000	0.273000	0.273000	0.288624	
1000	0.269000	1.129880	1000	0.269000	0.269000	0.288582	
1000	0.280000	1.129880	1000	0.280000	0.280000	0.288564	
1000	0.264000	1.129880	1000	0.264000	0.264000	0.288512	
1000	0.291000	1.129880	1000	0.291000	0.291000	0.288517	
1000	0.280000	1.129880	1000	0.280000	0.280000	0.288499	
1000	0.332000	1.129880	1000	0.332000	0.332000	0.288591	
1000	0.259000	1.129880	1000	0.259000	0.259000	0.288529	
1000	0.287000	1.129880	1000	0.287000	0.287000	0.288525	
1000	0.261000	1.129880	1000	0.261000	0.261000	0.288468	
1000	0.270000	1.129880	1000	0.270000	0.270000	0.288430	
1000	0.288000	1.129880	1000	0.288000	0.288000	0.288429	
1000	0.296000	1.129880	1000	0.296000	0.296000	0.288445	
1000	0.304000	1.129880	1000	0.304000	0.304000	0.288477	
1000	0.296000	1.129880	1000	0.296000	0.296000	0.288492	
1000	0.290000	1.129880	1000	0.290000	0.290000	0.288495	
1000	0.294000	1.129880	1000	0.294000	0.294000	0.288507	
1000	0.264000	1.129880	1000	0.264000	0.264000	0.288456	
1000	0.321000	1.129880	1000	0.321000	0.321000	0.288523	
1000	0.286000	1.129880	1000	0.286000	0.286000	0.288518	
1000	0.295000	1.129880	1000	0.295000	0.295000	0.288531	
1000	0.326000	1.129880	1000	0.326000	0.326000	0.288607	
1000	0.319000	1.129880	1000	0.319000	0.319000	0.288669	
1000	0.236000	1.129880	1000	0.236000	0.236000	0.288562	
1000	0.296000	1.129880	1000	0.296000	0.296000	0.288577	
1000	0.265000	1.129880	1000	0.265000	0.265000	0.288530	
1000	0.277000	1.129880	1000	0.277000	0.277000	0.288506	
1000	0.271000	1.129880	1000	0.271000	0.271000	0.288471	
1000	0.291000	1.129880	1000	0.291000	0.291000	0.288476	
1000	0.272000	1.129880	1000	0.272000	0.272000	0.288443	
1000	0.270000	1.129880	1000	0.270000	0.270000	0.288407	
1000	0.286000	1.129880	1000	0.286000	0.286000	0.288402	
1000	0.291000	1.129880	1000	0.291000	0.291000	0.288407	
1000	0.334000	1.129880	1000	0.334000	0.334000	0.288497	
1000	0.282000	1.129880	1000	0.282000	0.282000	0.288485	
1000	0.281000	1.129880	1000	0.281000	0.281000	0.288470	
1000	0.281000	1.129880	1000	0.281000	0.281000	0.288455	
1000	0.264000	1.129880	1000	0.264000	0.264000	0.288407	
1000	0.324000	1.129880	1000	0.324000	0.324000	0.288477	
1000	0.298000	1.129880	1000	0.298000	0.298000	0.288496	
1000	0.280000	1.129880	1000	0.280000	0.280000	0.288479	
1000	0.293000	1.129880	1000	0.293000	0.293000	0.288488	
1000	0.270000	1.129880	1000	0.270000	0.270000	0.288452	
1000	0.310000	1.129880	1000	0.310000	0.310000	0.288494	
1000	0.327000	1.129880	1000	0.327000	0.327000	0.288568	
1000	0.292000	1.129880	1000	0.292000	0.292000	0.288575	
1000	0.287000	1.129880	1000	0.287000	0.287000	0.288572	
1000	0.267000	1.129880	1000	0.267000	0.267000	0.288530	
1000	0.276000	1.129880	1000	0.276000	0.276000	0.288506	
1000	0.281000	1.129880	1000	0.281000	0.281000	0.288492	
1000	0.270000	1.129880	1000	0.270000	0.270000	0.288456	
1000	0.282000	1.129880	1000	0.282000	0.282000	0.288444	
1000	0.292000	1.129880	1000	0.292000	0.292000	0.288451	
1000	0.263000	1.129880	1000	0.263000	0.263000	0.288402	
1000	0.254000	1.129880	1000	0.254000	0.254000	0.288337	
1000	0.305000	1.129880	1000	0.305000	0.305000	0.288368	
1000	0.274000	1.129880	1000	0.274000	0.274000	0.288341	
1000	0.287000	1.129880	1000	0.287000	0.287000	0.288338	
1000	0.310000	1.129880	1000	0.310000	0.310000	0.288379	
1000	0.297000	1.129880	1000	0.297000	0.297000	0.288396	
1000	0.265000	1.129880	1000	0.265000	0.265000	0.288352	
1000	0.282000	1.129880	1000	0.282000	0.282000	0.288340	
1000	0.315000	1.129880	1000	0.315000	0.315000	0.288390	
1000	0.328000	1.129880	1000	0.328000	0.328000	0.288464	
1000	0.249000	1.129880	1000	0.249000	0.249000	0.288390	
1000	0.296000	1.129880	1000	0.296000	0.296000	0.288404	
1000	0.251000	1.129880	1000	0.251000	0.251000	0.288335	
1000	0.274000	1.129880	1000	0.274000	0.274000	0.288308	
1000	0.245000	1.129880	1000	0.245000	0.245000	0.288228	
1000	0.277000	1.129880	1000	0.277000	0.277000	0.288207	
1000	0.272000	1.129880	1000	0.272000	0.272000	0.288177	
1000	0.289000	1.129880	1000	0.289000	0.289000	0.288178	
1000	0.297000	1.129880	1000	0.297000	0.297000	0.288195	
1000	0.285000	1.129880	1000	0.285000	0.285000	0.288189	
1000	0.274000	1.129880	1000	0.274000	0.274000	0.288163	
1000	0.277000	1.129880	1000	0.277000	0.277000	0.288142	
1000	0.288000	1.129880	1000	0.288000	0.288000	0.288142	
1000	0.282000	1.129880	1000	0.282000	0.282000	0.288131	
1000	0.263000	1.129880	1000	0.263000	0.263000	0.288085	
1000	0.313000	1.129880	1000	0.313000	0.313000	0.288130	
1000	0.282000	1.129880	1000	0.282000	0.282000	0.288119	
1000	0.280000	1.129880	1000	0.280000	0.280000	0.288105	
1000	0.286000	1.129880	1000	0.286000	0.286000	0.288101	
1000	0.272000	1.129880	1000	0.272000	0.272000	0.288072	
1000	0.280000	1.129880	1000	0.280000	0.280000	0.288057	
1000	0.281000	1.129880	1000	0.281000	0.281000	0.288044	
1000	0.258000	1.129880	1000	0.258000	0.258000	0.287991	
1000	0.264000	1.129880	1000	0.264000	0.264000	0.287948	
1000	0.284000	1.129880	1000	0.284000	0.284000	0.287940	
1000	0.282000	1.129880	1000	0.282000	0.282000	0.287930	
1000	0.222000	1.129880	1000	0.222000	0.222000	0.287812	
1000	0.282000	1.129880	1000	0.282000	0.282000	0.287802	
1000	0.275000	1.129880	1000	0.275000	0.275000	0.287779	
1000	0.267000	1.129880	1000	0.267000	0.267000	0.287742	
1000	0.282000	1.129880	1000	0.282000	0.282000	0.287732	
1000	0.282000	1.129880	1000	0.282000	0.282000	0.287722	
1000	0.325000	1.129880	1000	0.325000	0.325000	0.287788	
1000	0.273000	1.129880	1000	0.273000	0.273000	0.287762	
1000	0.300000	1.129880	1000	0.300000	0.300000	0.287783	
1000	0.301000	1.129880	1000	0.301000	0.301000	0.287807	
1000	0.317000	1.129880	1000	0.317000	0.317000	0.287858	
1000	0.282000	1.129880	1000	0.282000	0.282000	0.287847	
1000	0.258000	1.129880	1000	0.258000	0.258000	0.287795	
1000	0.245000	1.129880	1000	0.245000	0.245000	0.287721	
1000	0.277000	1.129880	1000	0.277000	0.277000	0.287702	
1000	0.293000	1.129880	1000	0.293000	0.293000	0.287711	
1000	0.283000	1.129880	1000	0.283000	0.283000	0.287703	
1000	0.300000	1.129880	1000	0.300000	0.300000	0.287724	
1000	0.307000	1.129880	1000	0.307000	0.307000	0.287758	
1000	0.279000	1.129880	1000	0.279000	0.279000	0.287743	
1000	0.296000	1.129880	1000	0.296000	0.296000	0.287757	
1000	0.273000	1.129880	1000	0.273000	0.273000	0.287731	
1000	0.299000	1.129880	1000	0.299000	0.299000	0.287751	
1000	0.292000	1.129880	1000	0.292000	0.292000	0.287758	
1000	0.317000	1.129880	1000	0.317000	0.317000	0.287808	
1000	0.289000	1.129880	1000	0.289000	0.289000	0.287810	
1000	0.294000	1.129880	1000	0.294000	0.294000	0.287821	
1000	0.288000	1.129880	1000	0.288000	0.288000	0.287821	
1000	0.290000	1.129880	1000	0.290000	0.290000	0.287825	
1000	0.290000	1.129880	1000	0.290000	0.290000	0.287828	
1000	0.300000	1.129880	1000	0.300000	0.300000	0.287849	
1000	0.270000	1.129880	1000	0.270000	0.270000	0.287819	
1000	0.293000	1.129880	1000	0.293000	0.293000	0.287828	
1000	0.337000	1.129880	1000	0.337000	0.337000	0.287910	
1000	0.264000	1.129880	1000	0.264000	0.264000	0.287870	
1000	0.350000	1.129880	1000	0.350000	0.350000	0.287974	
1000	0.263000	1.129880	1000	0.263000	0.263000	0.287933	
1000	0.272000	1.129880	1000	0.272000	0.272000	0.287906	
1000	0.305000	1.129880	1000	0.305000	0.305000	0.287934	
1000	0.295000	1.129880	1000	0.295000	0.295000	0.287946	
1000	0.311000	1.129880	1000	0.311000	0.311000	0.287985	
1000	0.296000	1.129880	1000	0.296000	0.296000	0.287998	
1000	0.284000	1.129880	1000	0.284000	0.284000	0.287991	
1000	0.284000	1.129880	1000	0.284000	0.284000	0.287985	
1000	0.280000	1.129880	1000	0.280000	0.280000	0.287971	
1000	0.305000	1.129880	1000	0.305000	0.305000	0.288000	
1000	0.329000	1.129880	1000	0.329000	0.329000	0.288067	
1000	0.321000	1.129880	1000	0.321000	0.321000	0.288121	
1000	0.304000	1.129880	1000	0.304000	0.304000	0.288147	
1000	0.294000	1.129880	1000	0.294000	0.294000	0.288157	
1000	0.307000	1.129880	1000	0.307000	0.307000	0.288188	
1000	0.272000	1.129880	1000	0.272000	0.272000	0.288161	
1000	0.331000	1.129880	1000	0.331000	0.331000	0.288231	
1000	0.299000	1.129880	1000	0.299000	0.299000	0.288249	
1000	0.290000	1.129880	1000	0.290000	0.290000	0.288252	
1000	0.283000	1.129880	1000	0.283000	0.283000	0.288243	
1000	0.284000	1.129880	1000	0.284000	0.284000	0.288236	
1000	0.265000	1.129880	1000	0.265000	0.265000	0.288199	
1000	0.281000	1.129880	1000	0.281000	0.281000	0.288187	
1000	0.294000	1.129880	1000	0.294000	0.294000	0.288196	
1000	0.252000	1.129880	1000	0.252000	0.252000	0.288138	
1000	0.278000	1.129880	1000	0.278000	0.278000	0.288122	
1000	0.272000	1.129880	1000	0.272000	0.272000	0.288096	
1000	0.267000	1.129880	1000	0.267000	0.267000	0.288062	
1000	0.266000	1.129880	1000	0.266000	0.266000	0.288027	
1000	0.331000	1.129880	1000	0.331000	0.331000	0.288095	
1000	0.303000	1.129880	1000	0.303000	0.303000	0.288119	
1000	0.302000	1.129880	1000	0.302000	0.302000	0.288141	
1000	0.255000	1.129880	1000	0.255000	0.255000	0.288089	
1000	0.318000	1.129880	1000	0.318000	0.318000	0.288136	
1000	0.278000	1.129880	1000	0.278000	0.278000	0.288120	
1000	0.324000	1.129880	1000	0.324000	0.324000	0.288177	
1000	0.302000	1.129880	1000	0.302000	0.302000	0.288199	
1000	0.311000	1.129880	1000	0.311000	0.311000	0.288235	
1000	0.311000	1.129880	1000	0.311000	0.311000	0.288270	
1000	0.279000	1.129880	1000	0.279000	0.279000	0.288256	
1000	0.284000	1.129880	1000	0.284000	0.284000	0.288249	
1000	0.271000	1.129880	1000	0.271000	0.271000	0.288222	
1000	0.312000	1.129880	1000	0.312000	0.312000	0.288259	
1000	0.293000	1.129880	1000	0.293000	0.293000	0.288267	
1000	0.270000	1.129880	1000	0.270000	0.270000	0.288238	
1000	0.282000	1.129880	1000	0.282000	0.282000	0.288229	
1000	0.294000	1.129880	1000	0.294000	0.294000	0.288237	
1000	0.276000	1.129880	1000	0.276000	0.276000	0.288218	
1000	0.271000	1.129880	1000	0.271000	0.271000	0.288192	
1000	0.291000	1.129880	1000	0.291000	0.291000	0.288196	
1000	0.303000	1.129880	1000	0.303000	0.303000	0.288219	
1000	0.289000	1.129880	1000	0.289000	0.289000	0.288220	
1000	0.271000	1.129880	1000	0.271000	0.271000	0.288194	
1000	0.273000	1.129880	1000	0.273000	0.273000	0.288170	
1000	0.290000	1.129880	1000	0.290000	0.290000	0.288173	
1000	0.286000	1.129880	1000	0.286000	0.286000	0.288170	
1000	0.291000	1.129880	1000	0.291000	0.291000	0.288174	
1000	0.287000	1.129880	1000	0.287000	0.287000	0.288172	
1000	0.308000	1.129880	1000	0.308000	0.308000	0.288203	
1000	0.320000	1.129880	1000	0.320000	0.320000	0.288251	
1000	0.301000	1.129880	1000	0.301000	0.301000	0.288270	
1000	0.265000	1.129880	1000	0.265000	0.265000	0.288235	
1000	0.285000	1.129880	1000	0.285000	0.285000	0.288230	
1000	0.255000	1.129880	1000	0.255000	0.255000	0.288180	
1000	0.273000	1.129880	1000	0.273000	0.273000	0.288157	
1000	0.342000	1.129880	1000	0.342000	0.342000	0.288238	
1000	0.272000	1.129880	1000	0.272000	0.272000	0.288214	
1000	0.328000	1.129880	1000	0.328000	0.328000	0.288274	
1000	0.295000	1.129880	1000	0.295000	0.295000	0.288284	
1000	0.289000	1.129880	1000	0.289000	0.289000	0.288285	
1000	0.278000	1.129880	1000	0.278000	0.278000	0.288269	
1000	0.298000	1.129880	1000	0.298000	0.298000	0.288284	
1000	0.273000	1.129880	1000	0.273000	0.273000	0.288261	
1000	0.299000	1.129880	1000	0.299000	0.299000	0.288277	
1000	0.285000	1.129880	1000	0.285000	0.285000	0.288272	
1000	0.259000	1.129880	1000	0.259000	0.259000	0.288229	
1000	0.277000	1.129880	1000	0.277000	0.277000	0.288212	
1000	0.318000	1.129880	1000	0.318000	0.318000	0.288256	
1000	0.276000	1.129880	1000	0.276000	0.276000	0.288238	
1000	0.312000	1.129880	1000	0.312000	0.312000	0.288273	
1000	0.277000	1.129880	1000	0.277000	0.277000	0.288257	
1000	0.255000	1.129880	1000	0.255000	0.255000	0.288208	
1000	0.287000	1.129880	1000	0.287000	0.287000	0.288206	
1000	0.296000	1.129880	1000	0.296000	0.296000	0.288217	
1000	0.299000	1.129880	1000	0.299000	0.299000	0.288233	
1000	0.270000	1.129880	1000	0.270000	0.270000	0.288206	
1000	0.253000	1.129880	1000	0.253000	0.253000	0.288155	
1000	0.297000	1.129880	1000	0.297000	0.297000	0.288168	
1000	0.308000	1.129880	1000	0.308000	0.308000	0.288197	
1000	0.307000	1.129880	1000	0.307000	0.307000	0.288224	
1000	0.277000	1.129880	1000	0.277000	0.277000	0.288208	
1000	0.258000	1.129880	1000	0.258000	0.258000	0.288164	
1000	0.281000	1.129880	1000	0.281000	0.281000	0.288153	
1000	0.269000	1.129880	1000	0.269000	0.269000	0.288126	
1000	0.258000	1.129880	1000	0.258000	0.258000	0.288082	
1000	0.297000	1.129880	1000	0.297000	0.297000	0.288095	
1000	0.309000	1.129880	1000	0.309000	0.309000	0.288125	
1000	0.280000	1.129880	1000	0.280000	0.280000	0.288113	
1000	0.305000	1.129880	1000	0.305000	0.305000	0.288138	
1000	0.265000	1.129880	1000	0.265000	0.265000	0.288104	
1000	0.308000	1.129880	1000	0.308000	0.308000	0.288133	
1000	0.321000	1.129880	1000	0.321000	0.321000	0.288180	
1000	0.271000	1.129880	1000	0.271000	0.271000	0.288156	
1000	0.287000	1.129880	1000	0.287000	0.287000	0.288154	
1000	0.289000	1.129880	1000	0.289000	0.289000	0.288155	
1000	0.235000	1.129880	1000	0.235000	0.235000	0.288079	
1000	0.281000	1.129880	1000	0.281000	0.281000	0.288069	
1000	0.258000	1.129880	1000	0.258000	0.258000	0.288027	
1000	0.358000	1.129880	1000	0.358000	0.358000	0.288126	
1000	0.277000	1.129880	1000	0.277000	0.277000	0.288110	
1000	0.261000	1.129880	1000	0.261000	0.261000	0.288072	
1000	0.274000	1.129880	1000	0.274000	0.274000	0.288052	
1000	0.304000	1.129880	1000	0.304000	0.304000	0.288074	
1000	0.340000	1.129880	1000	0.340000	0.340000	0.288147	
1000	0.296000	1.129880	1000	0.296000	0.296000	0.288159	
1000	0.295000	1.129880	1000	0.295000	0.295000	0.288168	
1000	0.271000	1.129880	1000	0.271000	0.271000	0.288144	
1000	0.290000	1.129880	1000	0.290000	0.290000	0.288147	
1000	0.309000	1.129880	1000	0.309000	0.309000	0.288176	
1000	0.281000	1.129880	1000	0.281000	0.281000	0.288166	
1000	0.271000	1.129880	1000	0.271000	0.271000	0.288142	
1000	0.283000	1.129880	1000	0.283000	0.283000	0.288135	
1000	0.328000	1.129880	1000	0.328000	0.328000	0.288190	
1000	0.283000	1.129880	1000	0.283000	0.283000	0.288183	
1000	0.291000	1.129880	1000	0.291000	0.291000	0.288187	
1000	0.304000	1.129880	1000	0.304000	0.304000	0.288209	
1000	0.253000	1.129880	1000	0.253000	0.253000	0.288160	
1000	0.261000	1.129880	1000	0.261000	0.261000	0.288123	
1000	0.277000	1.129880	1000	0.277000	0.277000	0.288107	
1000	0.270000	1.129880	1000	0.270000	0.270000	0.288082	
1000	0.287000	1.129880	1000	0.287000	0.287000	0.288081	
1000	0.246000	1.129880	1000	0.246000	0.246000	0.288023	
1000	0.276000	1.129880	1000	0.276000	0.276000	0.288006	
1000	0.288000	1.129880	1000	0.288000	0.288000	0.288006	
1000	0.289000	1.129880	1000	0.289000	0.289000	0.288008	
1000	0.304000	1.129880	1000	0.304000	0.304000	0.288030	
1000	0.343000	1.129880	1000	0.343000	0.343000	0.288105	
1000	0.346000	1.129880	1000	0.346000	0.346000	0.288184	
1000	0.328000	1.129880	1000	0.328000	0.328000	0.288238	
1000	0.313000	1.129880	1000	0.313000	0.313000	0.288271	
1000	0.261000	1.129880	1000	0.261000	0.261000	0.288234	
1000	0.273000	1.129880	1000	0.273000	0.273000	0.288214	
1000	0.321000	1.129880	1000	0.321000	0.321000	0.288258	
1000	0.284000	1.129880	1000	0.284000	0.284000	0.288252	
1000	0.301000	1.129880	1000	0.301000	0.301000	0.288270	
1000	0.269000	1.129880	1000	0.269000	0.269000	0.288244	
1000	0.275000	1.129880	1000	0.275000	0.275000	0.288226	
1000	0.258000	1.129880	1000	0.258000	0.258000	0.288185	
1000	0.269000	1.129880	1000	0.269000	0.269000	0.288159	
1000	0.284000	1.129880	1000	0.284000	0.284000	0.288154	
1000	0.314000	1.129880	1000	0.314000	0.314000	0.288188	
1000	0.294000	1.129880	1000	0.294000	0.294000	0.288196	
1000	0.298000	1.129880	1000	0.298000	0.298000	0.288209	
1000	0.273000	1.129880	1000	0.273000	0.273000	0.288189	
1000	0.273000	1.129880	1000	0.273000	0.273000	0.288169	
1000	0.307000	1.129880	1000	0.307000	0.307000	0.288194	
1000	0.284000	1.129880	1000	0.284000	0.284000	0.288188	
1000	0.295000	1.129880	1000	0.295000	0.295000	0.288197	
1000	0.286000	1.129880	1000	0.286000	0.286000	0.288194	
1000	0.280000	1.129880	1000	0.280000	0.280000	0.288183	
1000	0.299000	1.129880	1000	0.299000	0.299000	0.288198	
1000	0.259000	1.129880	1000	0.259000	0.259000	0.288159	
1000	0.270000	1.129880	1000	0.270000	0.270000	0.288135	
1000	0.308000	1.129880	1000	0.308000	0.308000	0.288161	
1000	0.287000	1.129880	1000	0.287000	0.287000	0.288160	
1000	0.310000	1.129880	1000	0.310000	0.310000	0.288189	
1000	0.311000	1.129880	1000	0.311000	0.311000	0.288218	
1000	0.285000	1.129880	1000	0.285000	0.285000	0.288214	
1000	0.288000	1.129880	1000	0.288000	0.288000	0.288214	
1000	0.302000	1.129880	1000	0.302000	0.302000	0.288232	
1000	0.280000	1.129880	1000	0.280000	0.280000	0.288221	
1000	0.303000	1.129880	1000	0.303000	0.303000	0.288241	
1000	0.303000	1.129880	1000	0.303000	0.303000	0.288260	
1000	0.277000	1.129880	1000	0.277000	0.277000	0.288245	
1000	0.276000	1.129880	1000	0.276000	0.276000	0.288229	
1000	0.286000	1.129880	1000	0.286000	0.286000	0.288226	
1000	0.286000	1.129880	1000	0.286000	0.286000	0.288223	
1000	0.292000	1.129880	1000	0.292000	0.292000	0.288228	
1000	0.281000	1.129880	1000	0.281000	0.281000	0.288219	
1000	0.318000	1.129880	1000	0.318000	0.318000	0.288257	
1000	0.308000	1.129880	1000	0.308000	0.308000	0.288283	
1000	0.264000	1.129880	1000	0.264000	0.264000	0.288252	
1000	0.292000	1.129880	1000	0.292000	0.292000	0.288256	
1000	0.317000	1.129880	1000	0.317000	0.317000	0.288293	
1000	0.272000	1.129880	1000	0.272000	0.272000	0.288272	
1000	0.319000	1.129880	1000	0.319000	0.319000	0.288312	
1000	0.285000	1.129880	1000	0.285000	0.285000	0.288307	
1000	0.289000	1.129880	1000	0.289000	0.289000	0.288308	
1000	0.335000	1.129880	1000	0.335000	0.335000	0.288368	
1000	0.293000	1.129880	1000	0.293000	0.293000	0.288374	
1000	0.234000	1.129880	1000	0.234000	0.234000	0.288305	
1000	0.293000	1.129880	1000	0.293000	0.293000	0.288311	
1000	0.273000	1.129880	1000	0.273000	0.273000	0.288291	
1000	0.255000	1.129880	1000	0.255000	0.255000	0.288249	
1000	0.259000	1.129880	1000	0.259000	0.259000	0.288212	
1000	0.387000	1.129880	1000	0.387000	0.387000	0.288337	
1000	0.306000	1.129880	1000	0.306000	0.306000	0.288359	
1000	0.297000	1.129880	1000	0.297000	0.297000	0.288370	
1000	0.327000	1.129880	1000	0.327000	0.327000	0.288419	
1000	0.286000	1.129880	1000	0.286000	0.286000	0.288415	
1000	0.269000	1.129880	1000	0.269000	0.269000	0.288391	
1000	0.271000	1.129880	1000	0.271000	0.271000	0.288369	
1000	0.288000	1.129880	1000	0.288000	0.288000	0.288369	
1000	0.285000	1.129880	1000	0.285000	0.285000	0.288365	
1000	0.273000	1.129880	1000	0.273000	0.273000	0.288345	
1000	0.279000	1.129880	1000	0.279000	0.279000	0.288334	
1000	0.281000	1.129880	1000	0.281000	0.281000	0.288325	
1000	0.266000	1.129880	1000	0.266000	0.266000	0.288297	
1000	0.265000	1.129880	1000	0.265000	0.265000	0.288268	
1000	0.275000	1.129880	1000	0.275000	0.275000	0.288252	
1000	0.272000	1.129880	1000	0.272000	0.272000	0.288231	
1000	0.304000	1.129880	1000	0.304000	0.304000	0.288251	
1000	0.348000	1.129880	1000	0.348000	0.348000	0.288325	
1000	0.345000	1.129880	1000	0.345000	0.345000	0.288395	
1000	0.309000	1.129880	1000	0.309000	0.309000	0.288420	
1000	0.269000	1.129880	1000	0.269000	0.269000	0.288396	
1000	0.282000	1.129880	1000	0.282000	0.282000	0.288388	
1000	0.290000	1.129880	1000	0.290000	0.290000	0.288390	
1000	0.264000	1.129880	1000	0.264000	0.264000	0.288360	
1000	0.301000	1.129880	1000	0.301000	0.301000	0.288376	
1000	0.249000	1.129880	1000	0.249000	0.249000	0.288328	
1000	0.284000	1.129880	1000	0.284000	0.284000	0.288322	
1000	0.271000	1.129880	1000	0.271000	0.271000	0.288301	
1000	0.342000	1.129880	1000	0.342000	0.342000	0.288367	
1000	0.262000	1.129880	1000	0.262000	0.262000	0.288335	
1000	0.285000	1.129880	1000	0.285000	0.285000	0.288331	
1000	0.267000	1.129880	1000	0.267000	0.267000	0.288305	
1000	0.268000	1.129880	1000	0.268000	0.268000	0.288280	
1000	0.321000	1.129880	1000	0.321000	0.321000	0.288320	
1000	0.280000	1.129880	1000	0.280000	0.280000	0.288310	
1000	0.252000	1.129880	1000	0.252000	0.252000	0.288266	
1000	0.283000	1.129880	1000	0.283000	0.283000	0.288259	
1000	0.264000	1.129880	1000	0.264000	0.264000	0.288230	
1000	0.284000	1.129880	1000	0.284000	0.284000	0.288225	
1000	0.301000	1.129880	1000	0.301000	0.301000	0.288240	
1000	0.289000	1.129880	1000	0.289000	0.289000	0.288241	
1000	0.309000	1.129880	1000	0.309000	0.309000	0.288266	
1000	0.262000	1.129880	1000	0.262000	0.262000	0.288235	
1000	0.270000	1.129880	1000	0.270000	0.270000	0.288213	
1000	0.272000	1.129880	1000	0.272000	0.272000	0.288193	
1000	0.306000	1.129880	1000	0.306000	0.306000	0.288215	
1000	0.344000	1.129880	1000	0.344000	0.344000	0.288281	
1000	0.349000	1.129880	1000	0.349000	0.349000	0.288354	
1000	0.246000	1.129880	1000	0.246000	0.246000	0.288303	
1000	0.315000	1.129880	1000	0.315000	0.315000	0.288335	
1000	0.373000	1.129880	1000	0.373000	0.373000	0.288436	
1000	0.329000	1.129880	1000	0.329000	0.329000	0.288484	
1000	0.284000	1.129880	1000	0.284000	0.284000	0.288478	
1000	0.253000	1.129880	1000	0.253000	0.253000	0.288436	
1000	0.294000	1.129880	1000	0.294000	0.294000	0.288443	
1000	0.280000	1.129880	1000	0.280000	0.280000	0.288433	
1000	0.278000	1.129880	1000	0.278000	0.278000	0.288421	
1000	0.261000	1.129880	1000	0.261000	0.261000	0.288388	
1000	0.279000	1.129880	1000	0.279000	0.279000	0.288377	
1000	0.289000	1.129880	1000	0.289000	0.289000	0.288378	
1000	0.304000	1.129880	1000	0.304000	0.304000	0.288396	
1000	0.344000	1.129880	1000	0.344000	0.344000	0.288462	
1000	0.319000	1.129880	1000	0.319000	0.319000	0.288497	
1000	0.322000	1.129880	1000	0.322000	0.322000	0.288537	
1000	0.312000	1.129880	1000	0.312000	0.312000	0.288564	
1000	0.311000	1.129880	1000	0.311000	0.311000	0.288590	
1000	0.288000	1.129880	1000	0.288000	0.288000	0.288589	
1000	0.287000	1.129880	1000	0.287000	0.287000	0.288588	
1000	0.286000	1.129880	1000	0.286000	0.286000	0.288585	
1000	0.277000	1.129880	1000	0.277000	0.277000	0.288571	
1000	0.264000	1.129880	1000	0.264000	0.264000	0.288543	
1000	0.330000	1.129880	1000	0.330000	0.330000	0.288591	
1000	0.283000	1.129880	1000	0.283000	0.283000	0.288584	
1000	0.289000	1.129880	1000	0.289000	0.289000	0.288585	
1000	0.287000	1.129880	1000	0.287000	0.287000	0.288583	
1000	0.289000	1.129880	1000	0.289000	0.289000	0.288583	
1000	0.301000	1.129880	1000	0.301000	0.301000	0.288598	
1000	0.298000	1.129880	1000	0.298000	0.298000	0.288608	
1000	0.283000	1.129880	1000	0.283000	0.283000	0.288602	
1000	0.292000	1.129880	1000	0.292000	0.292000	0.288606	
1000	0.295000	1.129880	1000	0.295000	0.295000	0.288613	
1000	0.277000	1.129880	1000	0.277000	0.277000	0.288600	
1000	0.278000	1.129880	1000	0.278000	0.278000	0.288588	
1000	0.340000	1.129880	1000	0.340000	0.340000	0.288647	
1000	0.272000	1.129880	1000	0.272000	0.272000	0.288628	
1000	0.308000	1.129880	1000	0.308000	0.308000	0.288650	
1000	0.330000	1.129880	1000	0.330000	0.330000	0.288697	
1000	0.320000	1.129880	1000	0.320000	0.320000	0.288732	
1000	0.294000	1.129880	1000	0.294000	0.294000	0.288738	
1000	0.282000	1.129880	1000	0.282000	0.282000	0.288731	
1000	0.263000	1.129880	1000	0.263000	0.263000	0.288701	
1000	0.263000	1.129880	1000	0.263000	0.263000	0.288672	
1000	0.310000	1.129880	1000	0.310000	0.310000	0.288697	
1000	0.345000	1.129880	1000	0.345000	0.345000	0.288760	
1000	0.337000	1.129880	1000	0.337000	0.337000	0.288815	
1000	0.285000	1.129880	1000	0.285000	0.285000	0.288810	
1000	0.269000	1.129880	1000	0.269000	0.269000	0.288788	
1000	0.286000	1.129880	1000	0.286000	0.286000	0.288785	
1000	0.278000	1.129880	1000	0.278000	0.278000	0.288773	
1000	0.255000	1.129880	1000	0.255000	0.255000	0.288735	
1000	0.313000	1.129880	1000	0.313000	0.313000	0.288762	
1000	0.285000	1.129880	1000	0.285000	0.285000	0.288758	
1000	0.298000	1.129880	1000	0.298000	0.298000	0.288768	
1000	0.290000	1.129880	1000	0.290000	0.290000	0.288770	
1000	0.273000	1.129880	1000	0.273000	0.273000	0.288752	
1000	0.304000	1.129880	1000	0.304000	0.304000	0.288769	
1000	0.334000	1.129880	1000	0.334000	0.334000	0.288819	
1000	0.329000	1.129880	1000	0.329000	0.329000	0.288864	
1000	0.320000	1.129880	1000	0.320000	0.320000	0.288899	
1000	0.263000	1.129880	1000	0.263000	0.263000	0.288870	
1000	0.269000	1.129880	1000	0.269000	0.269000	0.288848	
1000	0.291000	1.129880	1000	0.291000	0.291000	0.288850	
1000	0.309000	1.129880	1000	0.309000	0.309000	0.288872	
1000	0.274000	1.129880	1000	0.274000	0.274000	0.288856	
1000	0.358000	1.129880	1000	0.358000	0.358000	0.288932	
1000	0.302000	1.129880	1000	0.302000	0.302000	0.288947	
1000	0.271000	1.129880	1000	0.271000	0.271000	0.288927	
1000	0.287000	1.129880	1000	0.287000	0.287000	0.288925	
1000	0.350000	1.129880	1000	0.350000	0.350000	0.288992	
1000	0.329000	1.129880	1000	0.329000	0.329000	0.289036	
1000	0.339000	1.129880	1000	0.339000	0.339000	0.289091	
1000	0.320000	1.129880	1000	0.320000	0.320000	0.289125	
1000	0.284000	1.129880	1000	0.284000	0.284000	0.289119	
1000	0.329000	1.129880	1000	0.329000	0.329000	0.289163	
1000	0.309000	1.129880	1000	0.309000	0.309000	0.289184	
1000	0.290000	1.129880	1000	0.290000	0.290000	0.289185	
1000	0.282000	1.129880	1000	0.282000	0.282000	0.289177	
1000	0.255000	1.129880	1000	0.255000	0.255000	0.289140	
1000	0.319000	1.129880	1000	0.319000	0.319000	0.289173	
1000	0.332000	1.129880	1000	0.332000	0.332000	0.289219	
1000	0.303000	1.129880	1000	0.303000	0.303000	0.289234	
1000	0.284000	1.129880	1000	0.284000	0.284000	0.289228	
1000	0.262000	1.129880	1000	0.262000	0.262000	0.289199	
1000	0.260000	1.129880	1000	0.260000	0.260000	0.289167	
1000	0.291000	1.129880	1000	0.291000	0.291000	0.289169	
1000	0.278000	1.129880	1000	0.278000	0.278000	0.289157	
1000	0.290000	1.129880	1000	0.290000	0.290000	0.289158	
1000	0.283000	1.129880	1000	0.283000	0.283000	0.289151	
1000	0.303000	1.129880	1000	0.303000	0.303000	0.289166	
1000	0.335000	1.129880	1000	0.335000	0.335000	0.289216	
1000	0.313000	1.129880	1000	0.313000	0.313000	0.289241	
1000	0.297000	1.129880	1000	0.297000	0.297000	0.289249	
1000	0.256000	1.129880	1000	0.256000	0.256000	0.289214	
1000	0.280000	1.129880	1000	0.280000	0.280000	0.289204	
1000	0.309000	1.129880	1000	0.309000	0.309000	0.289225	
1000	0.316000	1.129880	1000	0.316000	0.316000	0.289254	
1000	0.298000	1.129880	1000	0.298000	0.298000	0.289263	
1000	0.305000	1.129880	1000	0.305000	0.305000	0.289280	
1000	0.294000	1.129880	1000	0.294000	0.294000	0.289285	
1000	0.316000	1.129880	1000	0.316000	0.316000	0.289313	
1000	0.345000	1.129880	1000	0.345000	0.345000	0.289372	
1000	0.257000	1.129880	1000	0.257000	0.257000	0.289338	
1000	0.256000	1.129880	1000	0.256000	0.256000	0.289303	
1000	0.267000	1.129880	1000	0.267000	0.267000	0.289279	
1000	0.291000	1.129880	1000	0.291000	0.291000	0.289281	
1000	0.292000	1.129880	1000	0.292000	0.292000	0.289284	
1000	0.273000	1.129880	1000	0.273000	0.273000	0.289267	
1000	0.308000	1.129880	1000	0.308000	0.308000	0.289286	
1000	0.288000	1.129880	1000	0.288000	0.288000	0.289285	
1000	0.285000	1.129880	1000	0.285000	0.285000	0.289280	
1000	0.286000	1.129880	1000	0.286000	0.286000	0.289277	
1000	0.288000	1.129880	1000	0.288000	0.288000	0.289276	
1000	0.299000	1.129880	1000	0.299000	0.299000	0.289286	
1000	0.302000	1.129880	1000	0.302000	0.302000	0.289299	
1000	0.285000	1.129880	1000	0.285000	0.285000	0.289295	
1000	0.314000	1.129880	1000	0.314000	0.314000	0.289320	
1000	0.273000	1.129880	1000	0.273000	0.273000	0.289303	
1000	0.286000	1.129880	1000	0.286000	0.286000	0.289300	
1000	0.301000	1.129880	1000	0.301000	0.301000	0.289312	
1000	0.277000	1.129880	1000	0.277000	0.277000	0.289299	
1000	0.261000	1.129880	1000	0.261000	0.261000	0.289270	
1000	0.289000	1.129880	1000	0.289000	0.289000	0.289270	
1000	0.298000	1.129880	1000	0.298000	0.298000	0.289279	
1000	0.274000	1.129880	1000	0.274000	0.274000	0.289263	
1000	0.279000	1.129880	1000	0.279000	0.279000	0.289252	
1000	0.286000	1.129880	1000	0.286000	0.286000	0.289249	
1000	0.285000	1.129880	1000	0.285000	0.285000	0.289245	
1000	0.296000	1.129880	1000	0.296000	0.296000	0.289252	
1000	0.300000	1.129880	1000	0.300000	0.300000	0.289263	
1000	0.271000	1.129880	1000	0.271000	0.271000	0.289244	
1000	0.294000	1.129880	1000	0.294000	0.294000	0.289249	
1000	0.303000	1.129880	1000	0.303000	0.303000	0.289263	
1000	0.279000	1.129880	1000	0.279000	0.279000	0.289252	
1000	0.291000	1.129880	1000	0.291000	0.291000	0.289254	
1000	0.261000	1.129880	1000	0.261000	0.261000	0.289225	
1000	0.291000	1.129880	1000	0.291000	0.291000	0.289227	
1000	0.255000	1.129880	1000	0.255000	0.255000	0.289192	
1000	0.264000	1.129880	1000	0.264000	0.264000	0.289166	
1000	0.275000	1.129880	1000	0.275000	0.275000	0.289152	
1000	0.263000	1.129880	1000	0.263000	0.263000	0.289125	
1000	0.283000	1.129880	1000	0.283000	0.283000	0.289119	
1000	0.270000	1.129880	1000	0.270000	0.270000	0.289099	
1000	0.286000	1.129880	1000	0.286000	0.286000	0.289096	
1000	0.267000	1.129880	1000	0.267000	0.267000	0.289074	
1000	0.279000	1.129880	1000	0.279000	0.279000	0.289064	
1000	0.280000	1.129880	1000	0.280000	0.280000	0.289054	
1000	0.241000	1.129880	1000	0.241000	0.241000	0.289006	
1000	0.274000	1.129880	1000	0.274000	0.274000	0.288991	
1000	0.272000	1.129880	1000	0.272000	0.272000	0.288973	
1000	0.261000	1.129880	1000	0.261000	0.261000	0.288945	
1000	0.306000	1.129880	1000	0.306000	0.306000	0.288962	
1000	0.311000	1.129880	1000	0.311000	0.311000	0.288985	
1000	0.276000	1.129880	1000	0.276000	0.276000	0.288972	
1000	0.274000	1.129880	1000	0.274000	0.274000	0.288956	
1000	0.292000	1.129880	1000	0.292000	0.292000	0.288960	
1000	0.301000	1.129880	1000	0.301000	0.301000	0.288972	
1000	0.277000	1.129880	1000	0.277000	0.277000	0.288960	
1000	0.245000	1.129880	1000	0.245000	0.245000	0.288916	
1000	0.267000	1.129880	1000	0.267000	0.267000	0.288894	
1000	0.314000	1.129880	1000	0.314000	0.314000	0.288919	
1000	0.288000	1.129880	1000	0.288000	0.288000	0.288918	
1000	0.272000	1.129880	1000	0.272000	0.272000	0.288901	
1000	0.288000	1.129880	1000	0.288000	0.288000	0.288900	
1000	0.315000	1.129880	1000	0.315000	0.315000	0.288926	
1000	0.265000	1.129880	1000	0.265000	0.265000	0.288902	
1000	0.281000	1.129880	1000	0.281000	0.281000	0.288894	
1000	0.265000	1.129880	1000	0.265000	0.265000	0.288871	
1000	0.276000	1.129880	1000	0.276000	0.276000	0.288858	
1000	0.274000	1.129880	1000	0.274000	0.274000	0.288843	
