Default schedule
Rate	100.00
Rate Tried	% Accepted	Rates - Dev	Rates - Tried	Rates - Accepted	Sample Ave Acceptance	Total Ave Acceptance	
1000	0.245000	1.271783	1000	0.245000	0.245000	0.173075	
1000	0.220000	1.271783	1000	0.220000	0.220000	0.176985	
1000	0.220000	1.271783	1000	0.220000	0.220000	0.180294	
1000	0.226000	1.271783	1000	0.226000	0.226000	0.183558	
1000	0.224000	1.271783	1000	0.224000	0.224000	0.186254	
1000	0.197000	1.271783	1000	0.197000	0.197000	0.186926	
1000	0.206000	1.253244	1000	0.206000	0.206000	0.188048	
1000	0.231000	1.253244	1000	0.231000	0.231000	0.190434	
1000	0.220000	1.253244	1000	0.220000	0.220000	0.191990	
1000	0.207000	1.253244	1000	0.207000	0.207000	0.192740	
1000	0.215000	1.253244	1000	0.215000	0.215000	0.193800	
1000	0.234000	1.253244	1000	0.234000	0.234000	0.195627	
1000	0.229000	1.253244	1000	0.229000	0.229000	0.197078	
1000	0.233000	1.253244	1000	0.233000	0.233000	0.198575	
1000	0.237000	1.253244	1000	0.237000	0.237000	0.200112	
1000	0.215000	1.253244	1000	0.215000	0.215000	0.200685	
1000	0.217000	1.253244	1000	0.217000	0.217000	0.201289	
1000	0.205000	1.253244	1000	0.205000	0.205000	0.201421	
1000	0.219000	1.253244	1000	0.219000	0.219000	0.202028	
1000	0.214000	1.253244	1000	0.214000	0.214000	0.202427	
1000	0.238000	1.253244	1000	0.238000	0.238000	0.203574	
1000	0.214000	1.253244	1000	0.214000	0.214000	0.203900	
1000	0.217000	1.253244	1000	0.217000	0.217000	0.204297	
1000	0.253000	1.253244	1000	0.253000	0.253000	0.205729	
1000	0.231000	1.253244	1000	0.231000	0.231000	0.206451	
1000	0.226000	1.253244	1000	0.226000	0.226000	0.206994	
1000	0.208000	1.253244	1000	0.208000	0.208000	0.207021	
1000	0.216000	1.253244	1000	0.216000	0.216000	0.207258	
1000	0.234000	1.253244	1000	0.234000	0.234000	0.207943	
1000	0.224000	1.253244	1000	0.224000	0.224000	0.208345	
1000	0.251000	1.253244	1000	0.251000	0.251000	0.209385	
1000	0.203000	1.253244	1000	0.203000	0.203000	0.209233	
1000	0.223000	1.253244	1000	0.223000	0.223000	0.209553	
1000	0.245000	1.253244	1000	0.245000	0.245000	0.210359	
1000	0.217000	1.253244	1000	0.217000	0.217000	0.210506	
1000	0.200000	1.253244	1000	0.200000	0.200000	0.210278	
1000	0.213000	1.253244	1000	0.213000	0.213000	0.210336	
1000	0.240000	1.253244	1000	0.240000	0.240000	0.210954	
1000	0.223000	1.253244	1000	0.223000	0.223000	0.211200	
1000	0.217000	1.253244	1000	0.217000	0.217000	0.211316	
1000	0.220000	1.253244	1000	0.220000	0.220000	0.211486	
1000	0.231000	1.253244	1000	0.231000	0.231000	0.211861	
1000	0.234000	1.253244	1000	0.234000	0.234000	0.212279	
1000	0.207000	1.253244	1000	0.207000	0.207000	0.212181	
1000	0.211000	1.253244	1000	0.211000	0.211000	0.212160	
1000	0.205000	1.253244	1000	0.205000	0.205000	0.212032	
1000	0.220000	1.253244	1000	0.220000	0.220000	0.212172	
1000	0.204000	1.253244	1000	0.204000	0.204000	0.212031	
1000	0.207000	1.253244	1000	0.207000	0.207000	0.211946	
1000	0.225000	1.253244	1000	0.225000	0.225000	0.212163	
1000	0.210000	1.253244	1000	0.210000	0.210000	0.212128	
1000	0.210000	1.253244	1000	0.210000	0.210000	0.212093	
1000	0.234000	1.253244	1000	0.234000	0.234000	0.212441	
1000	0.231000	1.253244	1000	0.231000	0.231000	0.212731	
1000	0.232000	1.253244	1000	0.232000	0.232000	0.213027	
1000	0.205000	1.253244	1000	0.205000	0.205000	0.212906	
1000	0.215000	1.253244	1000	0.215000	0.215000	0.212937	
1000	0.219000	1.253244	1000	0.219000	0.219000	0.213026	
1000	0.230000	1.253244	1000	0.230000	0.230000	0.213272	
1000	0.213000	1.253244	1000	0.213000	0.213000	0.213268	
1000	0.211000	1.253244	1000	0.211000	0.211000	0.213236	
1000	0.197000	1.253244	1000	0.197000	0.197000	0.213011	
1000	0.473000	0.679866	1000	0.473000	0.473000	0.216572	
1000	0.353000	0.883467	1000	0.353000	0.353000	0.218416	
1000	0.353000	0.883467	1000	0.353000	0.353000	0.220210	
1000	0.346000	0.883467	1000	0.346000	0.346000	0.221866	
1000	0.359000	0.883467	1000	0.359000	0.359000	0.223646	
1000	0.378000	0.883467	1000	0.378000	0.378000	0.225625	
1000	0.374000	0.883467	1000	0.374000	0.374000	0.227503	
1000	0.389000	0.883467	1000	0.389000	0.389000	0.229522	
1000	0.336000	0.883467	1000	0.336000	0.336000	0.230837	
1000	0.368000	0.883467	1000	0.368000	0.368000	0.232509	
1000	0.374000	0.883467	1000	0.374000	0.374000	0.234214	
1000	0.417000	0.883467	1000	0.417000	0.417000	0.236390	
1000	0.134000	1.551847	1000	0.134000	0.134000	0.235185	
1000	0.198000	1.346035	1000	0.198000	0.198000	0.234753	
1000	0.429000	0.744084	1000	0.429000	0.429000	0.236986	
1000	0.335000	0.936898	1000	0.335000	0.335000	0.238100	
1000	0.337000	0.936898	1000	0.337000	0.337000	0.239211	
1000	0.331000	0.936898	1000	0.331000	0.331000	0.240231	
1000	0.334000	0.936898	1000	0.334000	0.334000	0.241261	
1000	0.342000	0.936898	1000	0.342000	0.342000	0.242356	
1000	0.341000	0.936898	1000	0.341000	0.341000	0.243417	
1000	0.349000	0.936898	1000	0.349000	0.349000	0.244540	
1000	0.364000	0.936898	1000	0.364000	0.364000	0.245797	
1000	0.345000	0.936898	1000	0.345000	0.345000	0.246831	
1000	0.329000	0.936898	1000	0.329000	0.329000	0.247678	
1000	0.371000	0.936898	1000	0.371000	0.371000	0.248936	
1000	0.352000	0.936898	1000	0.352000	0.352000	0.249977	
1000	0.329000	0.936898	1000	0.329000	0.329000	0.250767	
1000	0.349000	0.936898	1000	0.349000	0.349000	0.251740	
1000	0.350000	0.936898	1000	0.350000	0.350000	0.252703	
1000	0.355000	0.936898	1000	0.355000	0.355000	0.253697	
1000	0.343000	0.936898	1000	0.343000	0.343000	0.254555	
1000	0.349000	0.936898	1000	0.349000	0.349000	0.255455	
1000	0.346000	0.936898	1000	0.346000	0.346000	0.256309	
1000	0.329000	0.936898	1000	0.329000	0.329000	0.256988	
1000	0.307000	0.936898	1000	0.307000	0.307000	0.257451	
1000	0.338000	0.936898	1000	0.338000	0.338000	0.258190	
1000	0.362000	0.936898	1000	0.362000	0.362000	0.259134	
1000	0.333000	0.936898	1000	0.333000	0.333000	0.259799	
1000	0.334000	0.936898	1000	0.334000	0.334000	0.260462	
1000	0.342000	0.936898	1000	0.342000	0.342000	0.261184	
1000	0.347000	0.936898	1000	0.347000	0.347000	0.261936	
1000	0.318000	0.936898	1000	0.318000	0.318000	0.262424	
1000	0.347000	0.936898	1000	0.347000	0.347000	0.263153	
1000	0.342000	0.936898	1000	0.342000	0.342000	0.263827	
1000	0.329000	0.936898	1000	0.329000	0.329000	0.264379	
1000	0.341000	0.936898	1000	0.341000	0.341000	0.265023	
1000	0.342000	0.936898	1000	0.342000	0.342000	0.265664	
1000	0.336000	0.936898	1000	0.336000	0.336000	0.266246	
1000	0.361000	0.936898	1000	0.361000	0.361000	0.267022	
1000	0.323000	0.936898	1000	0.323000	0.323000	0.267478	
1000	0.308000	0.936898	1000	0.308000	0.308000	0.267804	
1000	0.334000	0.936898	1000	0.334000	0.334000	0.268334	
1000	0.346000	0.936898	1000	0.346000	0.346000	0.268950	
1000	0.326000	0.936898	1000	0.326000	0.326000	0.269399	
1000	0.341000	0.936898	1000	0.341000	0.341000	0.269959	
1000	0.327000	0.936898	1000	0.327000	0.327000	0.270401	
1000	0.311000	0.936898	1000	0.311000	0.311000	0.270713	
1000	0.374000	0.936898	1000	0.374000	0.374000	0.271502	
1000	0.345000	0.936898	1000	0.345000	0.345000	0.272059	
1000	0.315000	0.936898	1000	0.315000	0.315000	0.272381	
1000	0.319000	0.936898	1000	0.319000	0.319000	0.272729	
1000	0.311000	0.936898	1000	0.311000	0.311000	0.273013	
1000	0.332000	0.936898	1000	0.332000	0.332000	0.273447	
1000	0.347000	0.936898	1000	0.347000	0.347000	0.273983	
1000	0.351000	0.936898	1000	0.351000	0.351000	0.274541	
1000	0.302000	0.936898	1000	0.302000	0.302000	0.274739	
1000	0.349000	0.936898	1000	0.349000	0.349000	0.275269	
1000	0.339000	0.936898	1000	0.339000	0.339000	0.275721	
1000	0.359000	0.936898	1000	0.359000	0.359000	0.276308	
1000	0.330000	0.936898	1000	0.330000	0.330000	0.276683	
1000	0.368000	0.936898	1000	0.368000	0.368000	0.277318	
1000	0.375000	0.936898	1000	0.375000	0.375000	0.277991	
1000	0.371000	0.936898	1000	0.371000	0.371000	0.278628	
1000	0.349000	0.936898	1000	0.349000	0.349000	0.279107	
1000	0.336000	0.936898	1000	0.336000	0.336000	0.279491	
1000	0.343000	0.936898	1000	0.343000	0.343000	0.279918	
1000	0.327000	0.936898	1000	0.327000	0.327000	0.280231	
1000	0.340000	0.936898	1000	0.340000	0.340000	0.280627	
1000	0.354000	0.936898	1000	0.354000	0.354000	0.281110	
1000	0.337000	0.936898	1000	0.337000	0.337000	0.281475	
1000	0.349000	0.936898	1000	0.349000	0.349000	0.281914	
1000	0.342000	0.936898	1000	0.342000	0.342000	0.282301	
1000	0.305000	0.936898	1000	0.305000	0.305000	0.282447	
1000	0.359000	0.936898	1000	0.359000	0.359000	0.282935	
1000	0.341000	0.936898	1000	0.341000	0.341000	0.283302	
1000	0.308000	0.936898	1000	0.308000	0.308000	0.283457	
1000	0.302000	0.936898	1000	0.302000	0.302000	0.283573	
1000	0.319000	0.936898	1000	0.319000	0.319000	0.283793	
1000	0.340000	0.936898	1000	0.340000	0.340000	0.284140	
1000	0.352000	0.936898	1000	0.352000	0.352000	0.284557	
1000	0.339000	0.936898	1000	0.339000	0.339000	0.284889	
1000	0.329000	0.936898	1000	0.329000	0.329000	0.285156	
1000	0.311000	0.936898	1000	0.311000	0.311000	0.285312	
1000	0.314000	0.936898	1000	0.314000	0.314000	0.285483	
1000	0.303000	0.936898	1000	0.303000	0.303000	0.285588	
1000	0.342000	0.936898	1000	0.342000	0.342000	0.285921	
1000	0.342000	0.936898	1000	0.342000	0.342000	0.286251	
1000	0.332000	0.936898	1000	0.332000	0.332000	0.286519	
1000	0.318000	0.936898	1000	0.318000	0.318000	0.286702	
1000	0.345000	0.936898	1000	0.345000	0.345000	0.287039	
1000	0.323000	0.936898	1000	0.323000	0.323000	0.287245	
1000	0.324000	0.936898	1000	0.324000	0.324000	0.287456	
1000	0.361000	0.936898	1000	0.361000	0.361000	0.287873	
1000	0.304000	0.936898	1000	0.304000	0.304000	0.287964	
1000	0.330000	0.936898	1000	0.330000	0.330000	0.288201	
1000	0.352000	0.936898	1000	0.352000	0.352000	0.288557	
1000	0.319000	0.936898	1000	0.319000	0.319000	0.288726	
1000	0.356000	0.936898	1000	0.356000	0.356000	0.289098	
1000	0.342000	0.936898	1000	0.342000	0.342000	0.289389	
1000	0.324000	0.936898	1000	0.324000	0.324000	0.289578	
1000	0.323000	0.936898	1000	0.323000	0.323000	0.289759	
1000	0.364000	0.936898	1000	0.364000	0.364000	0.290161	
1000	0.336000	0.936898	1000	0.336000	0.336000	0.290407	
1000	0.342000	0.936898	1000	0.342000	0.342000	0.290683	
1000	0.347000	0.936898	1000	0.347000	0.347000	0.290982	
1000	0.341000	0.936898	1000	0.341000	0.341000	0.291247	
1000	0.327000	0.936898	1000	0.327000	0.327000	0.291435	
1000	0.331000	0.936898	1000	0.331000	0.331000	0.291642	
1000	0.361000	0.936898	1000	0.361000	0.361000	0.292004	
1000	0.305000	0.936898	1000	0.305000	0.305000	0.292071	
1000	0.333000	0.936898	1000	0.333000	0.333000	0.292282	
1000	0.298000	0.936898	1000	0.298000	0.298000	0.292311	
1000	0.344000	0.936898	1000	0.344000	0.344000	0.292575	
1000	0.373000	0.936898	1000	0.373000	0.373000	0.292983	
1000	0.338000	0.936898	1000	0.338000	0.338000	0.293211	
1000	0.345000	0.936898	1000	0.345000	0.345000	0.293471	
1000	0.347000	0.936898	1000	0.347000	0.347000	0.293739	
1000	0.323000	0.936898	1000	0.323000	0.323000	0.293884	
1000	0.336000	0.936898	1000	0.336000	0.336000	0.294093	
1000	0.323000	0.936898	1000	0.323000	0.323000	0.294235	
1000	0.341000	0.936898	1000	0.341000	0.341000	0.294464	
1000	0.324000	0.936898	1000	0.324000	0.324000	0.294608	
1000	0.336000	0.936898	1000	0.336000	0.336000	0.294809	
1000	0.337000	0.936898	1000	0.337000	0.337000	0.295013	
1000	0.307000	0.936898	1000	0.307000	0.307000	0.295071	
1000	0.332000	0.936898	1000	0.332000	0.332000	0.295247	
1000	0.328000	0.936898	1000	0.328000	0.328000	0.295403	
1000	0.318000	0.936898	1000	0.318000	0.318000	0.295510	
1000	0.361000	0.936898	1000	0.361000	0.361000	0.295819	
1000	0.326000	0.936898	1000	0.326000	0.326000	0.295961	
1000	0.355000	0.936898	1000	0.355000	0.355000	0.296237	
1000	0.331000	0.936898	1000	0.331000	0.331000	0.296399	
1000	0.304000	0.936898	1000	0.304000	0.304000	0.296434	
1000	0.350000	0.936898	1000	0.350000	0.350000	0.296681	
1000	0.326000	0.936898	1000	0.326000	0.326000	0.296815	
1000	0.340000	0.936898	1000	0.340000	0.340000	0.297012	
1000	0.315000	0.936898	1000	0.315000	0.315000	0.297094	
1000	0.353000	0.936898	1000	0.353000	0.353000	0.297347	
1000	0.334000	0.936898	1000	0.334000	0.334000	0.297512	
1000	0.311000	0.936898	1000	0.311000	0.311000	0.297573	
1000	0.377000	0.936898	1000	0.377000	0.377000	0.297927	
1000	0.358000	0.936898	1000	0.358000	0.358000	0.298194	
1000	0.319000	0.936898	1000	0.319000	0.319000	0.298286	
1000	0.352000	0.936898	1000	0.352000	0.352000	0.298523	
1000	0.324000	0.936898	1000	0.324000	0.324000	0.298635	
1000	0.372000	0.936898	1000	0.372000	0.372000	0.298955	
1000	0.332000	0.936898	1000	0.332000	0.332000	0.299099	
1000	0.330000	0.936898	1000	0.330000	0.330000	0.299232	
1000	0.330000	0.936898	1000	0.330000	0.330000	0.299365	
1000	0.392000	0.936898	1000	0.392000	0.392000	0.299763	
1000	0.376000	0.936898	1000	0.376000	0.376000	0.300088	
1000	0.351000	0.936898	1000	0.351000	0.351000	0.300305	
1000	0.366000	0.936898	1000	0.366000	0.366000	0.300583	
1000	0.377000	0.936898	1000	0.377000	0.377000	0.300906	
1000	0.381000	0.936898	1000	0.381000	0.381000	0.301242	
1000	0.333000	0.936898	1000	0.333000	0.333000	0.301375	
1000	0.339000	0.936898	1000	0.339000	0.339000	0.301532	
1000	0.338000	0.936898	1000	0.338000	0.338000	0.301683	
1000	0.347000	0.936898	1000	0.347000	0.347000	0.301871	
1000	0.349000	0.936898	1000	0.349000	0.349000	0.302065	
1000	0.351000	0.936898	1000	0.351000	0.351000	0.302265	
1000	0.325000	0.936898	1000	0.325000	0.325000	0.302358	
1000	0.337000	0.936898	1000	0.337000	0.337000	0.302499	
1000	0.341000	0.936898	1000	0.341000	0.341000	0.302655	
1000	0.332000	0.936898	1000	0.332000	0.332000	0.302773	
1000	0.356000	0.936898	1000	0.356000	0.356000	0.302987	
1000	0.368000	0.936898	1000	0.368000	0.368000	0.303247	
1000	0.320000	0.936898	1000	0.320000	0.320000	0.303314	
1000	0.330000	0.936898	1000	0.330000	0.330000	0.303419	
1000	0.331000	0.936898	1000	0.331000	0.331000	0.303528	
1000	0.341000	0.936898	1000	0.341000	0.341000	0.303676	
1000	0.320000	0.936898	1000	0.320000	0.320000	0.303740	
1000	0.363000	0.936898	1000	0.363000	0.363000	0.303971	
1000	0.355000	0.936898	1000	0.355000	0.355000	0.304170	
1000	0.307000	0.936898	1000	0.307000	0.307000	0.304181	
1000	0.328000	0.936898	1000	0.328000	0.328000	0.304273	
1000	0.338000	0.936898	1000	0.338000	0.338000	0.304403	
1000	0.307000	0.936898	1000	0.307000	0.307000	0.304413	
1000	0.331000	0.936898	1000	0.331000	0.331000	0.304514	
1000	0.320000	0.936898	1000	0.320000	0.320000	0.304573	
1000	0.319000	0.936898	1000	0.319000	0.319000	0.304628	
1000	0.332000	0.936898	1000	0.332000	0.332000	0.304731	
1000	0.314000	0.936898	1000	0.314000	0.314000	0.304766	
1000	0.351000	0.936898	1000	0.351000	0.351000	0.304939	
1000	0.326000	0.936898	1000	0.326000	0.326000	0.305018	
1000	0.321000	0.936898	1000	0.321000	0.321000	0.305077	
1000	0.304000	0.936898	1000	0.304000	0.304000	0.305073	
1000	0.340000	0.936898	1000	0.340000	0.340000	0.305202	
1000	0.347000	0.936898	1000	0.347000	0.347000	0.305355	
1000	0.320000	0.936898	1000	0.320000	0.320000	0.305409	
1000	0.323000	0.936898	1000	0.323000	0.323000	0.305473	
1000	0.300000	0.936898	1000	0.300000	0.300000	0.305453	
1000	0.315000	0.936898	1000	0.315000	0.315000	0.305488	
1000	0.347000	0.936898	1000	0.347000	0.347000	0.305638	
1000	0.329000	0.936898	1000	0.329000	0.329000	0.305722	
1000	0.316000	0.936898	1000	0.316000	0.316000	0.305759	
1000	0.361000	0.936898	1000	0.361000	0.361000	0.305956	
1000	0.318000	0.936898	1000	0.318000	0.318000	0.305999	
1000	0.337000	0.936898	1000	0.337000	0.337000	0.306109	
1000	0.330000	0.936898	1000	0.330000	0.330000	0.306193	
1000	0.380000	0.936898	1000	0.380000	0.380000	0.306453	
1000	0.373000	0.936898	1000	0.373000	0.373000	0.306687	
1000	0.322000	0.936898	1000	0.322000	0.322000	0.306740	
1000	0.327000	0.936898	1000	0.327000	0.327000	0.306811	
1000	0.320000	0.936898	1000	0.320000	0.320000	0.306857	
1000	0.335000	0.936898	1000	0.335000	0.335000	0.306954	
1000	0.345000	0.936898	1000	0.345000	0.345000	0.307085	
1000	0.335000	0.936898	1000	0.335000	0.335000	0.307181	
1000	0.330000	0.936898	1000	0.330000	0.330000	0.307259	
1000	0.339000	0.936898	1000	0.339000	0.339000	0.307368	
1000	0.339000	0.936898	1000	0.339000	0.339000	0.307475	
1000	0.301000	0.936898	1000	0.301000	0.301000	0.307453	
1000	0.343000	0.936898	1000	0.343000	0.343000	0.307573	
1000	0.323000	0.936898	1000	0.323000	0.323000	0.307625	
1000	0.336000	0.936898	1000	0.336000	0.336000	0.307720	
1000	0.353000	0.936898	1000	0.353000	0.353000	0.307872	
1000	0.364000	0.936898	1000	0.364000	0.364000	0.308059	
1000	0.307000	0.936898	1000	0.307000	0.307000	0.308055	
1000	0.384000	0.936898	1000	0.384000	0.384000	0.308307	
1000	0.359000	0.936898	1000	0.359000	0.359000	0.308474	
1000	0.343000	0.936898	1000	0.343000	0.343000	0.308588	
1000	0.302000	0.936898	1000	0.302000	0.302000	0.308566	
1000	0.324000	0.936898	1000	0.324000	0.324000	0.308617	
1000	0.329000	0.936898	1000	0.329000	0.329000	0.308683	
1000	0.327000	0.936898	1000	0.327000	0.327000	0.308743	
1000	0.328000	0.936898	1000	0.328000	0.328000	0.308805	
1000	0.318000	0.936898	1000	0.318000	0.318000	0.308834	
1000	0.321000	0.936898	1000	0.321000	0.321000	0.308874	
1000	0.362000	0.936898	1000	0.362000	0.362000	0.309044	
1000	0.335000	0.936898	1000	0.335000	0.335000	0.309127	
1000	0.332000	0.936898	1000	0.332000	0.332000	0.309200	
1000	0.347000	0.936898	1000	0.347000	0.347000	0.309320	
1000	0.337000	0.936898	1000	0.337000	0.337000	0.309407	
1000	0.334000	0.936898	1000	0.334000	0.334000	0.309485	
1000	0.359000	0.936898	1000	0.359000	0.359000	0.309641	
1000	0.358000	0.936898	1000	0.358000	0.358000	0.309792	
1000	0.333000	0.936898	1000	0.333000	0.333000	0.309865	
1000	0.335000	0.936898	1000	0.335000	0.335000	0.309943	
1000	0.336000	0.936898	1000	0.336000	0.336000	0.310024	
1000	0.322000	0.936898	1000	0.322000	0.322000	0.310061	
1000	0.334000	0.936898	1000	0.334000	0.334000	0.310135	
1000	0.343000	0.936898	1000	0.343000	0.343000	0.310236	
1000	0.331000	0.936898	1000	0.331000	0.331000	0.310300	
1000	0.352000	0.936898	1000	0.352000	0.352000	0.310427	
1000	0.358000	0.936898	1000	0.358000	0.358000	0.310572	
1000	0.332000	0.936898	1000	0.332000	0.332000	0.310637	
1000	0.360000	0.936898	1000	0.360000	0.360000	0.310787	
1000	0.311000	0.936898	1000	0.311000	0.311000	0.310788	
1000	0.317000	0.936898	1000	0.317000	0.317000	0.310806	
1000	0.329000	0.936898	1000	0.329000	0.329000	0.310861	
1000	0.348000	0.936898	1000	0.348000	0.348000	0.310972	
1000	0.344000	0.936898	1000	0.344000	0.344000	0.311071	
1000	0.331000	0.936898	1000	0.331000	0.331000	0.311130	
1000	0.363000	0.936898	1000	0.363000	0.363000	0.311284	
1000	0.342000	0.936898	1000	0.342000	0.342000	0.311375	
1000	0.366000	0.936898	1000	0.366000	0.366000	0.311536	
1000	0.331000	0.936898	1000	0.331000	0.331000	0.311593	
1000	0.325000	0.936898	1000	0.325000	0.325000	0.311633	
1000	0.335000	0.936898	1000	0.335000	0.335000	0.311701	
1000	0.323000	0.936898	1000	0.323000	0.323000	0.311734	
1000	0.330000	0.936898	1000	0.330000	0.330000	0.311787	
1000	0.334000	0.936898	1000	0.334000	0.334000	0.311851	
1000	0.363000	0.936898	1000	0.363000	0.363000	0.311999	
1000	0.315000	0.936898	1000	0.315000	0.315000	0.312008	
1000	0.345000	0.936898	1000	0.345000	0.345000	0.312103	
1000	0.346000	0.936898	1000	0.346000	0.346000	0.312200	
1000	0.335000	0.936898	1000	0.335000	0.335000	0.312265	
1000	0.358000	0.936898	1000	0.358000	0.358000	0.312395	
1000	0.346000	0.936898	1000	0.346000	0.346000	0.312491	
1000	0.342000	0.936898	1000	0.342000	0.342000	0.312574	
1000	0.326000	0.936898	1000	0.326000	0.326000	0.312612	
1000	0.349000	0.936898	1000	0.349000	0.349000	0.312715	
1000	0.353000	0.936898	1000	0.353000	0.353000	0.312828	
1000	0.332000	0.936898	1000	0.332000	0.332000	0.312881	
1000	0.317000	0.936898	1000	0.317000	0.317000	0.312893	
1000	0.330000	0.936898	1000	0.330000	0.330000	0.312941	
1000	0.353000	0.936898	1000	0.353000	0.353000	0.313052	
1000	0.382000	0.936898	1000	0.382000	0.382000	0.313243	
1000	0.348000	0.936898	1000	0.348000	0.348000	0.313339	
1000	0.315000	0.936898	1000	0.315000	0.315000	0.313343	
1000	0.304000	0.936898	1000	0.304000	0.304000	0.313318	
1000	0.352000	0.936898	1000	0.352000	0.352000	0.313424	
1000	0.323000	0.936898	1000	0.323000	0.323000	0.313450	
1000	0.329000	0.936898	1000	0.329000	0.329000	0.313492	
1000	0.330000	0.936898	1000	0.330000	0.330000	0.313537	
1000	0.334000	0.936898	1000	0.334000	0.334000	0.313593	
1000	0.324000	0.936898	1000	0.324000	0.324000	0.313621	
1000	0.362000	0.936898	1000	0.362000	0.362000	0.313751	
1000	0.335000	0.936898	1000	0.335000	0.335000	0.313808	
1000	0.326000	0.936898	1000	0.326000	0.326000	0.313841	
1000	0.361000	0.936898	1000	0.361000	0.361000	0.313967	
1000	0.352000	0.936898	1000	0.352000	0.352000	0.314068	
1000	0.328000	0.936898	1000	0.328000	0.328000	0.314106	
1000	0.359000	0.936898	1000	0.359000	0.359000	0.314225	
1000	0.332000	0.936898	1000	0.332000	0.332000	0.314272	
1000	0.332000	0.936898	1000	0.332000	0.332000	0.314318	
1000	0.338000	0.936898	1000	0.338000	0.338000	0.314381	
1000	0.342000	0.936898	1000	0.342000	0.342000	0.314453	
1000	0.367000	0.936898	1000	0.367000	0.367000	0.314591	
1000	0.337000	0.936898	1000	0.337000	0.337000	0.314649	
1000	0.362000	0.936898	1000	0.362000	0.362000	0.314773	
1000	0.387000	0.936898	1000	0.387000	0.387000	0.314960	
1000	0.335000	0.936898	1000	0.335000	0.335000	0.315012	
1000	0.336000	0.936898	1000	0.336000	0.336000	0.315066	
1000	0.320000	0.936898	1000	0.320000	0.320000	0.315079	
1000	0.302000	0.936898	1000	0.302000	0.302000	0.315045	
1000	0.338000	0.936898	1000	0.338000	0.338000	0.315104	
1000	0.330000	0.936898	1000	0.330000	0.330000	0.315142	
1000	0.327000	0.936898	1000	0.327000	0.327000	0.315173	
1000	0.352000	0.936898	1000	0.352000	0.352000	0.315266	
1000	0.302000	0.936898	1000	0.302000	0.302000	0.315233	
1000	0.315000	0.936898	1000	0.315000	0.315000	0.315232	
1000	0.342000	0.936898	1000	0.342000	0.342000	0.315300	
1000	0.307000	0.936898	1000	0.307000	0.307000	0.315279	
1000	0.362000	0.936898	1000	0.362000	0.362000	0.315396	
1000	0.331000	0.936898	1000	0.331000	0.331000	0.315435	
1000	0.354000	0.936898	1000	0.354000	0.354000	0.315532	
1000	0.356000	0.936898	1000	0.356000	0.356000	0.315633	
1000	0.326000	0.936898	1000	0.326000	0.326000	0.315658	
1000	0.398000	0.936898	1000	0.398000	0.398000	0.315863	
1000	0.346000	0.936898	1000	0.346000	0.346000	0.315937	
1000	0.361000	0.936898	1000	0.361000	0.361000	0.316049	
1000	0.327000	0.936898	1000	0.327000	0.327000	0.316076	
1000	0.344000	0.936898	1000	0.344000	0.344000	0.316144	
1000	0.349000	0.936898	1000	0.349000	0.349000	0.316225	
1000	0.341000	0.936898	1000	0.341000	0.341000	0.316285	
1000	0.338000	0.936898	1000	0.338000	0.338000	0.316338	
1000	0.334000	0.936898	1000	0.334000	0.334000	0.316381	
1000	0.323000	0.936898	1000	0.323000	0.323000	0.316397	
1000	0.363000	0.936898	1000	0.363000	0.363000	0.316510	
1000	0.326000	0.936898	1000	0.326000	0.326000	0.316533	
1000	0.318000	0.936898	1000	0.318000	0.318000	0.316537	
1000	0.328000	0.936898	1000	0.328000	0.328000	0.316564	
1000	0.362000	0.936898	1000	0.362000	0.362000	0.316673	
1000	0.315000	0.936898	1000	0.315000	0.315000	0.316669	
1000	0.369000	0.936898	1000	0.369000	0.369000	0.316794	
1000	0.338000	0.936898	1000	0.338000	0.338000	0.316844	
1000	0.312000	0.936898	1000	0.312000	0.312000	0.316833	
1000	0.318000	0.936898	1000	0.318000	0.318000	0.316836	
1000	0.358000	0.936898	1000	0.358000	0.358000	0.316933	
1000	0.337000	0.936898	1000	0.337000	0.337000	0.316980	
1000	0.343000	0.936898	1000	0.343000	0.343000	0.317042	
1000	0.381000	0.936898	1000	0.381000	0.381000	0.317192	
1000	0.340000	0.936898	1000	0.340000	0.340000	0.317245	
1000	0.341000	0.936898	1000	0.341000	0.341000	0.317301	
1000	0.353000	0.936898	1000	0.353000	0.353000	0.317384	
1000	0.320000	0.936898	1000	0.320000	0.320000	0.317390	
1000	0.332000	0.936898	1000	0.332000	0.332000	0.317424	
1000	0.345000	0.936898	1000	0.345000	0.345000	0.317488	
1000	0.355000	0.936898	1000	0.355000	0.355000	0.317574	
1000	0.329000	0.936898	1000	0.329000	0.329000	0.317601	
1000	0.322000	0.936898	1000	0.322000	0.322000	0.317611	
1000	0.349000	0.936898	1000	0.349000	0.349000	0.317683	
1000	0.325000	0.936898	1000	0.325000	0.325000	0.317700	
1000	0.333000	0.936898	1000	0.333000	0.333000	0.317734	
1000	0.322000	0.936898	1000	0.322000	0.322000	0.317744	
1000	0.340000	0.936898	1000	0.340000	0.340000	0.317795	
1000	0.309000	0.936898	1000	0.309000	0.309000	0.317775	
1000	0.347000	0.936898	1000	0.347000	0.347000	0.317841	
1000	0.346000	0.936898	1000	0.346000	0.346000	0.317904	
1000	0.300000	0.936898	1000	0.300000	0.300000	0.317864	
1000	0.315000	0.936898	1000	0.315000	0.315000	0.317858	
1000	0.328000	0.936898	1000	0.328000	0.328000	0.317880	
1000	0.335000	0.936898	1000	0.335000	0.335000	0.317919	
1000	0.300000	0.936898	1000	0.300000	0.300000	0.317879	
1000	0.327000	0.936898	1000	0.327000	0.327000	0.317899	
1000	0.329000	0.936898	1000	0.329000	0.329000	0.317924	
1000	0.334000	0.936898	1000	0.334000	0.334000	0.317959	
1000	0.361000	0.936898	1000	0.361000	0.361000	0.318055	
1000	0.318000	0.936898	1000	0.318000	0.318000	0.318054	
1000	0.330000	0.936898	1000	0.330000	0.330000	0.318081	
1000	0.331000	0.936898	1000	0.331000	0.331000	0.318109	
1000	0.310000	0.936898	1000	0.310000	0.310000	0.318091	
1000	0.304000	0.936898	1000	0.304000	0.304000	0.318061	
1000	0.351000	0.936898	1000	0.351000	0.351000	0.318132	
1000	0.325000	0.936898	1000	0.325000	0.325000	0.318147	
1000	0.364000	0.936898	1000	0.364000	0.364000	0.318247	
1000	0.330000	0.936898	1000	0.330000	0.330000	0.318273	
1000	0.323000	0.936898	1000	0.323000	0.323000	0.318283	
1000	0.347000	0.936898	1000	0.347000	0.347000	0.318345	
1000	0.370000	0.936898	1000	0.370000	0.370000	0.318456	
1000	0.352000	0.936898	1000	0.352000	0.352000	0.318528	
1000	0.333000	0.936898	1000	0.333000	0.333000	0.318559	
1000	0.350000	0.936898	1000	0.350000	0.350000	0.318627	
1000	0.350000	0.936898	1000	0.350000	0.350000	0.318694	
1000	0.362000	0.936898	1000	0.362000	0.362000	0.318786	
1000	0.341000	0.936898	1000	0.341000	0.341000	0.318833	
1000	0.364000	0.936898	1000	0.364000	0.364000	0.318929	
1000	0.353000	0.936898	1000	0.353000	0.353000	0.319001	
1000	0.341000	0.936898	1000	0.341000	0.341000	0.319048	
1000	0.336000	0.936898	1000	0.336000	0.336000	0.319084	
1000	0.351000	0.936898	1000	0.351000	0.351000	0.319151	
1000	0.358000	0.936898	1000	0.358000	0.358000	0.319233	
1000	0.336000	0.936898	1000	0.336000	0.336000	0.319268	
1000	0.325000	0.936898	1000	0.325000	0.325000	0.319280	
1000	0.339000	0.936898	1000	0.339000	0.339000	0.319321	
1000	0.345000	0.936898	1000	0.345000	0.345000	0.319374	
1000	0.354000	0.936898	1000	0.354000	0.354000	0.319446	
1000	0.333000	0.936898	1000	0.333000	0.333000	0.319474	
1000	0.317000	0.936898	1000	0.317000	0.317000	0.319469	
1000	0.353000	0.936898	1000	0.353000	0.353000	0.319539	
1000	0.351000	0.936898	1000	0.351000	0.351000	0.319603	
1000	0.335000	0.936898	1000	0.335000	0.335000	0.319635	
1000	0.338000	0.936898	1000	0.338000	0.338000	0.319673	
1000	0.336000	0.936898	1000	0.336000	0.336000	0.319706	
1000	0.356000	0.936898	1000	0.356000	0.356000	0.319781	
1000	0.360000	0.936898	1000	0.360000	0.360000	0.319863	
1000	0.362000	0.936898	1000	0.362000	0.362000	0.319948	
1000	0.323000	0.936898	1000	0.323000	0.323000	0.319955	
1000	0.331000	0.936898	1000	0.331000	0.331000	0.319977	
1000	0.343000	0.936898	1000	0.343000	0.343000	0.320024	
1000	0.327000	0.936898	1000	0.327000	0.327000	0.320038	
1000	0.338000	0.936898	1000	0.338000	0.338000	0.320074	
1000	0.343000	0.936898	1000	0.343000	0.343000	0.320120	
1000	0.333000	0.936898	1000	0.333000	0.333000	0.320146	
1000	0.347000	0.936898	1000	0.347000	0.347000	0.320200	
1000	0.321000	0.936898	1000	0.321000	0.321000	0.320201	
1000	0.341000	0.936898	1000	0.341000	0.341000	0.320243	
1000	0.332000	0.936898	1000	0.332000	0.332000	0.320266	
1000	0.338000	0.936898	1000	0.338000	0.338000	0.320302	
1000	0.347000	0.936898	1000	0.347000	0.347000	0.320355	
1000	0.319000	0.936898	1000	0.319000	0.319000	0.320352	
1000	0.340000	0.936898	1000	0.340000	0.340000	0.320391	
1000	0.345000	0.936898	1000	0.345000	0.345000	0.320439	
1000	0.326000	0.936898	1000	0.326000	0.326000	0.320450	
1000	0.362000	0.936898	1000	0.362000	0.362000	0.320532	
1000	0.345000	0.936898	1000	0.345000	0.345000	0.320580	
1000	0.366000	0.936898	1000	0.366000	0.366000	0.320669	
1000	0.334000	0.936898	1000	0.334000	0.334000	0.320695	
1000	0.344000	0.936898	1000	0.344000	0.344000	0.320740	
1000	0.341000	0.936898	1000	0.341000	0.341000	0.320780	
1000	0.344000	0.936898	1000	0.344000	0.344000	0.320825	
1000	0.350000	0.936898	1000	0.350000	0.350000	0.320881	
1000	0.353000	0.936898	1000	0.353000	0.353000	0.320943	
1000	0.341000	0.936898	1000	0.341000	0.341000	0.320982	
1000	0.342000	0.936898	1000	0.342000	0.342000	0.321023	
1000	0.337000	0.936898	1000	0.337000	0.337000	0.321053	
1000	0.352000	0.936898	1000	0.352000	0.352000	0.321113	
1000	0.335000	0.936898	1000	0.335000	0.335000	0.321139	
1000	0.305000	0.936898	1000	0.305000	0.305000	0.321108	
1000	0.316000	0.936898	1000	0.316000	0.316000	0.321099	
1000	0.311000	0.936898	1000	0.311000	0.311000	0.321079	
1000	0.315000	0.936898	1000	0.315000	0.315000	0.321068	
1000	0.377000	0.936898	1000	0.377000	0.377000	0.321174	
1000	0.325000	0.936898	1000	0.325000	0.325000	0.321181	
1000	0.325000	0.936898	1000	0.325000	0.325000	0.321188	
1000	0.360000	0.936898	1000	0.360000	0.360000	0.321262	
1000	0.330000	0.936898	1000	0.330000	0.330000	0.321278	
1000	0.348000	0.936898	1000	0.348000	0.348000	0.321328	
1000	0.341000	0.936898	1000	0.341000	0.341000	0.321365	
1000	0.319000	0.936898	1000	0.319000	0.319000	0.321361	
1000	0.308000	0.936898	1000	0.308000	0.308000	0.321336	
1000	0.330000	0.936898	1000	0.330000	0.330000	0.321352	
1000	0.300000	0.936898	1000	0.300000	0.300000	0.321312	
1000	0.318000	0.936898	1000	0.318000	0.318000	0.321306	
1000	0.352000	0.936898	1000	0.352000	0.352000	0.321363	
1000	0.320000	0.936898	1000	0.320000	0.320000	0.321361	
1000	0.360000	0.936898	1000	0.360000	0.360000	0.321432	
1000	0.305000	0.936898	1000	0.305000	0.305000	0.321402	
1000	0.337000	0.936898	1000	0.337000	0.337000	0.321430	
1000	0.362000	0.936898	1000	0.362000	0.362000	0.321505	
1000	0.347000	0.936898	1000	0.347000	0.347000	0.321552	
1000	0.325000	0.936898	1000	0.325000	0.325000	0.321558	
1000	0.307000	0.936898	1000	0.307000	0.307000	0.321531	
1000	0.322000	0.936898	1000	0.322000	0.322000	0.321532	
1000	0.370000	0.936898	1000	0.370000	0.370000	0.321621	
1000	0.339000	0.936898	1000	0.339000	0.339000	0.321652	
1000	0.333000	0.936898	1000	0.333000	0.333000	0.321673	
1000	0.321000	0.936898	1000	0.321000	0.321000	0.321672	
1000	0.348000	0.936898	1000	0.348000	0.348000	0.321719	
1000	0.338000	0.936898	1000	0.338000	0.338000	0.321749	
1000	0.335000	0.936898	1000	0.335000	0.335000	0.321772	
1000	0.350000	0.936898	1000	0.350000	0.350000	0.321823	
1000	0.324000	0.936898	1000	0.324000	0.324000	0.321827	
1000	0.358000	0.936898	1000	0.358000	0.358000	0.321892	
1000	0.340000	0.936898	1000	0.340000	0.340000	0.321924	
1000	0.343000	0.936898	1000	0.343000	0.343000	0.321962	
1000	0.339000	0.936898	1000	0.339000	0.339000	0.321992	
1000	0.335000	0.936898	1000	0.335000	0.335000	0.322015	
1000	0.337000	0.936898	1000	0.337000	0.337000	0.322042	
1000	0.348000	0.936898	1000	0.348000	0.348000	0.322088	
1000	0.340000	0.936898	1000	0.340000	0.340000	0.322120	
1000	0.355000	0.936898	1000	0.355000	0.355000	0.322178	
1000	0.355000	0.936898	1000	0.355000	0.355000	0.322236	
1000	0.312000	0.936898	1000	0.312000	0.312000	0.322218	
1000	0.363000	0.936898	1000	0.363000	0.363000	0.322289	
1000	0.341000	0.936898	1000	0.341000	0.341000	0.322322	
1000	0.360000	0.936898	1000	0.360000	0.360000	0.322388	
1000	0.331000	0.936898	1000	0.331000	0.331000	0.322403	
1000	0.306000	0.936898	1000	0.306000	0.306000	0.322375	
1000	0.321000	0.936898	1000	0.321000	0.321000	0.322372	
1000	0.340000	0.936898	1000	0.340000	0.340000	0.322403	
1000	0.349000	0.936898	1000	0.349000	0.349000	0.322449	
1000	0.370000	0.936898	1000	0.370000	0.370000	0.322532	
1000	0.357000	0.936898	1000	0.357000	0.357000	0.322591	
1000	0.333000	0.936898	1000	0.333000	0.333000	0.322609	
1000	0.337000	0.936898	1000	0.337000	0.337000	0.322634	
1000	0.339000	0.936898	1000	0.339000	0.339000	0.322662	
1000	0.348000	0.936898	1000	0.348000	0.348000	0.322706	
1000	0.317000	0.936898	1000	0.317000	0.317000	0.322696	
1000	0.353000	0.936898	1000	0.353000	0.353000	0.322748	
1000	0.343000	0.936898	1000	0.343000	0.343000	0.322782	
1000	0.348000	0.936898	1000	0.348000	0.348000	0.322825	
1000	0.310000	0.936898	1000	0.310000	0.310000	0.322804	
1000	0.319000	0.936898	1000	0.319000	0.319000	0.322797	
1000	0.317000	0.936898	1000	0.317000	0.317000	0.322787	
1000	0.346000	0.936898	1000	0.346000	0.346000	0.322827	
1000	0.367000	0.936898	1000	0.367000	0.367000	0.322901	
1000	0.327000	0.936898	1000	0.327000	0.327000	0.322908	
1000	0.330000	0.936898	1000	0.330000	0.330000	0.322920	
1000	0.350000	0.936898	1000	0.350000	0.350000	0.322966	
1000	0.284000	0.936898	1000	0.284000	0.284000	0.322900	
1000	0.340000	0.936898	1000	0.340000	0.340000	0.322929	
1000	0.318000	0.936898	1000	0.318000	0.318000	0.322921	
1000	0.314000	0.936898	1000	0.314000	0.314000	0.322906	
1000	0.332000	0.936898	1000	0.332000	0.332000	0.322921	
1000	0.345000	0.936898	1000	0.345000	0.345000	0.322958	
1000	0.330000	0.936898	1000	0.330000	0.330000	0.322970	
1000	0.296000	0.936898	1000	0.296000	0.296000	0.322925	
1000	0.329000	0.936898	1000	0.329000	0.329000	0.322935	
1000	0.345000	0.936898	1000	0.345000	0.345000	0.322971	
1000	0.385000	0.936898	1000	0.385000	0.385000	0.323074	
1000	0.283000	0.936898	1000	0.283000	0.283000	0.323008	
1000	0.336000	0.936898	1000	0.336000	0.336000	0.323029	
1000	0.349000	0.936898	1000	0.349000	0.349000	0.323072	
1000	0.363000	0.936898	1000	0.363000	0.363000	0.323137	
1000	0.355000	0.936898	1000	0.355000	0.355000	0.323190	
1000	0.349000	0.936898	1000	0.349000	0.349000	0.323232	
1000	0.353000	0.936898	1000	0.353000	0.353000	0.323281	
1000	0.358000	0.936898	1000	0.358000	0.358000	0.323337	
1000	0.333000	0.936898	1000	0.333000	0.333000	0.323353	
1000	0.327000	0.936898	1000	0.327000	0.327000	0.323359	
1000	0.364000	0.936898	1000	0.364000	0.364000	0.323425	
1000	0.357000	0.936898	1000	0.357000	0.357000	0.323479	
1000	0.342000	0.936898	1000	0.342000	0.342000	0.323509	
1000	0.325000	0.936898	1000	0.325000	0.325000	0.323512	
1000	0.327000	0.936898	1000	0.327000	0.327000	0.323517	
1000	0.356000	0.936898	1000	0.356000	0.356000	0.323570	
1000	0.348000	0.936898	1000	0.348000	0.348000	0.323609	
1000	0.341000	0.936898	1000	0.341000	0.341000	0.323637	
1000	0.325000	0.936898	1000	0.325000	0.325000	0.323639	
1000	0.370000	0.936898	1000	0.370000	0.370000	0.323713	
1000	0.324000	0.936898	1000	0.324000	0.324000	0.323714	
1000	0.327000	0.936898	1000	0.327000	0.327000	0.323719	
1000	0.346000	0.936898	1000	0.346000	0.346000	0.323754	
1000	0.355000	0.936898	1000	0.355000	0.355000	0.323804	
1000	0.312000	0.936898	1000	0.312000	0.312000	0.323785	
1000	0.322000	0.936898	1000	0.322000	0.322000	0.323782	
1000	0.340000	0.936898	1000	0.340000	0.340000	0.323808	
1000	0.341000	0.936898	1000	0.341000	0.341000	0.323835	
1000	0.320000	0.936898	1000	0.320000	0.320000	0.323829	
1000	0.335000	0.936898	1000	0.335000	0.335000	0.323847	
1000	0.339000	0.936898	1000	0.339000	0.339000	0.323871	
1000	0.332000	0.936898	1000	0.332000	0.332000	0.323883	
1000	0.340000	0.936898	1000	0.340000	0.340000	0.323909	
1000	0.290000	0.936898	1000	0.290000	0.290000	0.323856	
1000	0.332000	0.936898	1000	0.332000	0.332000	0.323868	
1000	0.334000	0.936898	1000	0.334000	0.334000	0.323884	
1000	0.361000	0.936898	1000	0.361000	0.361000	0.323942	
1000	0.365000	0.936898	1000	0.365000	0.365000	0.324006	
1000	0.343000	0.936898	1000	0.343000	0.343000	0.324035	
1000	0.314000	0.936898	1000	0.314000	0.314000	0.324020	
1000	0.304000	0.936898	1000	0.304000	0.304000	0.323989	
1000	0.365000	0.936898	1000	0.365000	0.365000	0.324052	
1000	0.340000	0.936898	1000	0.340000	0.340000	0.324077	
1000	0.359000	0.936898	1000	0.359000	0.359000	0.324130	
1000	0.341000	0.936898	1000	0.341000	0.341000	0.324156	
1000	0.325000	0.936898	1000	0.325000	0.325000	0.324158	
1000	0.331000	0.936898	1000	0.331000	0.331000	0.324168	
1000	0.334000	0.936898	1000	0.334000	0.334000	0.324183	
1000	0.329000	0.936898	1000	0.329000	0.329000	0.324191	
1000	0.330000	0.936898	1000	0.330000	0.330000	0.324200	
1000	0.338000	0.936898	1000	0.338000	0.338000	0.324221	
1000	0.334000	0.936898	1000	0.334000	0.334000	0.324235	
1000	0.343000	0.936898	1000	0.343000	0.343000	0.324264	
1000	0.345000	0.936898	1000	0.345000	0.345000	0.324295	
1000	0.342000	0.936898	1000	0.342000	0.342000	0.324322	
1000	0.303000	0.936898	1000	0.303000	0.303000	0.324290	
1000	0.350000	0.936898	1000	0.350000	0.350000	0.324329	
1000	0.314000	0.936898	1000	0.314000	0.314000	0.324313	
1000	0.294000	0.936898	1000	0.294000	0.294000	0.324268	
1000	0.353000	0.936898	1000	0.353000	0.353000	0.324311	
1000	0.306000	0.936898	1000	0.306000	0.306000	0.324283	
1000	0.362000	0.936898	1000	0.362000	0.362000	0.324340	
1000	0.359000	0.936898	1000	0.359000	0.359000	0.324392	
1000	0.316000	0.936898	1000	0.316000	0.316000	0.324379	
1000	0.310000	0.936898	1000	0.310000	0.310000	0.324358	
1000	0.284000	0.936898	1000	0.284000	0.284000	0.324298	
1000	0.334000	0.936898	1000	0.334000	0.334000	0.324312	
1000	0.372000	0.936898	1000	0.372000	0.372000	0.324383	
1000	0.352000	0.936898	1000	0.352000	0.352000	0.324424	
1000	0.343000	0.936898	1000	0.343000	0.343000	0.324451	
1000	0.335000	0.936898	1000	0.335000	0.335000	0.324467	
1000	0.328000	0.936898	1000	0.328000	0.328000	0.324472	
1000	0.335000	0.936898	1000	0.335000	0.335000	0.324488	
1000	0.333000	0.936898	1000	0.333000	0.333000	0.324500	
1000	0.359000	0.936898	1000	0.359000	0.359000	0.324551	
1000	0.313000	0.936898	1000	0.313000	0.313000	0.324534	
1000	0.329000	0.936898	1000	0.329000	0.329000	0.324541	
1000	0.342000	0.936898	1000	0.342000	0.342000	0.324566	
1000	0.336000	0.936898	1000	0.336000	0.336000	0.324583	
1000	0.349000	0.936898	1000	0.349000	0.349000	0.324619	
1000	0.330000	0.936898	1000	0.330000	0.330000	0.324626	
1000	0.324000	0.936898	1000	0.324000	0.324000	0.324625	
1000	0.324000	0.936898	1000	0.324000	0.324000	0.324625	
1000	0.359000	0.936898	1000	0.359000	0.359000	0.324674	
1000	0.345000	0.936898	1000	0.345000	0.345000	0.324704	
1000	0.335000	0.936898	1000	0.335000	0.335000	0.324719	
1000	0.291000	0.936898	1000	0.291000	0.291000	0.324670	
1000	0.347000	0.936898	1000	0.347000	0.347000	0.324702	
1000	0.346000	0.936898	1000	0.346000	0.346000	0.324733	
1000	0.342000	0.936898	1000	0.342000	0.342000	0.324758	
1000	0.327000	0.936898	1000	0.327000	0.327000	0.324761	
1000	0.322000	0.936898	1000	0.322000	0.322000	0.324757	
1000	0.309000	0.936898	1000	0.309000	0.309000	0.324734	
1000	0.341000	0.936898	1000	0.341000	0.341000	0.324758	
1000	0.332000	0.936898	1000	0.332000	0.332000	0.324768	
1000	0.342000	0.936898	1000	0.342000	0.342000	0.324793	
1000	0.305000	0.936898	1000	0.305000	0.305000	0.324764	
1000	0.327000	0.936898	1000	0.327000	0.327000	0.324768	
1000	0.313000	0.936898	1000	0.313000	0.313000	0.324751	
1000	0.339000	0.936898	1000	0.339000	0.339000	0.324771	
1000	0.335000	0.936898	1000	0.335000	0.335000	0.324786	
1000	0.304000	0.936898	1000	0.304000	0.304000	0.324756	
1000	0.356000	0.936898	1000	0.356000	0.356000	0.324800	
1000	0.344000	0.936898	1000	0.344000	0.344000	0.324827	
1000	0.326000	0.936898	1000	0.326000	0.326000	0.324829	
1000	0.368000	0.936898	1000	0.368000	0.368000	0.324890	
1000	0.329000	0.936898	1000	0.329000	0.329000	0.324896	
1000	0.333000	0.936898	1000	0.333000	0.333000	0.324907	
1000	0.299000	0.936898	1000	0.299000	0.299000	0.324871	
1000	0.335000	0.936898	1000	0.335000	0.335000	0.324885	
1000	0.349000	0.936898	1000	0.349000	0.349000	0.324919	
1000	0.331000	0.936898	1000	0.331000	0.331000	0.324927	
1000	0.342000	0.936898	1000	0.342000	0.342000	0.324951	
1000	0.357000	0.936898	1000	0.357000	0.357000	0.324995	
1000	0.310000	0.936898	1000	0.310000	0.310000	0.324975	
1000	0.332000	0.936898	1000	0.332000	0.332000	0.324984	
1000	0.334000	0.936898	1000	0.334000	0.334000	0.324997	
1000	0.372000	0.936898	1000	0.372000	0.372000	0.325062	
1000	0.316000	0.936898	1000	0.316000	0.316000	0.325049	
1000	0.311000	0.936898	1000	0.311000	0.311000	0.325030	
1000	0.320000	0.936898	1000	0.320000	0.320000	0.325023	
1000	0.310000	0.936898	1000	0.310000	0.310000	0.325002	
1000	0.337000	0.936898	1000	0.337000	0.337000	0.325019	
1000	0.318000	0.936898	1000	0.318000	0.318000	0.325009	
1000	0.338000	0.936898	1000	0.338000	0.338000	0.325027	
1000	0.329000	0.936898	1000	0.329000	0.329000	0.325032	
1000	0.345000	0.936898	1000	0.345000	0.345000	0.325060	
1000	0.314000	0.936898	1000	0.314000	0.314000	0.325045	
1000	0.369000	0.936898	1000	0.369000	0.369000	0.325104	
1000	0.332000	0.936898	1000	0.332000	0.332000	0.325114	
1000	0.330000	0.936898	1000	0.330000	0.330000	0.325120	
1000	0.326000	0.936898	1000	0.326000	0.326000	0.325122	
1000	0.331000	0.936898	1000	0.331000	0.331000	0.325130	
1000	0.298000	0.936898	1000	0.298000	0.298000	0.325093	
1000	0.332000	0.936898	1000	0.332000	0.332000	0.325102	
1000	0.348000	0.936898	1000	0.348000	0.348000	0.325133	
1000	0.326000	0.936898	1000	0.326000	0.326000	0.325134	
1000	0.342000	0.936898	1000	0.342000	0.342000	0.325157	
1000	0.295000	0.936898	1000	0.295000	0.295000	0.325116	
1000	0.342000	0.936898	1000	0.342000	0.342000	0.325139	
1000	0.341000	0.936898	1000	0.341000	0.341000	0.325160	
1000	0.326000	0.936898	1000	0.326000	0.326000	0.325162	
1000	0.344000	0.936898	1000	0.344000	0.344000	0.325187	
1000	0.340000	0.936898	1000	0.340000	0.340000	0.325207	
1000	0.317000	0.936898	1000	0.317000	0.317000	0.325196	
1000	0.314000	0.936898	1000	0.314000	0.314000	0.325181	
1000	0.345000	0.936898	1000	0.345000	0.345000	0.325207	
1000	0.354000	0.936898	1000	0.354000	0.354000	0.325245	
1000	0.368000	0.936898	1000	0.368000	0.368000	0.325302	
1000	0.329000	0.936898	1000	0.329000	0.329000	0.325307	
1000	0.328000	0.936898	1000	0.328000	0.328000	0.325310	
1000	0.327000	0.936898	1000	0.327000	0.327000	0.325313	
1000	0.374000	0.936898	1000	0.374000	0.374000	0.325377	
1000	0.337000	0.936898	1000	0.337000	0.337000	0.325392	
1000	0.327000	0.936898	1000	0.327000	0.327000	0.325394	
1000	0.327000	0.936898	1000	0.327000	0.327000	0.325396	
1000	0.346000	0.936898	1000	0.346000	0.346000	0.325423	
1000	0.353000	0.936898	1000	0.353000	0.353000	0.325460	
1000	0.321000	0.936898	1000	0.321000	0.321000	0.325454	
1000	0.336000	0.936898	1000	0.336000	0.336000	0.325468	
1000	0.381000	0.936898	1000	0.381000	0.381000	0.325540	
1000	0.332000	0.936898	1000	0.332000	0.332000	0.325548	
1000	0.308000	0.936898	1000	0.308000	0.308000	0.325526	
1000	0.323000	0.936898	1000	0.323000	0.323000	0.325522	
1000	0.329000	0.936898	1000	0.329000	0.329000	0.325527	
1000	0.334000	0.936898	1000	0.334000	0.334000	0.325538	
1000	0.318000	0.936898	1000	0.318000	0.318000	0.325528	
1000	0.329000	0.936898	1000	0.329000	0.329000	0.325533	
1000	0.346000	0.936898	1000	0.346000	0.346000	0.325559	
1000	0.353000	0.936898	1000	0.353000	0.353000	0.325594	
1000	0.332000	0.936898	1000	0.332000	0.332000	0.325603	
1000	0.351000	0.936898	1000	0.351000	0.351000	0.325635	
1000	0.347000	0.936898	1000	0.347000	0.347000	0.325663	
1000	0.348000	0.936898	1000	0.348000	0.348000	0.325691	
1000	0.330000	0.936898	1000	0.330000	0.330000	0.325697	
1000	0.363000	0.936898	1000	0.363000	0.363000	0.325745	
1000	0.383000	0.936898	1000	0.383000	0.383000	0.325818	
1000	0.357000	0.936898	1000	0.357000	0.357000	0.325858	
1000	0.341000	0.936898	1000	0.341000	0.341000	0.325877	
1000	0.348000	0.936898	1000	0.348000	0.348000	0.325905	
1000	0.397000	0.936898	1000	0.397000	0.397000	0.325996	
1000	0.356000	0.936898	1000	0.356000	0.356000	0.326034	
1000	0.345000	0.936898	1000	0.345000	0.345000	0.326058	
1000	0.367000	0.936898	1000	0.367000	0.367000	0.326110	
1000	0.331000	0.936898	1000	0.331000	0.331000	0.326116	
1000	0.319000	0.936898	1000	0.319000	0.319000	0.326107	
1000	0.344000	0.936898	1000	0.344000	0.344000	0.326130	
1000	0.316000	0.936898	1000	0.316000	0.316000	0.326117	
1000	0.312000	0.936898	1000	0.312000	0.312000	0.326099	
1000	0.370000	0.936898	1000	0.370000	0.370000	0.326154	
1000	0.337000	0.936898	1000	0.337000	0.337000	0.326168	
1000	0.345000	0.936898	1000	0.345000	0.345000	0.326192	
1000	0.360000	0.936898	1000	0.360000	0.360000	0.326234	
1000	0.309000	0.936898	1000	0.309000	0.309000	0.326212	
1000	0.359000	0.936898	1000	0.359000	0.359000	0.326253	
1000	0.343000	0.936898	1000	0.343000	0.343000	0.326274	
1000	0.339000	0.936898	1000	0.339000	0.339000	0.326290	
1000	0.325000	0.936898	1000	0.325000	0.325000	0.326289	
1000	0.311000	0.936898	1000	0.311000	0.311000	0.326269	
1000	0.370000	0.936898	1000	0.370000	0.370000	0.326324	
1000	0.343000	0.936898	1000	0.343000	0.343000	0.326345	
1000	0.318000	0.936898	1000	0.318000	0.318000	0.326334	
1000	0.334000	0.936898	1000	0.334000	0.334000	0.326344	
1000	0.320000	0.936898	1000	0.320000	0.320000	0.326336	
1000	0.315000	0.936898	1000	0.315000	0.315000	0.326322	
1000	0.358000	0.936898	1000	0.358000	0.358000	0.326361	
1000	0.329000	0.936898	1000	0.329000	0.329000	0.326364	
1000	0.325000	0.936898	1000	0.325000	0.325000	0.326362	
1000	0.341000	0.936898	1000	0.341000	0.341000	0.326380	
1000	0.336000	0.936898	1000	0.336000	0.336000	0.326392	
1000	0.329000	0.936898	1000	0.329000	0.329000	0.326395	
1000	0.316000	0.936898	1000	0.316000	0.316000	0.326383	
1000	0.388000	0.936898	1000	0.388000	0.388000	0.326458	
1000	0.313000	0.936898	1000	0.313000	0.313000	0.326442	
1000	0.356000	0.936898	1000	0.356000	0.356000	0.326478	
1000	0.339000	0.936898	1000	0.339000	0.339000	0.326493	
1000	0.342000	0.936898	1000	0.342000	0.342000	0.326512	
1000	0.355000	0.936898	1000	0.355000	0.355000	0.326546	
1000	0.359000	0.936898	1000	0.359000	0.359000	0.326586	
1000	0.342000	0.936898	1000	0.342000	0.342000	0.326604	
1000	0.324000	0.936898	1000	0.324000	0.324000	0.326601	
1000	0.324000	0.936898	1000	0.324000	0.324000	0.326598	
1000	0.330000	0.936898	1000	0.330000	0.330000	0.326602	
1000	0.364000	0.936898	1000	0.364000	0.364000	0.326647	
1000	0.307000	0.936898	1000	0.307000	0.307000	0.326624	
1000	0.318000	0.936898	1000	0.318000	0.318000	0.326613	
1000	0.328000	0.936898	1000	0.328000	0.328000	0.326615	
1000	0.291000	0.936898	1000	0.291000	0.291000	0.326572	
1000	0.325000	0.936898	1000	0.325000	0.325000	0.326570	
1000	0.336000	0.936898	1000	0.336000	0.336000	0.326582	
1000	0.315000	0.936898	1000	0.315000	0.315000	0.326568	
1000	0.343000	0.936898	1000	0.343000	0.343000	0.326587	
1000	0.322000	0.936898	1000	0.322000	0.322000	0.326582	
1000	0.330000	0.936898	1000	0.330000	0.330000	0.326586	
1000	0.337000	0.936898	1000	0.337000	0.337000	0.326598	
1000	0.357000	0.936898	1000	0.357000	0.357000	0.326635	
1000	0.337000	0.936898	1000	0.337000	0.337000	0.326647	
1000	0.325000	0.936898	1000	0.325000	0.325000	0.326645	
1000	0.337000	0.936898	1000	0.337000	0.337000	0.326657	
1000	0.327000	0.936898	1000	0.327000	0.327000	0.326658	
1000	0.323000	0.936898	1000	0.323000	0.323000	0.326653	
1000	0.337000	0.936898	1000	0.337000	0.337000	0.326665	
1000	0.365000	0.936898	1000	0.365000	0.365000	0.326711	
1000	0.315000	0.936898	1000	0.315000	0.315000	0.326697	
1000	0.311000	0.936898	1000	0.311000	0.311000	0.326678	
1000	0.330000	0.936898	1000	0.330000	0.330000	0.326682	
1000	0.358000	0.936898	1000	0.358000	0.358000	0.326719	
1000	0.304000	0.936898	1000	0.304000	0.304000	0.326692	
1000	0.365000	0.936898	1000	0.365000	0.365000	0.326737	
1000	0.331000	0.936898	1000	0.331000	0.331000	0.326742	
1000	0.347000	0.936898	1000	0.347000	0.347000	0.326766	
1000	0.309000	0.936898	1000	0.309000	0.309000	0.326745	
1000	0.349000	0.936898	1000	0.349000	0.349000	0.326771	
1000	0.369000	0.936898	1000	0.369000	0.369000	0.326820	
1000	0.359000	0.936898	1000	0.359000	0.359000	0.326858	
1000	0.329000	0.936898	1000	0.329000	0.329000	0.326860	
1000	0.343000	0.936898	1000	0.343000	0.343000	0.326879	
1000	0.344000	0.936898	1000	0.344000	0.344000	0.326899	
1000	0.315000	0.936898	1000	0.315000	0.315000	0.326885	
1000	0.355000	0.936898	1000	0.355000	0.355000	0.326918	
1000	0.347000	0.936898	1000	0.347000	0.347000	0.326941	
1000	0.327000	0.936898	1000	0.327000	0.327000	0.326941	
1000	0.361000	0.936898	1000	0.361000	0.361000	0.326980	
1000	0.336000	0.936898	1000	0.336000	0.336000	0.326990	
1000	0.354000	0.936898	1000	0.354000	0.354000	0.327021	
1000	0.363000	0.936898	1000	0.363000	0.363000	0.327063	
1000	0.345000	0.936898	1000	0.345000	0.345000	0.327083	
1000	0.348000	0.936898	1000	0.348000	0.348000	0.327107	
1000	0.312000	0.936898	1000	0.312000	0.312000	0.327090	
1000	0.348000	0.936898	1000	0.348000	0.348000	0.327114	
1000	0.342000	0.936898	1000	0.342000	0.342000	0.327131	
1000	0.336000	0.936898	1000	0.336000	0.336000	0.327141	
1000	0.357000	0.936898	1000	0.357000	0.357000	0.327175	
1000	0.343000	0.936898	1000	0.343000	0.343000	0.327193	
1000	0.370000	0.936898	1000	0.370000	0.370000	0.327242	
1000	0.337000	0.936898	1000	0.337000	0.337000	0.327253	
1000	0.335000	0.936898	1000	0.335000	0.335000	0.327262	
1000	0.329000	0.936898	1000	0.329000	0.329000	0.327264	
1000	0.304000	0.936898	1000	0.304000	0.304000	0.327237	
1000	0.360000	0.936898	1000	0.360000	0.360000	0.327274	
1000	0.344000	0.936898	1000	0.344000	0.344000	0.327293	
1000	0.337000	0.936898	1000	0.337000	0.337000	0.327304	
1000	0.328000	0.936898	1000	0.328000	0.328000	0.327305	
1000	0.334000	0.936898	1000	0.334000	0.334000	0.327312	
1000	0.352000	0.936898	1000	0.352000	0.352000	0.327340	
1000	0.330000	0.936898	1000	0.330000	0.330000	0.327343	
1000	0.340000	0.936898	1000	0.340000	0.340000	0.327357	
1000	0.322000	0.936898	1000	0.322000	0.322000	0.327351	
1000	0.343000	0.936898	1000	0.343000	0.343000	0.327369	
1000	0.346000	0.936898	1000	0.346000	0.346000	0.327390	
1000	0.351000	0.936898	1000	0.351000	0.351000	0.327416	
1000	0.351000	0.936898	1000	0.351000	0.351000	0.327442	
1000	0.340000	0.936898	1000	0.340000	0.340000	0.327456	
1000	0.332000	0.936898	1000	0.332000	0.332000	0.327461	
1000	0.336000	0.936898	1000	0.336000	0.336000	0.327471	
1000	0.340000	0.936898	1000	0.340000	0.340000	0.327485	
1000	0.351000	0.936898	1000	0.351000	0.351000	0.327511	
1000	0.345000	0.936898	1000	0.345000	0.345000	0.327530	
1000	0.314000	0.936898	1000	0.314000	0.314000	0.327515	
1000	0.339000	0.936898	1000	0.339000	0.339000	0.327528	
1000	0.341000	0.936898	1000	0.341000	0.341000	0.327543	
1000	0.346000	0.936898	1000	0.346000	0.346000	0.327563	
1000	0.341000	0.936898	1000	0.341000	0.341000	0.327578	
1000	0.343000	0.936898	1000	0.343000	0.343000	0.327595	
1000	0.329000	0.936898	1000	0.329000	0.329000	0.327596	
1000	0.341000	0.936898	1000	0.341000	0.341000	0.327611	
1000	0.312000	0.936898	1000	0.312000	0.312000	0.327594	
1000	0.321000	0.936898	1000	0.321000	0.321000	0.327587	
1000	0.316000	0.936898	1000	0.316000	0.316000	0.327574	
1000	0.339000	0.936898	1000	0.339000	0.339000	0.327587	
1000	0.351000	0.936898	1000	0.351000	0.351000	0.327612	
1000	0.335000	0.936898	1000	0.335000	0.335000	0.327620	
1000	0.324000	0.936898	1000	0.324000	0.324000	0.327616	
1000	0.323000	0.936898	1000	0.323000	0.323000	0.327611	
1000	0.324000	0.936898	1000	0.324000	0.324000	0.327607	
1000	0.334000	0.936898	1000	0.334000	0.334000	0.327614	
1000	0.345000	0.936898	1000	0.345000	0.345000	0.327633	
1000	0.346000	0.936898	1000	0.346000	0.346000	0.327653	
1000	0.351000	0.936898	1000	0.351000	0.351000	0.327678	
1000	0.316000	0.936898	1000	0.316000	0.316000	0.327666	
1000	0.315000	0.936898	1000	0.315000	0.315000	0.327652	
1000	0.357000	0.936898	1000	0.357000	0.357000	0.327684	
1000	0.329000	0.936898	1000	0.329000	0.329000	0.327685	
1000	0.345000	0.936898	1000	0.345000	0.345000	0.327704	
1000	0.341000	0.936898	1000	0.341000	0.341000	0.327718	
1000	0.329000	0.936898	1000	0.329000	0.329000	0.327719	
1000	0.344000	0.936898	1000	0.344000	0.344000	0.327737	
1000	0.314000	0.936898	1000	0.314000	0.314000	0.327722	
1000	0.339000	0.936898	1000	0.339000	0.339000	0.327734	
1000	0.333000	0.936898	1000	0.333000	0.333000	0.327740	
1000	0.344000	0.936898	1000	0.344000	0.344000	0.327757	
1000	0.318000	0.936898	1000	0.318000	0.318000	0.327747	
1000	0.350000	0.936898	1000	0.350000	0.350000	0.327770	
1000	0.364000	0.936898	1000	0.364000	0.364000	0.327809	
1000	0.340000	0.936898	1000	0.340000	0.340000	0.327822	
1000	0.346000	0.936898	1000	0.346000	0.346000	0.327841	
1000	0.347000	0.936898	1000	0.347000	0.347000	0.327862	
1000	0.361000	0.936898	1000	0.361000	0.361000	0.327897	
1000	0.346000	0.936898	1000	0.346000	0.346000	0.327916	
1000	0.354000	0.936898	1000	0.354000	0.354000	0.327944	
1000	0.360000	0.936898	1000	0.360000	0.360000	0.327977	
1000	0.355000	0.936898	1000	0.355000	0.355000	0.328006	
1000	0.343000	0.936898	1000	0.343000	0.343000	0.328022	
1000	0.325000	0.936898	1000	0.325000	0.325000	0.328019	
1000	0.318000	0.936898	1000	0.318000	0.318000	0.328008	
1000	0.319000	0.936898	1000	0.319000	0.319000	0.327999	
1000	0.320000	0.936898	1000	0.320000	0.320000	0.327990	
1000	0.330000	0.936898	1000	0.330000	0.330000	0.327992	
1000	0.297000	0.936898	1000	0.297000	0.297000	0.327960	
1000	0.362000	0.936898	1000	0.362000	0.362000	0.327995	
1000	0.302000	0.936898	1000	0.302000	0.302000	0.327968	
1000	0.312000	0.936898	1000	0.312000	0.312000	0.327952	
1000	0.333000	0.936898	1000	0.333000	0.333000	0.327957	
1000	0.336000	0.936898	1000	0.336000	0.336000	0.327965	
1000	0.358000	0.936898	1000	0.358000	0.358000	0.327997	
1000	0.331000	0.936898	1000	0.331000	0.331000	0.328000	
1000	0.370000	0.936898	1000	0.370000	0.370000	0.328043	
1000	0.341000	0.936898	1000	0.341000	0.341000	0.328057	
1000	0.309000	0.936898	1000	0.309000	0.309000	0.328037	
1000	0.353000	0.936898	1000	0.353000	0.353000	0.328063	
1000	0.347000	0.936898	1000	0.347000	0.347000	0.328082	
1000	0.318000	0.936898	1000	0.318000	0.318000	0.328072	
1000	0.323000	0.936898	1000	0.323000	0.323000	0.328067	
1000	0.327000	0.936898	1000	0.327000	0.327000	0.328066	
1000	0.359000	0.936898	1000	0.359000	0.359000	0.328098	
1000	0.337000	0.936898	1000	0.337000	0.337000	0.328107	
1000	0.340000	0.936898	1000	0.340000	0.340000	0.328119	
1000	0.347000	0.936898	1000	0.347000	0.347000	0.328138	
1000	0.342000	0.936898	1000	0.342000	0.342000	0.328153	
1000	0.345000	0.936898	1000	0.345000	0.345000	0.328170	
1000	0.360000	0.936898	1000	0.360000	0.360000	0.328203	
1000	0.325000	0.936898	1000	0.325000	0.325000	0.328199	
1000	0.346000	0.936898	1000	0.346000	0.346000	0.328217	
1000	0.331000	0.936898	1000	0.331000	0.331000	0.328220	
1000	0.363000	0.936898	1000	0.363000	0.363000	0.328256	
1000	0.367000	0.936898	1000	0.367000	0.367000	0.328295	
1000	0.294000	0.936898	1000	0.294000	0.294000	0.328260	
1000	0.347000	0.936898	1000	0.347000	0.347000	0.328279	
1000	0.336000	0.936898	1000	0.336000	0.336000	0.328287	
1000	0.328000	0.936898	1000	0.328000	0.328000	0.328287	
1000	0.354000	0.936898	1000	0.354000	0.354000	0.328313	
1000	0.365000	0.936898	1000	0.365000	0.365000	0.328350	
1000	0.344000	0.936898	1000	0.344000	0.344000	0.328366	
1000	0.340000	0.936898	1000	0.340000	0.340000	0.328378	
1000	0.317000	0.936898	1000	0.317000	0.317000	0.328366	
1000	0.336000	0.936898	1000	0.336000	0.336000	0.328374	
1000	0.319000	0.936898	1000	0.319000	0.319000	0.328365	
1000	0.330000	0.936898	1000	0.330000	0.330000	0.328366	
1000	0.333000	0.936898	1000	0.333000	0.333000	0.328371	
1000	0.337000	0.936898	1000	0.337000	0.337000	0.328380	
1000	0.313000	0.936898	1000	0.313000	0.313000	0.328364	
1000	0.368000	0.936898	1000	0.368000	0.368000	0.328404	
1000	0.363000	0.936898	1000	0.363000	0.363000	0.328439	
1000	0.342000	0.936898	1000	0.342000	0.342000	0.328452	
1000	0.366000	0.936898	1000	0.366000	0.366000	0.328490	
1000	0.332000	0.936898	1000	0.332000	0.332000	0.328493	
1000	0.351000	0.936898	1000	0.351000	0.351000	0.328516	
1000	0.312000	0.936898	1000	0.312000	0.312000	0.328499	
1000	0.369000	0.936898	1000	0.369000	0.369000	0.328540	
1000	0.347000	0.936898	1000	0.347000	0.347000	0.328558	
1000	0.331000	0.936898	1000	0.331000	0.331000	0.328560	
1000	0.361000	0.936898	1000	0.361000	0.361000	0.328593	
1000	0.342000	0.936898	1000	0.342000	0.342000	0.328606	
1000	0.353000	0.936898	1000	0.353000	0.353000	0.328630	
1000	0.313000	0.936898	1000	0.313000	0.313000	0.328615	
