Default schedule
Rate	100.00
Rate Tried	% Accepted	Rates - Dev	Rates - Tried	Rates - Accepted	Sample Ave Acceptance	Total Ave Acceptance	
1000	0.283000	0.997719	1000	0.283000	0.283000	0.118080	
1000	0.275000	0.997719	1000	0.275000	0.275000	0.131156	
1000	0.295000	0.997719	1000	0.295000	0.295000	0.143758	
1000	0.321000	0.997719	1000	0.321000	0.321000	0.156417	
1000	0.312000	0.997719	1000	0.312000	0.312000	0.166789	
1000	0.327000	0.997719	1000	0.327000	0.327000	0.176801	
1000	0.276000	0.997719	1000	0.276000	0.276000	0.182636	
1000	0.306000	0.997719	1000	0.306000	0.306000	0.189489	
1000	0.278000	0.997719	1000	0.278000	0.278000	0.194148	
1000	0.269000	0.997719	1000	0.269000	0.269000	0.197890	
1000	0.276000	0.997719	1000	0.276000	0.276000	0.201609	
1000	0.279000	0.997719	1000	0.279000	0.279000	0.205127	
1000	0.291000	0.997719	1000	0.291000	0.291000	0.208860	
1000	0.293000	0.997719	1000	0.293000	0.293000	0.212366	
1000	0.289000	0.997719	1000	0.289000	0.289000	0.215431	
1000	0.289000	0.997719	1000	0.289000	0.289000	0.218261	
1000	0.276000	0.997719	1000	0.276000	0.276000	0.220399	
1000	0.290000	0.997719	1000	0.290000	0.290000	0.222885	
1000	0.297000	0.997719	1000	0.297000	0.297000	0.225441	
1000	0.293000	0.997719	1000	0.293000	0.293000	0.227692	
1000	0.278000	0.997719	1000	0.278000	0.278000	0.229315	
1000	0.287000	0.997719	1000	0.287000	0.287000	0.231118	
1000	0.282000	0.997719	1000	0.282000	0.282000	0.232660	
1000	0.280000	0.997719	1000	0.280000	0.280000	0.234052	
1000	0.297000	0.997719	1000	0.297000	0.297000	0.235850	
1000	0.275000	0.997719	1000	0.275000	0.275000	0.236938	
1000	0.286000	0.997719	1000	0.286000	0.286000	0.238264	
1000	0.280000	0.997719	1000	0.280000	0.280000	0.239362	
1000	0.298000	0.997719	1000	0.298000	0.298000	0.240866	
1000	0.288000	0.997719	1000	0.288000	0.288000	0.242044	
1000	0.287000	0.997719	1000	0.287000	0.287000	0.243140	
1000	0.291000	0.997719	1000	0.291000	0.291000	0.244280	
1000	0.271000	0.997719	1000	0.271000	0.271000	0.244901	
1000	0.291000	0.997719	1000	0.291000	0.291000	0.245949	
1000	0.304000	0.997719	1000	0.304000	0.304000	0.247239	
1000	0.299000	0.997719	1000	0.299000	0.299000	0.248364	
1000	0.273000	0.997719	1000	0.273000	0.273000	0.248888	
1000	0.279000	0.997719	1000	0.279000	0.279000	0.249516	
1000	0.294000	0.997719	1000	0.294000	0.294000	0.250423	
1000	0.292000	0.997719	1000	0.292000	0.292000	0.251255	
1000	0.272000	0.997719	1000	0.272000	0.272000	0.251662	
1000	0.283000	0.997719	1000	0.283000	0.283000	0.252264	
1000	0.281000	0.997719	1000	0.281000	0.281000	0.252807	
1000	0.264000	0.997719	1000	0.264000	0.264000	0.253014	
1000	0.276000	0.997719	1000	0.276000	0.276000	0.253432	
1000	0.274000	0.997719	1000	0.274000	0.274000	0.253799	
1000	0.307000	0.997719	1000	0.307000	0.307000	0.254732	
1000	0.292000	0.997719	1000	0.292000	0.292000	0.255375	
1000	0.285000	0.997719	1000	0.285000	0.285000	0.255877	
1000	0.275000	0.997719	1000	0.275000	0.275000	0.256196	
1000	0.331000	0.997719	1000	0.331000	0.331000	0.257422	
1000	0.266000	0.997719	1000	0.266000	0.266000	0.257560	
1000	0.299000	0.997719	1000	0.299000	0.299000	0.258218	
1000	0.274000	0.997719	1000	0.274000	0.274000	0.258465	
1000	0.308000	0.997719	1000	0.308000	0.308000	0.259227	
1000	0.312000	0.997719	1000	0.312000	0.312000	0.260026	
1000	0.296000	0.997719	1000	0.296000	0.296000	0.260563	
1000	0.288000	0.997719	1000	0.288000	0.288000	0.260967	
1000	0.270000	0.997719	1000	0.270000	0.270000	0.261098	
1000	0.297000	0.997719	1000	0.297000	0.297000	0.261611	
1000	0.295000	0.997719	1000	0.295000	0.295000	0.262081	
1000	0.274000	0.997719	1000	0.274000	0.274000	0.262246	
1000	0.282000	0.997719	1000	0.282000	0.282000	0.262517	
1000	0.257000	0.997719	1000	0.257000	0.257000	0.262442	
1000	0.261000	0.997719	1000	0.261000	0.261000	0.262423	
1000	0.265000	0.997719	1000	0.265000	0.265000	0.262457	
1000	0.281000	0.997719	1000	0.281000	0.281000	0.262698	
1000	0.304000	0.997719	1000	0.304000	0.304000	0.263227	
1000	0.274000	0.997719	1000	0.274000	0.274000	0.263364	
1000	0.287000	0.997719	1000	0.287000	0.287000	0.263659	
1000	0.295000	0.997719	1000	0.295000	0.295000	0.264046	
1000	0.292000	0.997719	1000	0.292000	0.292000	0.264387	
1000	0.297000	0.997719	1000	0.297000	0.297000	0.264780	
1000	0.287000	0.997719	1000	0.287000	0.287000	0.265044	
1000	0.267000	0.997719	1000	0.267000	0.267000	0.265067	
1000	0.276000	0.997719	1000	0.276000	0.276000	0.265195	
1000	0.298000	0.997719	1000	0.298000	0.298000	0.265572	
1000	0.279000	0.997719	1000	0.279000	0.279000	0.265724	
1000	0.310000	0.997719	1000	0.310000	0.310000	0.266222	
1000	0.300000	0.997719	1000	0.300000	0.300000	0.266597	
1000	0.290000	0.997719	1000	0.290000	0.290000	0.266854	
1000	0.279000	0.997719	1000	0.279000	0.279000	0.266986	
1000	0.281000	0.997719	1000	0.281000	0.281000	0.267137	
1000	0.314000	0.997719	1000	0.314000	0.314000	0.267635	
1000	0.257000	0.997719	1000	0.257000	0.257000	0.267523	
1000	0.286000	0.997719	1000	0.286000	0.286000	0.267716	
1000	0.254000	0.997719	1000	0.254000	0.254000	0.267575	
1000	0.294000	0.997719	1000	0.294000	0.294000	0.267844	
1000	0.300000	0.997719	1000	0.300000	0.300000	0.268169	
1000	0.286000	0.997719	1000	0.286000	0.286000	0.268347	
1000	0.266000	0.997719	1000	0.266000	0.266000	0.268324	
1000	0.253000	0.997719	1000	0.253000	0.253000	0.268174	
1000	0.305000	0.997719	1000	0.305000	0.305000	0.268531	
1000	0.322000	0.997719	1000	0.322000	0.322000	0.269045	
1000	0.306000	0.997719	1000	0.306000	0.306000	0.269397	
1000	0.315000	0.997719	1000	0.315000	0.315000	0.269828	
1000	0.272000	0.997719	1000	0.272000	0.272000	0.269848	
1000	0.269000	0.997719	1000	0.269000	0.269000	0.269840	
1000	0.270000	0.997719	1000	0.270000	0.270000	0.269842	
1000	0.308000	0.997719	1000	0.308000	0.308000	0.270188	
1000	0.276000	0.997719	1000	0.276000	0.276000	0.270241	
1000	0.300000	0.997719	1000	0.300000	0.300000	0.270507	
1000	0.252000	0.997719	1000	0.252000	0.252000	0.270343	
1000	0.269000	0.997719	1000	0.269000	0.269000	0.270331	
1000	0.268000	0.997719	1000	0.268000	0.268000	0.270311	
1000	0.296000	0.997719	1000	0.296000	0.296000	0.270532	
1000	0.301000	0.997719	1000	0.301000	0.301000	0.270793	
1000	0.288000	0.997719	1000	0.288000	0.288000	0.270938	
1000	0.289000	0.997719	1000	0.289000	0.289000	0.271090	
1000	0.304000	0.997719	1000	0.304000	0.304000	0.271364	
1000	0.285000	0.997719	1000	0.285000	0.285000	0.271477	
1000	0.283000	0.997719	1000	0.283000	0.283000	0.271572	
1000	0.262000	0.997719	1000	0.262000	0.262000	0.271494	
1000	0.281000	0.997719	1000	0.281000	0.281000	0.271570	
1000	0.284000	0.997719	1000	0.284000	0.284000	0.271670	
1000	0.282000	0.997719	1000	0.282000	0.282000	0.271752	
1000	0.293000	0.997719	1000	0.293000	0.293000	0.271919	
1000	0.288000	0.997719	1000	0.288000	0.288000	0.272045	
1000	0.293000	0.997719	1000	0.293000	0.293000	0.272207	
1000	0.294000	0.997719	1000	0.294000	0.294000	0.272375	
1000	0.286000	0.997719	1000	0.286000	0.286000	0.272479	
1000	0.302000	0.997719	1000	0.302000	0.302000	0.272702	
1000	0.287000	0.997719	1000	0.287000	0.287000	0.272810	
1000	0.313000	0.997719	1000	0.313000	0.313000	0.273110	
1000	0.286000	0.997719	1000	0.286000	0.286000	0.273205	
1000	0.297000	0.997719	1000	0.297000	0.297000	0.273380	
1000	0.295000	0.997719	1000	0.295000	0.295000	0.273538	
1000	0.284000	0.997719	1000	0.284000	0.284000	0.273614	
1000	0.263000	0.997719	1000	0.263000	0.263000	0.273538	
1000	0.293000	0.997719	1000	0.293000	0.293000	0.273677	
1000	0.280000	0.997719	1000	0.280000	0.280000	0.273721	
1000	0.305000	0.997719	1000	0.305000	0.305000	0.273942	
1000	0.280000	0.997719	1000	0.280000	0.280000	0.273984	
1000	0.309000	0.997719	1000	0.309000	0.309000	0.274227	
1000	0.292000	0.997719	1000	0.292000	0.292000	0.274350	
1000	0.257000	0.997719	1000	0.257000	0.257000	0.274231	
1000	0.279000	0.997719	1000	0.279000	0.279000	0.274263	
1000	0.280000	0.997719	1000	0.280000	0.280000	0.274302	
1000	0.274000	0.997719	1000	0.274000	0.274000	0.274300	
1000	0.318000	0.997719	1000	0.318000	0.318000	0.274592	
1000	0.279000	0.997719	1000	0.279000	0.279000	0.274621	
1000	0.285000	0.997719	1000	0.285000	0.285000	0.274689	
1000	0.278000	0.997719	1000	0.278000	0.278000	0.274711	
1000	0.315000	0.997719	1000	0.315000	0.315000	0.274972	
1000	0.292000	0.997719	1000	0.292000	0.292000	0.275082	
1000	0.292000	0.997719	1000	0.292000	0.292000	0.275191	
1000	0.274000	0.997719	1000	0.274000	0.274000	0.275183	
1000	0.282000	0.997719	1000	0.282000	0.282000	0.275226	
1000	0.274000	0.997719	1000	0.274000	0.274000	0.275218	
1000	0.332000	0.997719	1000	0.332000	0.332000	0.275573	
1000	0.287000	0.997719	1000	0.287000	0.287000	0.275644	
1000	0.280000	0.997719	1000	0.280000	0.280000	0.275671	
1000	0.296000	0.997719	1000	0.296000	0.296000	0.275796	
1000	0.292000	0.997719	1000	0.292000	0.292000	0.275895	
1000	0.302000	0.997719	1000	0.302000	0.302000	0.276053	
1000	0.288000	0.997719	1000	0.288000	0.288000	0.276125	
1000	0.287000	0.997719	1000	0.287000	0.287000	0.276190	
1000	0.310000	0.997719	1000	0.310000	0.310000	0.276391	
1000	0.289000	0.997719	1000	0.289000	0.289000	0.276466	
1000	0.283000	0.997719	1000	0.283000	0.283000	0.276504	
1000	0.294000	0.997719	1000	0.294000	0.294000	0.276607	
1000	0.292000	0.997719	1000	0.292000	0.292000	0.276696	
1000	0.302000	0.997719	1000	0.302000	0.302000	0.276842	
1000	0.289000	0.997719	1000	0.289000	0.289000	0.276912	
1000	0.286000	0.997719	1000	0.286000	0.286000	0.276964	
1000	0.268000	0.997719	1000	0.268000	0.268000	0.276913	
1000	0.275000	0.997719	1000	0.275000	0.275000	0.276902	
1000	0.287000	0.997719	1000	0.287000	0.287000	0.276959	
1000	0.276000	0.997719	1000	0.276000	0.276000	0.276954	
1000	0.308000	0.997719	1000	0.308000	0.308000	0.277126	
1000	0.259000	0.997719	1000	0.259000	0.259000	0.277026	
1000	0.270000	0.997719	1000	0.270000	0.270000	0.276987	
1000	0.255000	0.997719	1000	0.255000	0.255000	0.276867	
1000	0.321000	0.997719	1000	0.321000	0.321000	0.277107	
1000	0.287000	0.997719	1000	0.287000	0.287000	0.277161	
1000	0.302000	0.997719	1000	0.302000	0.302000	0.277294	
1000	0.263000	0.997719	1000	0.263000	0.263000	0.277218	
1000	0.291000	0.997719	1000	0.291000	0.291000	0.277291	
1000	0.309000	0.997719	1000	0.309000	0.309000	0.277459	
1000	0.285000	0.997719	1000	0.285000	0.285000	0.277499	
1000	0.246000	0.997719	1000	0.246000	0.246000	0.277334	
1000	0.269000	0.997719	1000	0.269000	0.269000	0.277290	
1000	0.287000	0.997719	1000	0.287000	0.287000	0.277341	
1000	0.264000	0.997719	1000	0.264000	0.264000	0.277272	
1000	0.308000	0.997719	1000	0.308000	0.308000	0.277429	
1000	0.313000	0.997719	1000	0.313000	0.313000	0.277611	
1000	0.275000	0.997719	1000	0.275000	0.275000	0.277598	
1000	0.284000	0.997719	1000	0.284000	0.284000	0.277630	
1000	0.327000	0.997719	1000	0.327000	0.327000	0.277878	
1000	0.280000	0.997719	1000	0.280000	0.280000	0.277889	
1000	0.300000	0.997719	1000	0.300000	0.300000	0.277999	
1000	0.294000	0.997719	1000	0.294000	0.294000	0.278078	
1000	0.277000	0.997719	1000	0.277000	0.277000	0.278073	
1000	0.268000	0.997719	1000	0.268000	0.268000	0.278023	
1000	0.282000	0.997719	1000	0.282000	0.282000	0.278043	
1000	0.266000	0.997719	1000	0.266000	0.266000	0.277984	
1000	0.250000	0.997719	1000	0.250000	0.250000	0.277849	
1000	0.289000	0.997719	1000	0.289000	0.289000	0.277903	
1000	0.298000	0.997719	1000	0.298000	0.298000	0.277999	
1000	0.287000	0.997719	1000	0.287000	0.287000	0.278042	
1000	0.302000	0.997719	1000	0.302000	0.302000	0.278155	
1000	0.295000	0.997719	1000	0.295000	0.295000	0.278235	
1000	0.280000	0.997719	1000	0.280000	0.280000	0.278243	
1000	0.246000	0.997719	1000	0.246000	0.246000	0.278092	
1000	0.275000	0.997719	1000	0.275000	0.275000	0.278078	
1000	0.321000	0.997719	1000	0.321000	0.321000	0.278276	
1000	0.294000	0.997719	1000	0.294000	0.294000	0.278349	
1000	0.280000	0.997719	1000	0.280000	0.280000	0.278357	
1000	0.294000	0.997719	1000	0.294000	0.294000	0.278428	
1000	0.311000	0.997719	1000	0.311000	0.311000	0.278576	
1000	0.279000	0.997719	1000	0.279000	0.279000	0.278578	
1000	0.306000	0.997719	1000	0.306000	0.306000	0.278701	
1000	0.280000	0.997719	1000	0.280000	0.280000	0.278707	
1000	0.300000	0.997719	1000	0.300000	0.300000	0.278802	
1000	0.305000	0.997719	1000	0.305000	0.305000	0.278919	
1000	0.301000	0.997719	1000	0.301000	0.301000	0.279016	
1000	0.278000	0.997719	1000	0.278000	0.278000	0.279012	
1000	0.274000	0.997719	1000	0.274000	0.274000	0.278990	
1000	0.276000	0.997719	1000	0.276000	0.276000	0.278977	
1000	0.283000	0.997719	1000	0.283000	0.283000	0.278994	
1000	0.288000	0.997719	1000	0.288000	0.288000	0.279033	
1000	0.300000	0.997719	1000	0.300000	0.300000	0.279124	
1000	0.306000	0.997719	1000	0.306000	0.306000	0.279239	
1000	0.287000	0.997719	1000	0.287000	0.287000	0.279272	
1000	0.264000	0.997719	1000	0.264000	0.264000	0.279207	
1000	0.277000	0.997719	1000	0.277000	0.277000	0.279198	
1000	0.289000	0.997719	1000	0.289000	0.289000	0.279239	
1000	0.312000	0.997719	1000	0.312000	0.312000	0.279377	
1000	0.270000	0.997719	1000	0.270000	0.270000	0.279338	
1000	0.266000	0.997719	1000	0.266000	0.266000	0.279282	
1000	0.259000	0.997719	1000	0.259000	0.259000	0.279198	
1000	0.284000	0.997719	1000	0.284000	0.284000	0.279218	
1000	0.304000	0.997719	1000	0.304000	0.304000	0.279320	
1000	0.296000	0.997719	1000	0.296000	0.296000	0.279388	
1000	0.259000	0.997719	1000	0.259000	0.259000	0.279305	
1000	0.277000	0.997719	1000	0.277000	0.277000	0.279296	
1000	0.267000	0.997719	1000	0.267000	0.267000	0.279246	
1000	0.313000	0.997719	1000	0.313000	0.313000	0.279382	
1000	0.275000	0.997719	1000	0.275000	0.275000	0.279364	
1000	0.258000	0.997719	1000	0.258000	0.258000	0.279279	
1000	0.282000	0.997719	1000	0.282000	0.282000	0.279290	
1000	0.284000	0.997719	1000	0.284000	0.284000	0.279308	
1000	0.287000	0.997719	1000	0.287000	0.287000	0.279339	
1000	0.319000	0.997719	1000	0.319000	0.319000	0.279495	
1000	0.284000	0.997719	1000	0.284000	0.284000	0.279513	
1000	0.230000	0.997719	1000	0.230000	0.230000	0.279319	
1000	0.317000	0.997719	1000	0.317000	0.317000	0.279466	
1000	0.297000	0.997719	1000	0.297000	0.297000	0.279534	
1000	0.310000	0.997719	1000	0.310000	0.310000	0.279651	
1000	0.271000	0.997719	1000	0.271000	0.271000	0.279618	
1000	0.294000	0.997719	1000	0.294000	0.294000	0.279673	
1000	0.288000	0.997719	1000	0.288000	0.288000	0.279705	
1000	0.323000	0.997719	1000	0.323000	0.323000	0.279870	
1000	0.302000	0.997719	1000	0.302000	0.302000	0.279953	
1000	0.279000	0.997719	1000	0.279000	0.279000	0.279950	
1000	0.296000	0.997719	1000	0.296000	0.296000	0.280010	
1000	0.281000	0.997719	1000	0.281000	0.281000	0.280014	
1000	0.309000	0.997719	1000	0.309000	0.309000	0.280122	
1000	0.292000	0.997719	1000	0.292000	0.292000	0.280166	
1000	0.273000	0.997719	1000	0.273000	0.273000	0.280140	
1000	0.302000	0.997719	1000	0.302000	0.302000	0.280220	
1000	0.283000	0.997719	1000	0.283000	0.283000	0.280231	
1000	0.278000	0.997719	1000	0.278000	0.278000	0.280222	
1000	0.277000	0.997719	1000	0.277000	0.277000	0.280211	
1000	0.314000	0.997719	1000	0.314000	0.314000	0.280334	
1000	0.305000	0.997719	1000	0.305000	0.305000	0.280423	
1000	0.271000	0.997719	1000	0.271000	0.271000	0.280389	
1000	0.290000	0.997719	1000	0.290000	0.290000	0.280423	
1000	0.281000	0.997719	1000	0.281000	0.281000	0.280426	
1000	0.284000	0.997719	1000	0.284000	0.284000	0.280438	
1000	0.289000	0.997719	1000	0.289000	0.289000	0.280469	
1000	0.317000	0.997719	1000	0.317000	0.317000	0.280598	
1000	0.322000	0.997719	1000	0.322000	0.322000	0.280745	
1000	0.291000	0.997719	1000	0.291000	0.291000	0.280781	
1000	0.295000	0.997719	1000	0.295000	0.295000	0.280831	
1000	0.259000	0.997719	1000	0.259000	0.259000	0.280754	
1000	0.302000	0.997719	1000	0.302000	0.302000	0.280828	
1000	0.287000	0.997719	1000	0.287000	0.287000	0.280850	
1000	0.287000	0.997719	1000	0.287000	0.287000	0.280871	
1000	0.318000	0.997719	1000	0.318000	0.318000	0.280999	
1000	0.280000	0.997719	1000	0.280000	0.280000	0.280996	
1000	0.289000	0.997719	1000	0.289000	0.289000	0.281023	
1000	0.294000	0.997719	1000	0.294000	0.294000	0.281067	
1000	0.288000	0.997719	1000	0.288000	0.288000	0.281091	
1000	0.294000	0.997719	1000	0.294000	0.294000	0.281135	
1000	0.261000	0.997719	1000	0.261000	0.261000	0.281067	
1000	0.308000	0.997719	1000	0.308000	0.308000	0.281157	
1000	0.287000	0.997719	1000	0.287000	0.287000	0.281177	
1000	0.271000	0.997719	1000	0.271000	0.271000	0.281143	
1000	0.308000	0.997719	1000	0.308000	0.308000	0.281232	
1000	0.302000	0.997719	1000	0.302000	0.302000	0.281301	
1000	0.317000	0.997719	1000	0.317000	0.317000	0.281420	
1000	0.291000	0.997719	1000	0.291000	0.291000	0.281451	
1000	0.293000	0.997719	1000	0.293000	0.293000	0.281489	
1000	0.286000	0.997719	1000	0.286000	0.286000	0.281504	
1000	0.278000	0.997719	1000	0.278000	0.278000	0.281493	
1000	0.280000	0.997719	1000	0.280000	0.280000	0.281488	
1000	0.282000	0.997719	1000	0.282000	0.282000	0.281489	
1000	0.299000	0.997719	1000	0.299000	0.299000	0.281546	
1000	0.265000	0.997719	1000	0.265000	0.265000	0.281493	
1000	0.279000	0.997719	1000	0.279000	0.279000	0.281485	
1000	0.259000	0.997719	1000	0.259000	0.259000	0.281413	
1000	0.307000	0.997719	1000	0.307000	0.307000	0.281494	
1000	0.280000	0.997719	1000	0.280000	0.280000	0.281490	
1000	0.274000	0.997719	1000	0.274000	0.274000	0.281466	
1000	0.289000	0.997719	1000	0.289000	0.289000	0.281490	
1000	0.264000	0.997719	1000	0.264000	0.264000	0.281434	
1000	0.266000	0.997719	1000	0.266000	0.266000	0.281386	
1000	0.265000	0.997719	1000	0.265000	0.265000	0.281335	
1000	0.264000	0.997719	1000	0.264000	0.264000	0.281280	
1000	0.317000	0.997719	1000	0.317000	0.317000	0.281392	
1000	0.290000	0.997719	1000	0.290000	0.290000	0.281418	
1000	0.279000	0.997719	1000	0.279000	0.279000	0.281411	
1000	0.283000	0.997719	1000	0.283000	0.283000	0.281416	
1000	0.297000	0.997719	1000	0.297000	0.297000	0.281464	
1000	0.279000	0.997719	1000	0.279000	0.279000	0.281456	
1000	0.281000	0.997719	1000	0.281000	0.281000	0.281455	
1000	0.274000	0.997719	1000	0.274000	0.274000	0.281432	
1000	0.271000	0.997719	1000	0.271000	0.271000	0.281400	
1000	0.295000	0.997719	1000	0.295000	0.295000	0.281442	
1000	0.304000	0.997719	1000	0.304000	0.304000	0.281510	
1000	0.283000	0.997719	1000	0.283000	0.283000	0.281514	
1000	0.282000	0.997719	1000	0.282000	0.282000	0.281516	
1000	0.282000	0.997719	1000	0.282000	0.282000	0.281517	
1000	0.286000	0.997719	1000	0.286000	0.286000	0.281531	
1000	0.302000	0.997719	1000	0.302000	0.302000	0.281591	
1000	0.278000	0.997719	1000	0.278000	0.278000	0.281581	
1000	0.311000	0.997719	1000	0.311000	0.311000	0.281668	
1000	0.275000	0.997719	1000	0.275000	0.275000	0.281648	
1000	0.287000	0.997719	1000	0.287000	0.287000	0.281664	
1000	0.283000	0.997719	1000	0.283000	0.283000	0.281668	
1000	0.310000	0.997719	1000	0.310000	0.310000	0.281751	
1000	0.279000	0.997719	1000	0.279000	0.279000	0.281743	
1000	0.317000	0.997719	1000	0.317000	0.317000	0.281845	
1000	0.288000	0.997719	1000	0.288000	0.288000	0.281863	
1000	0.297000	0.997719	1000	0.297000	0.297000	0.281907	
1000	0.290000	0.997719	1000	0.290000	0.290000	0.281930	
1000	0.286000	0.997719	1000	0.286000	0.286000	0.281942	
1000	0.289000	0.997719	1000	0.289000	0.289000	0.281962	
1000	0.297000	0.997719	1000	0.297000	0.297000	0.282005	
1000	0.276000	0.997719	1000	0.276000	0.276000	0.281988	
1000	0.270000	0.997719	1000	0.270000	0.270000	0.281954	
1000	0.288000	0.997719	1000	0.288000	0.288000	0.281971	
1000	0.286000	0.997719	1000	0.286000	0.286000	0.281982	
1000	0.280000	0.997719	1000	0.280000	0.280000	0.281977	
1000	0.267000	0.997719	1000	0.267000	0.267000	0.281935	
1000	0.311000	0.997719	1000	0.311000	0.311000	0.282016	
1000	0.301000	0.997719	1000	0.301000	0.301000	0.282069	
1000	0.281000	0.997719	1000	0.281000	0.281000	0.282066	
1000	0.289000	0.997719	1000	0.289000	0.289000	0.282085	
1000	0.286000	0.997719	1000	0.286000	0.286000	0.282096	
1000	0.292000	0.997719	1000	0.292000	0.292000	0.282124	
1000	0.274000	0.997719	1000	0.274000	0.274000	0.282101	
1000	0.273000	0.997719	1000	0.273000	0.273000	0.282076	
1000	0.275000	0.997719	1000	0.275000	0.275000	0.282057	
1000	0.299000	0.997719	1000	0.299000	0.299000	0.282103	
1000	0.284000	0.997719	1000	0.284000	0.284000	0.282108	
1000	0.285000	0.997719	1000	0.285000	0.285000	0.282116	
1000	0.303000	0.997719	1000	0.303000	0.303000	0.282173	
1000	0.274000	0.997719	1000	0.274000	0.274000	0.282151	
1000	0.281000	0.997719	1000	0.281000	0.281000	0.282147	
1000	0.284000	0.997719	1000	0.284000	0.284000	0.282152	
1000	0.292000	0.997719	1000	0.292000	0.292000	0.282179	
1000	0.268000	0.997719	1000	0.268000	0.268000	0.282141	
1000	0.282000	0.997719	1000	0.282000	0.282000	0.282141	
1000	0.321000	0.997719	1000	0.321000	0.321000	0.282244	
1000	0.280000	0.997719	1000	0.280000	0.280000	0.282238	
1000	0.296000	0.997719	1000	0.296000	0.296000	0.282274	
1000	0.253000	0.997719	1000	0.253000	0.253000	0.282197	
1000	0.295000	0.997719	1000	0.295000	0.295000	0.282231	
1000	0.263000	0.997719	1000	0.263000	0.263000	0.282180	
1000	0.294000	0.997719	1000	0.294000	0.294000	0.282211	
1000	0.261000	0.997719	1000	0.261000	0.261000	0.282156	
1000	0.267000	0.997719	1000	0.267000	0.267000	0.282116	
1000	0.277000	0.997719	1000	0.277000	0.277000	0.282103	
1000	0.301000	0.997719	1000	0.301000	0.301000	0.282152	
1000	0.329000	0.997719	1000	0.329000	0.329000	0.282273	
1000	0.261000	0.997719	1000	0.261000	0.261000	0.282218	
1000	0.294000	0.997719	1000	0.294000	0.294000	0.282249	
1000	0.273000	0.997719	1000	0.273000	0.273000	0.282225	
1000	0.294000	0.997719	1000	0.294000	0.294000	0.282255	
1000	0.303000	0.997719	1000	0.303000	0.303000	0.282308	
1000	0.290000	0.997719	1000	0.290000	0.290000	0.282328	
1000	0.267000	0.997719	1000	0.267000	0.267000	0.282289	
1000	0.241000	0.997719	1000	0.241000	0.241000	0.282184	
1000	0.293000	0.997719	1000	0.293000	0.293000	0.282211	
1000	0.297000	0.997719	1000	0.297000	0.297000	0.282249	
1000	0.305000	0.997719	1000	0.305000	0.305000	0.282306	
1000	0.281000	0.997719	1000	0.281000	0.281000	0.282303	
1000	0.336000	0.997719	1000	0.336000	0.336000	0.282437	
1000	0.276000	0.997719	1000	0.276000	0.276000	0.282421	
1000	0.284000	0.997719	1000	0.284000	0.284000	0.282425	
1000	0.268000	0.997719	1000	0.268000	0.268000	0.282389	
1000	0.273000	0.997719	1000	0.273000	0.273000	0.282366	
1000	0.262000	0.997719	1000	0.262000	0.262000	0.282315	
1000	0.281000	0.997719	1000	0.281000	0.281000	0.282312	
1000	0.277000	0.997719	1000	0.277000	0.277000	0.282299	
1000	0.277000	0.997719	1000	0.277000	0.277000	0.282286	
1000	0.301000	0.997719	1000	0.301000	0.301000	0.282332	
1000	0.275000	0.997719	1000	0.275000	0.275000	0.282314	
1000	0.287000	0.997719	1000	0.287000	0.287000	0.282325	
1000	0.286000	0.997719	1000	0.286000	0.286000	0.282334	
1000	0.304000	0.997719	1000	0.304000	0.304000	0.282387	
1000	0.306000	0.997719	1000	0.306000	0.306000	0.282444	
1000	0.282000	0.997719	1000	0.282000	0.282000	0.282443	
1000	0.304000	0.997719	1000	0.304000	0.304000	0.282495	
1000	0.313000	0.997719	1000	0.313000	0.313000	0.282568	
1000	0.274000	0.997719	1000	0.274000	0.274000	0.282547	
1000	0.277000	0.997719	1000	0.277000	0.277000	0.282534	
1000	0.289000	0.997719	1000	0.289000	0.289000	0.282549	
1000	0.299000	0.997719	1000	0.299000	0.299000	0.282588	
1000	0.266000	0.997719	1000	0.266000	0.266000	0.282549	
1000	0.293000	0.997719	1000	0.293000	0.293000	0.282574	
1000	0.286000	0.997719	1000	0.286000	0.286000	0.282582	
1000	0.293000	0.997719	1000	0.293000	0.293000	0.282606	
1000	0.282000	0.997719	1000	0.282000	0.282000	0.282605	
1000	0.273000	0.997719	1000	0.273000	0.273000	0.282582	
1000	0.300000	0.997719	1000	0.300000	0.300000	0.282623	
1000	0.266000	0.997719	1000	0.266000	0.266000	0.282584	
1000	0.269000	0.997719	1000	0.269000	0.269000	0.282553	
1000	0.276000	0.997719	1000	0.276000	0.276000	0.282538	
1000	0.289000	0.997719	1000	0.289000	0.289000	0.282553	
1000	0.276000	0.997719	1000	0.276000	0.276000	0.282537	
1000	0.286000	0.997719	1000	0.286000	0.286000	0.282545	
1000	0.285000	0.997719	1000	0.285000	0.285000	0.282551	
1000	0.291000	0.997719	1000	0.291000	0.291000	0.282570	
1000	0.277000	0.997719	1000	0.277000	0.277000	0.282558	
1000	0.280000	0.997719	1000	0.280000	0.280000	0.282552	
1000	0.272000	0.997719	1000	0.272000	0.272000	0.282528	
1000	0.269000	0.997719	1000	0.269000	0.269000	0.282497	
1000	0.283000	0.997719	1000	0.283000	0.283000	0.282498	
1000	0.278000	0.997719	1000	0.278000	0.278000	0.282488	
1000	0.307000	0.997719	1000	0.307000	0.307000	0.282543	
1000	0.315000	0.997719	1000	0.315000	0.315000	0.282616	
1000	0.287000	0.997719	1000	0.287000	0.287000	0.282626	
1000	0.309000	0.997719	1000	0.309000	0.309000	0.282685	
1000	0.283000	0.997719	1000	0.283000	0.283000	0.282686	
1000	0.296000	0.997719	1000	0.296000	0.296000	0.282716	
1000	0.278000	0.997719	1000	0.278000	0.278000	0.282705	
1000	0.281000	0.997719	1000	0.281000	0.281000	0.282702	
1000	0.276000	0.997719	1000	0.276000	0.276000	0.282687	
1000	0.312000	0.997719	1000	0.312000	0.312000	0.282752	
1000	0.312000	0.997719	1000	0.312000	0.312000	0.282816	
1000	0.269000	0.997719	1000	0.269000	0.269000	0.282786	
1000	0.288000	0.997719	1000	0.288000	0.288000	0.282797	
1000	0.300000	0.997719	1000	0.300000	0.300000	0.282835	
1000	0.279000	0.997719	1000	0.279000	0.279000	0.282827	
1000	0.309000	0.997719	1000	0.309000	0.309000	0.282884	
1000	0.280000	0.997719	1000	0.280000	0.280000	0.282877	
1000	0.275000	0.997719	1000	0.275000	0.275000	0.282860	
1000	0.263000	0.997719	1000	0.263000	0.263000	0.282817	
1000	0.285000	0.997719	1000	0.285000	0.285000	0.282822	
1000	0.290000	0.997719	1000	0.290000	0.290000	0.282837	
1000	0.300000	0.997719	1000	0.300000	0.300000	0.282874	
1000	0.283000	0.997719	1000	0.283000	0.283000	0.282875	
1000	0.266000	0.997719	1000	0.266000	0.266000	0.282838	
1000	0.300000	0.997719	1000	0.300000	0.300000	0.282875	
1000	0.299000	0.997719	1000	0.299000	0.299000	0.282910	
1000	0.327000	0.997719	1000	0.327000	0.327000	0.283004	
1000	0.295000	0.997719	1000	0.295000	0.295000	0.283029	
1000	0.292000	0.997719	1000	0.292000	0.292000	0.283048	
1000	0.288000	0.997719	1000	0.288000	0.288000	0.283059	
1000	0.299000	0.997719	1000	0.299000	0.299000	0.283092	
1000	0.281000	0.997719	1000	0.281000	0.281000	0.283088	
1000	0.312000	0.997719	1000	0.312000	0.312000	0.283149	
1000	0.289000	0.997719	1000	0.289000	0.289000	0.283161	
1000	0.281000	0.997719	1000	0.281000	0.281000	0.283157	
1000	0.281000	0.997719	1000	0.281000	0.281000	0.283152	
1000	0.285000	0.997719	1000	0.285000	0.285000	0.283156	
1000	0.280000	0.997719	1000	0.280000	0.280000	0.283149	
1000	0.275000	0.997719	1000	0.275000	0.275000	0.283132	
1000	0.291000	0.997719	1000	0.291000	0.291000	0.283149	
1000	0.279000	0.997719	1000	0.279000	0.279000	0.283140	
1000	0.274000	0.997719	1000	0.274000	0.274000	0.283121	
1000	0.297000	0.997719	1000	0.297000	0.297000	0.283150	
1000	0.272000	0.997719	1000	0.272000	0.272000	0.283127	
1000	0.309000	0.997719	1000	0.309000	0.309000	0.283180	
1000	0.291000	0.997719	1000	0.291000	0.291000	0.283196	
1000	0.245000	0.997719	1000	0.245000	0.245000	0.283118	
1000	0.267000	0.997719	1000	0.267000	0.267000	0.283085	
1000	0.309000	0.997719	1000	0.309000	0.309000	0.283138	
1000	0.263000	0.997719	1000	0.263000	0.263000	0.283097	
1000	0.290000	0.997719	1000	0.290000	0.290000	0.283111	
1000	0.271000	0.997719	1000	0.271000	0.271000	0.283086	
1000	0.280000	0.997719	1000	0.280000	0.280000	0.283080	
1000	0.323000	0.997719	1000	0.323000	0.323000	0.283161	
1000	0.307000	0.997719	1000	0.307000	0.307000	0.283209	
1000	0.290000	0.997719	1000	0.290000	0.290000	0.283222	
1000	0.286000	0.997719	1000	0.286000	0.286000	0.283228	
1000	0.312000	0.997719	1000	0.312000	0.312000	0.283285	
1000	0.311000	0.997719	1000	0.311000	0.311000	0.283341	
1000	0.283000	0.997719	1000	0.283000	0.283000	0.283340	
1000	0.255000	0.997719	1000	0.255000	0.255000	0.283284	
1000	0.292000	0.997719	1000	0.292000	0.292000	0.283301	
1000	0.283000	0.997719	1000	0.283000	0.283000	0.283300	
1000	0.300000	0.997719	1000	0.300000	0.300000	0.283333	
1000	0.309000	0.997719	1000	0.309000	0.309000	0.283384	
1000	0.283000	0.997719	1000	0.283000	0.283000	0.283383	
1000	0.281000	0.997719	1000	0.281000	0.281000	0.283379	
1000	0.303000	0.997719	1000	0.303000	0.303000	0.283417	
1000	0.263000	0.997719	1000	0.263000	0.263000	0.283377	
1000	0.303000	0.997719	1000	0.303000	0.303000	0.283415	
1000	0.284000	0.997719	1000	0.284000	0.284000	0.283417	
1000	0.304000	0.997719	1000	0.304000	0.304000	0.283457	
1000	0.300000	0.997719	1000	0.300000	0.300000	0.283489	
1000	0.306000	0.997719	1000	0.306000	0.306000	0.283532	
1000	0.317000	0.997719	1000	0.317000	0.317000	0.283597	
1000	0.309000	0.997719	1000	0.309000	0.309000	0.283646	
1000	0.296000	0.997719	1000	0.296000	0.296000	0.283670	
1000	0.279000	0.997719	1000	0.279000	0.279000	0.283661	
1000	0.282000	0.997719	1000	0.282000	0.282000	0.283658	
1000	0.280000	0.997719	1000	0.280000	0.280000	0.283651	
1000	0.285000	0.997719	1000	0.285000	0.285000	0.283653	
1000	0.282000	0.997719	1000	0.282000	0.282000	0.283650	
1000	0.270000	0.997719	1000	0.270000	0.270000	0.283624	
1000	0.266000	0.997719	1000	0.266000	0.266000	0.283591	
1000	0.247000	0.997719	1000	0.247000	0.247000	0.283521	
1000	0.235000	0.997719	1000	0.235000	0.235000	0.283429	
1000	0.281000	0.997719	1000	0.281000	0.281000	0.283425	
1000	0.305000	0.997719	1000	0.305000	0.305000	0.283466	
1000	0.278000	0.997719	1000	0.278000	0.278000	0.283455	
1000	0.267000	0.997719	1000	0.267000	0.267000	0.283424	
1000	0.304000	0.997719	1000	0.304000	0.304000	0.283463	
1000	0.252000	0.997719	1000	0.252000	0.252000	0.283404	
1000	0.298000	0.997719	1000	0.298000	0.298000	0.283431	
1000	0.258000	0.997719	1000	0.258000	0.258000	0.283384	
1000	0.266000	0.997719	1000	0.266000	0.266000	0.283351	
1000	0.272000	0.997719	1000	0.272000	0.272000	0.283330	
1000	0.264000	0.997719	1000	0.264000	0.264000	0.283294	
1000	0.275000	0.997719	1000	0.275000	0.275000	0.283279	
1000	0.311000	0.997719	1000	0.311000	0.311000	0.283330	
1000	0.302000	0.997719	1000	0.302000	0.302000	0.283365	
1000	0.298000	0.997719	1000	0.298000	0.298000	0.283392	
1000	0.278000	0.997719	1000	0.278000	0.278000	0.283382	
1000	0.304000	0.997719	1000	0.304000	0.304000	0.283420	
1000	0.292000	0.997719	1000	0.292000	0.292000	0.283435	
1000	0.278000	0.997719	1000	0.278000	0.278000	0.283425	
1000	0.320000	0.997719	1000	0.320000	0.320000	0.283492	
1000	0.293000	0.997719	1000	0.293000	0.293000	0.283510	
1000	0.251000	0.997719	1000	0.251000	0.251000	0.283450	
1000	0.242000	0.997719	1000	0.242000	0.242000	0.283375	
1000	0.325000	0.997719	1000	0.325000	0.325000	0.283451	
1000	0.253000	0.997719	1000	0.253000	0.253000	0.283396	
1000	0.260000	0.997719	1000	0.260000	0.260000	0.283353	
1000	0.271000	0.997719	1000	0.271000	0.271000	0.283331	
1000	0.270000	0.997719	1000	0.270000	0.270000	0.283307	
1000	0.301000	0.997719	1000	0.301000	0.301000	0.283339	
1000	0.280000	0.997719	1000	0.280000	0.280000	0.283333	
1000	0.270000	0.997719	1000	0.270000	0.270000	0.283309	
1000	0.289000	0.997719	1000	0.289000	0.289000	0.283319	
1000	0.304000	0.997719	1000	0.304000	0.304000	0.283356	
1000	0.288000	0.997719	1000	0.288000	0.288000	0.283364	
1000	0.283000	0.997719	1000	0.283000	0.283000	0.283364	
1000	0.278000	0.997719	1000	0.278000	0.278000	0.283354	
1000	0.275000	0.997719	1000	0.275000	0.275000	0.283339	
1000	0.300000	0.997719	1000	0.300000	0.300000	0.283369	
1000	0.281000	0.997719	1000	0.281000	0.281000	0.283365	
1000	0.276000	0.997719	1000	0.276000	0.276000	0.283352	
1000	0.326000	0.997719	1000	0.326000	0.326000	0.283427	
1000	0.265000	0.997719	1000	0.265000	0.265000	0.283394	
1000	0.297000	0.997719	1000	0.297000	0.297000	0.283418	
1000	0.297000	0.997719	1000	0.297000	0.297000	0.283442	
1000	0.274000	0.997719	1000	0.274000	0.274000	0.283425	
1000	0.282000	0.997719	1000	0.282000	0.282000	0.283423	
1000	0.286000	0.997719	1000	0.286000	0.286000	0.283427	
1000	0.281000	0.997719	1000	0.281000	0.281000	0.283423	
1000	0.295000	0.997719	1000	0.295000	0.295000	0.283443	
1000	0.269000	0.997719	1000	0.269000	0.269000	0.283418	
1000	0.231000	0.997719	1000	0.231000	0.231000	0.283328	
1000	0.283000	0.997719	1000	0.283000	0.283000	0.283327	
1000	0.327000	0.997719	1000	0.327000	0.327000	0.283402	
1000	0.298000	0.997719	1000	0.298000	0.298000	0.283427	
1000	0.294000	0.997719	1000	0.294000	0.294000	0.283445	
1000	0.309000	0.997719	1000	0.309000	0.309000	0.283489	
1000	0.309000	0.997719	1000	0.309000	0.309000	0.283533	
1000	0.261000	0.997719	1000	0.261000	0.261000	0.283494	
1000	0.335000	0.997719	1000	0.335000	0.335000	0.283582	
1000	0.280000	0.997719	1000	0.280000	0.280000	0.283576	
1000	0.286000	0.997719	1000	0.286000	0.286000	0.283580	
1000	0.307000	0.997719	1000	0.307000	0.307000	0.283620	
1000	0.277000	0.997719	1000	0.277000	0.277000	0.283609	
1000	0.307000	0.997719	1000	0.307000	0.307000	0.283648	
1000	0.306000	0.997719	1000	0.306000	0.306000	0.283686	
1000	0.298000	0.997719	1000	0.298000	0.298000	0.283710	
1000	0.282000	0.997719	1000	0.282000	0.282000	0.283707	
1000	0.304000	0.997719	1000	0.304000	0.304000	0.283741	
1000	0.272000	0.997719	1000	0.272000	0.272000	0.283721	
1000	0.288000	0.997719	1000	0.288000	0.288000	0.283729	
1000	0.308000	0.997719	1000	0.308000	0.308000	0.283769	
1000	0.290000	0.997719	1000	0.290000	0.290000	0.283780	
1000	0.278000	0.997719	1000	0.278000	0.278000	0.283770	
1000	0.274000	0.997719	1000	0.274000	0.274000	0.283754	
1000	0.329000	0.997719	1000	0.329000	0.329000	0.283829	
1000	0.276000	0.997719	1000	0.276000	0.276000	0.283816	
1000	0.285000	0.997719	1000	0.285000	0.285000	0.283818	
1000	0.307000	0.997719	1000	0.307000	0.307000	0.283856	
1000	0.273000	0.997719	1000	0.273000	0.273000	0.283838	
1000	0.303000	0.997719	1000	0.303000	0.303000	0.283870	
1000	0.310000	0.997719	1000	0.310000	0.310000	0.283913	
1000	0.273000	0.997719	1000	0.273000	0.273000	0.283895	
1000	0.287000	0.997719	1000	0.287000	0.287000	0.283900	
1000	0.340000	0.997719	1000	0.340000	0.340000	0.283991	
1000	0.281000	0.997719	1000	0.281000	0.281000	0.283986	
1000	0.295000	0.997719	1000	0.295000	0.295000	0.284004	
1000	0.254000	0.997719	1000	0.254000	0.254000	0.283956	
1000	0.253000	0.997719	1000	0.253000	0.253000	0.283905	
1000	0.293000	0.997719	1000	0.293000	0.293000	0.283920	
1000	0.309000	0.997719	1000	0.309000	0.309000	0.283961	
1000	0.303000	0.997719	1000	0.303000	0.303000	0.283991	
1000	0.291000	0.997719	1000	0.291000	0.291000	0.284003	
1000	0.295000	0.997719	1000	0.295000	0.295000	0.284020	
1000	0.307000	0.997719	1000	0.307000	0.307000	0.284057	
1000	0.309000	0.997719	1000	0.309000	0.309000	0.284097	
1000	0.302000	0.997719	1000	0.302000	0.302000	0.284126	
1000	0.289000	0.997719	1000	0.289000	0.289000	0.284134	
1000	0.276000	0.997719	1000	0.276000	0.276000	0.284121	
1000	0.317000	0.997719	1000	0.317000	0.317000	0.284173	
1000	0.316000	0.997719	1000	0.316000	0.316000	0.284224	
1000	0.298000	0.997719	1000	0.298000	0.298000	0.284246	
1000	0.286000	0.997719	1000	0.286000	0.286000	0.284249	
1000	0.277000	0.997719	1000	0.277000	0.277000	0.284237	
1000	0.278000	0.997719	1000	0.278000	0.278000	0.284227	
1000	0.281000	0.997719	1000	0.281000	0.281000	0.284222	
1000	0.272000	0.997719	1000	0.272000	0.272000	0.284203	
1000	0.255000	0.997719	1000	0.255000	0.255000	0.284157	
1000	0.313000	0.997719	1000	0.313000	0.313000	0.284202	
1000	0.279000	0.997719	1000	0.279000	0.279000	0.284194	
1000	0.301000	0.997719	1000	0.301000	0.301000	0.284221	
1000	0.287000	0.997719	1000	0.287000	0.287000	0.284225	
1000	0.281000	0.997719	1000	0.281000	0.281000	0.284220	
1000	0.305000	0.997719	1000	0.305000	0.305000	0.284252	
1000	0.301000	0.997719	1000	0.301000	0.301000	0.284278	
1000	0.271000	0.997719	1000	0.271000	0.271000	0.284258	
1000	0.276000	0.997719	1000	0.276000	0.276000	0.284245	
1000	0.285000	0.997719	1000	0.285000	0.285000	0.284246	
1000	0.275000	0.997719	1000	0.275000	0.275000	0.284232	
1000	0.302000	0.997719	1000	0.302000	0.302000	0.284259	
1000	0.287000	0.997719	1000	0.287000	0.287000	0.284263	
1000	0.281000	0.997719	1000	0.281000	0.281000	0.284258	
1000	0.277000	0.997719	1000	0.277000	0.277000	0.284247	
1000	0.302000	0.997719	1000	0.302000	0.302000	0.284275	
1000	0.273000	0.997719	1000	0.273000	0.273000	0.284257	
1000	0.298000	0.997719	1000	0.298000	0.298000	0.284278	
1000	0.282000	0.997719	1000	0.282000	0.282000	0.284275	
1000	0.293000	0.997719	1000	0.293000	0.293000	0.284288	
1000	0.300000	0.997719	1000	0.300000	0.300000	0.284312	
1000	0.264000	0.997719	1000	0.264000	0.264000	0.284281	
1000	0.280000	0.997719	1000	0.280000	0.280000	0.284275	
1000	0.295000	0.997719	1000	0.295000	0.295000	0.284291	
1000	0.290000	0.997719	1000	0.290000	0.290000	0.284300	
1000	0.292000	0.997719	1000	0.292000	0.292000	0.284311	
1000	0.290000	0.997719	1000	0.290000	0.290000	0.284320	
1000	0.278000	0.997719	1000	0.278000	0.278000	0.284310	
1000	0.287000	0.997719	1000	0.287000	0.287000	0.284314	
1000	0.319000	0.997719	1000	0.319000	0.319000	0.284366	
1000	0.292000	0.997719	1000	0.292000	0.292000	0.284378	
1000	0.284000	0.997719	1000	0.284000	0.284000	0.284377	
1000	0.313000	0.997719	1000	0.313000	0.313000	0.284420	
1000	0.296000	0.997719	1000	0.296000	0.296000	0.284438	
1000	0.291000	0.997719	1000	0.291000	0.291000	0.284447	
1000	0.299000	0.997719	1000	0.299000	0.299000	0.284469	
1000	0.311000	0.997719	1000	0.311000	0.311000	0.284509	
1000	0.257000	0.997719	1000	0.257000	0.257000	0.284468	
1000	0.277000	0.997719	1000	0.277000	0.277000	0.284457	
1000	0.283000	0.997719	1000	0.283000	0.283000	0.284454	
1000	0.298000	0.997719	1000	0.298000	0.298000	0.284474	
1000	0.301000	0.997719	1000	0.301000	0.301000	0.284499	
1000	0.296000	0.997719	1000	0.296000	0.296000	0.284516	
1000	0.287000	0.997719	1000	0.287000	0.287000	0.284519	
1000	0.274000	0.997719	1000	0.274000	0.274000	0.284504	
1000	0.295000	0.997719	1000	0.295000	0.295000	0.284519	
1000	0.294000	0.997719	1000	0.294000	0.294000	0.284533	
1000	0.294000	0.997719	1000	0.294000	0.294000	0.284547	
1000	0.276000	0.997719	1000	0.276000	0.276000	0.284535	
1000	0.283000	0.997719	1000	0.283000	0.283000	0.284532	
1000	0.289000	0.997719	1000	0.289000	0.289000	0.284539	
1000	0.296000	0.997719	1000	0.296000	0.296000	0.284556	
1000	0.326000	0.997719	1000	0.326000	0.326000	0.284616	
1000	0.270000	0.997719	1000	0.270000	0.270000	0.284595	
1000	0.283000	0.997719	1000	0.283000	0.283000	0.284592	
1000	0.298000	0.997719	1000	0.298000	0.298000	0.284612	
1000	0.282000	0.997719	1000	0.282000	0.282000	0.284608	
1000	0.265000	0.997719	1000	0.265000	0.265000	0.284580	
1000	0.276000	0.997719	1000	0.276000	0.276000	0.284567	
1000	0.297000	0.997719	1000	0.297000	0.297000	0.284585	
1000	0.314000	0.997719	1000	0.314000	0.314000	0.284627	
1000	0.274000	0.997719	1000	0.274000	0.274000	0.284612	
1000	0.251000	0.997719	1000	0.251000	0.251000	0.284564	
1000	0.268000	0.997719	1000	0.268000	0.268000	0.284540	
1000	0.270000	0.997719	1000	0.270000	0.270000	0.284520	
1000	0.272000	0.997719	1000	0.272000	0.272000	0.284502	
1000	0.280000	0.997719	1000	0.280000	0.280000	0.284495	
1000	0.298000	0.997719	1000	0.298000	0.298000	0.284515	
1000	0.288000	0.997719	1000	0.288000	0.288000	0.284519	
1000	0.302000	0.997719	1000	0.302000	0.302000	0.284544	
1000	0.307000	0.997719	1000	0.307000	0.307000	0.284576	
1000	0.255000	0.997719	1000	0.255000	0.255000	0.284534	
1000	0.308000	0.997719	1000	0.308000	0.308000	0.284567	
1000	0.308000	0.997719	1000	0.308000	0.308000	0.284600	
1000	0.266000	0.997719	1000	0.266000	0.266000	0.284574	
1000	0.314000	0.997719	1000	0.314000	0.314000	0.284616	
1000	0.273000	0.997719	1000	0.273000	0.273000	0.284599	
1000	0.299000	0.997719	1000	0.299000	0.299000	0.284620	
1000	0.290000	0.997719	1000	0.290000	0.290000	0.284627	
1000	0.304000	0.997719	1000	0.304000	0.304000	0.284654	
1000	0.298000	0.997719	1000	0.298000	0.298000	0.284673	
1000	0.299000	0.997719	1000	0.299000	0.299000	0.284693	
1000	0.333000	0.997719	1000	0.333000	0.333000	0.284760	
1000	0.299000	0.997719	1000	0.299000	0.299000	0.284780	
1000	0.297000	0.997719	1000	0.297000	0.297000	0.284797	
1000	0.286000	0.997719	1000	0.286000	0.286000	0.284798	
1000	0.275000	0.997719	1000	0.275000	0.275000	0.284785	
1000	0.271000	0.997719	1000	0.271000	0.271000	0.284766	
1000	0.261000	0.997719	1000	0.261000	0.261000	0.284733	
1000	0.286000	0.997719	1000	0.286000	0.286000	0.284735	
1000	0.319000	0.997719	1000	0.319000	0.319000	0.284782	
1000	0.283000	0.997719	1000	0.283000	0.283000	0.284780	
1000	0.275000	0.997719	1000	0.275000	0.275000	0.284766	
1000	0.307000	0.997719	1000	0.307000	0.307000	0.284797	
1000	0.301000	0.997719	1000	0.301000	0.301000	0.284819	
1000	0.302000	0.997719	1000	0.302000	0.302000	0.284842	
1000	0.291000	0.997719	1000	0.291000	0.291000	0.284851	
1000	0.304000	0.997719	1000	0.304000	0.304000	0.284877	
1000	0.295000	0.997719	1000	0.295000	0.295000	0.284891	
1000	0.319000	0.997719	1000	0.319000	0.319000	0.284937	
1000	0.270000	0.997719	1000	0.270000	0.270000	0.284917	
1000	0.277000	0.997719	1000	0.277000	0.277000	0.284906	
1000	0.295000	0.997719	1000	0.295000	0.295000	0.284920	
1000	0.290000	0.997719	1000	0.290000	0.290000	0.284927	
1000	0.296000	0.997719	1000	0.296000	0.296000	0.284942	
1000	0.307000	0.997719	1000	0.307000	0.307000	0.284971	
1000	0.274000	0.997719	1000	0.274000	0.274000	0.284956	
1000	0.290000	0.997719	1000	0.290000	0.290000	0.284963	
1000	0.318000	0.997719	1000	0.318000	0.318000	0.285008	
1000	0.280000	0.997719	1000	0.280000	0.280000	0.285001	
1000	0.283000	0.997719	1000	0.283000	0.283000	0.284998	
1000	0.313000	0.997719	1000	0.313000	0.313000	0.285036	
1000	0.287000	0.997719	1000	0.287000	0.287000	0.285038	
1000	0.294000	0.997719	1000	0.294000	0.294000	0.285050	
1000	0.278000	0.997719	1000	0.278000	0.278000	0.285041	
1000	0.308000	0.997719	1000	0.308000	0.308000	0.285072	
1000	0.278000	0.997719	1000	0.278000	0.278000	0.285062	
1000	0.298000	0.997719	1000	0.298000	0.298000	0.285079	
1000	0.292000	0.997719	1000	0.292000	0.292000	0.285088	
1000	0.302000	0.997719	1000	0.302000	0.302000	0.285111	
1000	0.273000	0.997719	1000	0.273000	0.273000	0.285095	
1000	0.279000	0.997719	1000	0.279000	0.279000	0.285087	
1000	0.291000	0.997719	1000	0.291000	0.291000	0.285095	
1000	0.268000	0.997719	1000	0.268000	0.268000	0.285072	
1000	0.289000	0.997719	1000	0.289000	0.289000	0.285077	
1000	0.265000	0.997719	1000	0.265000	0.265000	0.285051	
1000	0.285000	0.997719	1000	0.285000	0.285000	0.285051	
1000	0.314000	0.997719	1000	0.314000	0.314000	0.285089	
1000	0.275000	0.997719	1000	0.275000	0.275000	0.285076	
1000	0.281000	0.997719	1000	0.281000	0.281000	0.285070	
1000	0.282000	0.997719	1000	0.282000	0.282000	0.285066	
1000	0.294000	0.997719	1000	0.294000	0.294000	0.285078	
1000	0.316000	0.997719	1000	0.316000	0.316000	0.285118	
1000	0.316000	0.997719	1000	0.316000	0.316000	0.285158	
1000	0.295000	0.997719	1000	0.295000	0.295000	0.285171	
1000	0.289000	0.997719	1000	0.289000	0.289000	0.285176	
1000	0.308000	0.997719	1000	0.308000	0.308000	0.285206	
1000	0.295000	0.997719	1000	0.295000	0.295000	0.285218	
1000	0.320000	0.997719	1000	0.320000	0.320000	0.285263	
1000	0.290000	0.997719	1000	0.290000	0.290000	0.285269	
1000	0.304000	0.997719	1000	0.304000	0.304000	0.285293	
1000	0.291000	0.997719	1000	0.291000	0.291000	0.285301	
1000	0.247000	0.997719	1000	0.247000	0.247000	0.285252	
1000	0.323000	0.997719	1000	0.323000	0.323000	0.285300	
1000	0.279000	0.997719	1000	0.279000	0.279000	0.285292	
1000	0.298000	0.997719	1000	0.298000	0.298000	0.285308	
1000	0.311000	0.997719	1000	0.311000	0.311000	0.285341	
1000	0.317000	0.997719	1000	0.317000	0.317000	0.285382	
1000	0.290000	0.997719	1000	0.290000	0.290000	0.285387	
1000	0.307000	0.997719	1000	0.307000	0.307000	0.285415	
1000	0.299000	0.997719	1000	0.299000	0.299000	0.285432	
1000	0.279000	0.997719	1000	0.279000	0.279000	0.285424	
1000	0.247000	0.997719	1000	0.247000	0.247000	0.285375	
1000	0.267000	0.997719	1000	0.267000	0.267000	0.285352	
1000	0.292000	0.997719	1000	0.292000	0.292000	0.285360	
1000	0.297000	0.997719	1000	0.297000	0.297000	0.285375	
1000	0.270000	0.997719	1000	0.270000	0.270000	0.285356	
1000	0.285000	0.997719	1000	0.285000	0.285000	0.285355	
1000	0.302000	0.997719	1000	0.302000	0.302000	0.285376	
1000	0.308000	0.997719	1000	0.308000	0.308000	0.285405	
1000	0.280000	0.997719	1000	0.280000	0.280000	0.285398	
1000	0.285000	0.997719	1000	0.285000	0.285000	0.285397	
1000	0.300000	0.997719	1000	0.300000	0.300000	0.285416	
1000	0.244000	0.997719	1000	0.244000	0.244000	0.285364	
1000	0.289000	0.997719	1000	0.289000	0.289000	0.285368	
1000	0.301000	0.997719	1000	0.301000	0.301000	0.285388	
1000	0.289000	0.997719	1000	0.289000	0.289000	0.285392	
1000	0.259000	0.997719	1000	0.259000	0.259000	0.285360	
1000	0.251000	0.997719	1000	0.251000	0.251000	0.285317	
1000	0.297000	0.997719	1000	0.297000	0.297000	0.285331	
1000	0.259000	0.997719	1000	0.259000	0.259000	0.285299	
1000	0.298000	0.997719	1000	0.298000	0.298000	0.285314	
1000	0.278000	0.997719	1000	0.278000	0.278000	0.285305	
1000	0.312000	0.997719	1000	0.312000	0.312000	0.285338	
1000	0.299000	0.997719	1000	0.299000	0.299000	0.285355	
1000	0.303000	0.997719	1000	0.303000	0.303000	0.285377	
1000	0.263000	0.997719	1000	0.263000	0.263000	0.285349	
1000	0.275000	0.997719	1000	0.275000	0.275000	0.285337	
1000	0.277000	0.997719	1000	0.277000	0.277000	0.285326	
1000	0.262000	0.997719	1000	0.262000	0.262000	0.285298	
1000	0.293000	0.997719	1000	0.293000	0.293000	0.285307	
1000	0.275000	0.997719	1000	0.275000	0.275000	0.285295	
1000	0.301000	0.997719	1000	0.301000	0.301000	0.285314	
1000	0.302000	0.997719	1000	0.302000	0.302000	0.285334	
1000	0.323000	0.997719	1000	0.323000	0.323000	0.285380	
1000	0.279000	0.997719	1000	0.279000	0.279000	0.285372	
1000	0.301000	0.997719	1000	0.301000	0.301000	0.285391	
1000	0.311000	0.997719	1000	0.311000	0.311000	0.285422	
1000	0.264000	0.997719	1000	0.264000	0.264000	0.285396	
1000	0.291000	0.997719	1000	0.291000	0.291000	0.285403	
1000	0.262000	0.997719	1000	0.262000	0.262000	0.285375	
1000	0.262000	0.997719	1000	0.262000	0.262000	0.285347	
1000	0.292000	0.997719	1000	0.292000	0.292000	0.285355	
1000	0.254000	0.997719	1000	0.254000	0.254000	0.285317	
1000	0.257000	0.997719	1000	0.257000	0.257000	0.285283	
1000	0.273000	0.997719	1000	0.273000	0.273000	0.285268	
1000	0.280000	0.997719	1000	0.280000	0.280000	0.285262	
1000	0.309000	0.997719	1000	0.309000	0.309000	0.285290	
1000	0.263000	0.997719	1000	0.263000	0.263000	0.285263	
1000	0.286000	0.997719	1000	0.286000	0.286000	0.285264	
1000	0.310000	0.997719	1000	0.310000	0.310000	0.285294	
1000	0.270000	0.997719	1000	0.270000	0.270000	0.285276	
1000	0.264000	0.997719	1000	0.264000	0.264000	0.285250	
1000	0.288000	0.997719	1000	0.288000	0.288000	0.285254	
1000	0.298000	0.997719	1000	0.298000	0.298000	0.285269	
1000	0.279000	0.997719	1000	0.279000	0.279000	0.285261	
1000	0.275000	0.997719	1000	0.275000	0.275000	0.285249	
1000	0.292000	0.997719	1000	0.292000	0.292000	0.285257	
1000	0.294000	0.997719	1000	0.294000	0.294000	0.285267	
1000	0.269000	0.997719	1000	0.269000	0.269000	0.285248	
1000	0.307000	0.997719	1000	0.307000	0.307000	0.285274	
1000	0.282000	0.997719	1000	0.282000	0.282000	0.285270	
1000	0.279000	0.997719	1000	0.279000	0.279000	0.285263	
1000	0.313000	0.997719	1000	0.313000	0.313000	0.285295	
1000	0.294000	0.997719	1000	0.294000	0.294000	0.285306	
1000	0.294000	0.997719	1000	0.294000	0.294000	0.285316	
1000	0.276000	0.997719	1000	0.276000	0.276000	0.285305	
1000	0.293000	0.997719	1000	0.293000	0.293000	0.285314	
1000	0.295000	0.997719	1000	0.295000	0.295000	0.285325	
1000	0.291000	0.997719	1000	0.291000	0.291000	0.285332	
1000	0.274000	0.997719	1000	0.274000	0.274000	0.285319	
1000	0.290000	0.997719	1000	0.290000	0.290000	0.285324	
1000	0.271000	0.997719	1000	0.271000	0.271000	0.285307	
1000	0.290000	0.997719	1000	0.290000	0.290000	0.285313	
1000	0.293000	0.997719	1000	0.293000	0.293000	0.285322	
1000	0.320000	0.997719	1000	0.320000	0.320000	0.285362	
1000	0.287000	0.997719	1000	0.287000	0.287000	0.285364	
1000	0.303000	0.997719	1000	0.303000	0.303000	0.285384	
1000	0.286000	0.997719	1000	0.286000	0.286000	0.285385	
1000	0.287000	0.997719	1000	0.287000	0.287000	0.285387	
1000	0.258000	0.997719	1000	0.258000	0.258000	0.285355	
1000	0.296000	0.997719	1000	0.296000	0.296000	0.285368	
1000	0.304000	0.997719	1000	0.304000	0.304000	0.285389	
1000	0.281000	0.997719	1000	0.281000	0.281000	0.285384	
1000	0.275000	0.997719	1000	0.275000	0.275000	0.285372	
1000	0.296000	0.997719	1000	0.296000	0.296000	0.285384	
1000	0.282000	0.997719	1000	0.282000	0.282000	0.285380	
1000	0.290000	0.997719	1000	0.290000	0.290000	0.285386	
1000	0.278000	0.997719	1000	0.278000	0.278000	0.285377	
1000	0.276000	0.997719	1000	0.276000	0.276000	0.285367	
1000	0.279000	0.997719	1000	0.279000	0.279000	0.285359	
1000	0.289000	0.997719	1000	0.289000	0.289000	0.285363	
1000	0.312000	0.997719	1000	0.312000	0.312000	0.285394	
1000	0.303000	0.997719	1000	0.303000	0.303000	0.285414	
1000	0.284000	0.997719	1000	0.284000	0.284000	0.285412	
1000	0.266000	0.997719	1000	0.266000	0.266000	0.285390	
1000	0.272000	0.997719	1000	0.272000	0.272000	0.285375	
1000	0.304000	0.997719	1000	0.304000	0.304000	0.285396	
1000	0.286000	0.997719	1000	0.286000	0.286000	0.285397	
1000	0.308000	0.997719	1000	0.308000	0.308000	0.285422	
1000	0.307000	0.997719	1000	0.307000	0.307000	0.285447	
1000	0.294000	0.997719	1000	0.294000	0.294000	0.285456	
1000	0.294000	0.997719	1000	0.294000	0.294000	0.285466	
1000	0.297000	0.997719	1000	0.297000	0.297000	0.285479	
1000	0.287000	0.997719	1000	0.287000	0.287000	0.285481	
1000	0.290000	0.997719	1000	0.290000	0.290000	0.285486	
1000	0.307000	0.997719	1000	0.307000	0.307000	0.285510	
1000	0.292000	0.997719	1000	0.292000	0.292000	0.285517	
1000	0.266000	0.997719	1000	0.266000	0.266000	0.285495	
1000	0.276000	0.997719	1000	0.276000	0.276000	0.285485	
1000	0.306000	0.997719	1000	0.306000	0.306000	0.285507	
1000	0.310000	0.997719	1000	0.310000	0.310000	0.285535	
1000	0.286000	0.997719	1000	0.286000	0.286000	0.285535	
1000	0.298000	0.997719	1000	0.298000	0.298000	0.285549	
1000	0.261000	0.997719	1000	0.261000	0.261000	0.285522	
1000	0.260000	0.997719	1000	0.260000	0.260000	0.285494	
1000	0.251000	0.997719	1000	0.251000	0.251000	0.285455	
1000	0.283000	0.997719	1000	0.283000	0.283000	0.285453	
1000	0.273000	0.997719	1000	0.273000	0.273000	0.285439	
1000	0.279000	0.997719	1000	0.279000	0.279000	0.285432	
1000	0.306000	0.997719	1000	0.306000	0.306000	0.285454	
1000	0.279000	0.997719	1000	0.279000	0.279000	0.285447	
1000	0.329000	0.997719	1000	0.329000	0.329000	0.285495	
1000	0.270000	0.997719	1000	0.270000	0.270000	0.285478	
1000	0.302000	0.997719	1000	0.302000	0.302000	0.285496	
1000	0.295000	0.997719	1000	0.295000	0.295000	0.285507	
1000	0.309000	0.997719	1000	0.309000	0.309000	0.285533	
1000	0.291000	0.997719	1000	0.291000	0.291000	0.285539	
1000	0.322000	0.997719	1000	0.322000	0.322000	0.285578	
1000	0.272000	0.997719	1000	0.272000	0.272000	0.285564	
1000	0.269000	0.997719	1000	0.269000	0.269000	0.285546	
1000	0.276000	0.997719	1000	0.276000	0.276000	0.285535	
1000	0.249000	0.997719	1000	0.249000	0.249000	0.285495	
1000	0.293000	0.997719	1000	0.293000	0.293000	0.285503	
1000	0.281000	0.997719	1000	0.281000	0.281000	0.285499	
1000	0.263000	0.997719	1000	0.263000	0.263000	0.285474	
1000	0.293000	0.997719	1000	0.293000	0.293000	0.285482	
1000	0.283000	0.997719	1000	0.283000	0.283000	0.285480	
1000	0.301000	0.997719	1000	0.301000	0.301000	0.285496	
1000	0.296000	0.997719	1000	0.296000	0.296000	0.285508	
1000	0.272000	0.997719	1000	0.272000	0.272000	0.285493	
1000	0.289000	0.997719	1000	0.289000	0.289000	0.285497	
1000	0.272000	0.997719	1000	0.272000	0.272000	0.285482	
1000	0.256000	0.997719	1000	0.256000	0.256000	0.285451	
1000	0.281000	0.997719	1000	0.281000	0.281000	0.285446	
1000	0.283000	0.997719	1000	0.283000	0.283000	0.285443	
1000	0.281000	0.997719	1000	0.281000	0.281000	0.285439	
1000	0.282000	0.997719	1000	0.282000	0.282000	0.285435	
1000	0.250000	0.997719	1000	0.250000	0.250000	0.285397	
1000	0.283000	0.997719	1000	0.283000	0.283000	0.285394	
1000	0.303000	0.997719	1000	0.303000	0.303000	0.285413	
1000	0.303000	0.997719	1000	0.303000	0.303000	0.285432	
1000	0.286000	0.997719	1000	0.286000	0.286000	0.285433	
1000	0.312000	0.997719	1000	0.312000	0.312000	0.285461	
1000	0.286000	0.997719	1000	0.286000	0.286000	0.285461	
1000	0.305000	0.997719	1000	0.305000	0.305000	0.285482	
1000	0.287000	0.997719	1000	0.287000	0.287000	0.285484	
1000	0.261000	0.997719	1000	0.261000	0.261000	0.285458	
1000	0.290000	0.997719	1000	0.290000	0.290000	0.285463	
1000	0.260000	0.997719	1000	0.260000	0.260000	0.285436	
1000	0.295000	0.997719	1000	0.295000	0.295000	0.285446	
1000	0.259000	0.997719	1000	0.259000	0.259000	0.285418	
1000	0.251000	0.997719	1000	0.251000	0.251000	0.285382	
1000	0.248000	0.997719	1000	0.248000	0.248000	0.285342	
1000	0.280000	0.997719	1000	0.280000	0.280000	0.285337	
1000	0.296000	0.997719	1000	0.296000	0.296000	0.285348	
1000	0.322000	0.997719	1000	0.322000	0.322000	0.285386	
1000	0.283000	0.997719	1000	0.283000	0.283000	0.285384	
1000	0.284000	0.997719	1000	0.284000	0.284000	0.285382	
1000	0.277000	0.997719	1000	0.277000	0.277000	0.285374	
1000	0.295000	0.997719	1000	0.295000	0.295000	0.285384	
1000	0.256000	0.997719	1000	0.256000	0.256000	0.285353	
1000	0.277000	0.997719	1000	0.277000	0.277000	0.285344	
1000	0.302000	0.997719	1000	0.302000	0.302000	0.285362	
1000	0.277000	0.997719	1000	0.277000	0.277000	0.285353	
1000	0.281000	0.997719	1000	0.281000	0.281000	0.285348	
1000	0.329000	0.997719	1000	0.329000	0.329000	0.285394	
1000	0.308000	0.997719	1000	0.308000	0.308000	0.285417	
1000	0.306000	0.997719	1000	0.306000	0.306000	0.285439	
1000	0.249000	0.997719	1000	0.249000	0.249000	0.285401	
1000	0.275000	0.997719	1000	0.275000	0.275000	0.285390	
1000	0.277000	0.997719	1000	0.277000	0.277000	0.285381	
1000	0.290000	0.997719	1000	0.290000	0.290000	0.285386	
1000	0.275000	0.997719	1000	0.275000	0.275000	0.285375	
1000	0.284000	0.997719	1000	0.284000	0.284000	0.285374	
1000	0.303000	0.997719	1000	0.303000	0.303000	0.285392	
1000	0.307000	0.997719	1000	0.307000	0.307000	0.285414	
1000	0.285000	0.997719	1000	0.285000	0.285000	0.285414	
1000	0.287000	0.997719	1000	0.287000	0.287000	0.285416	
1000	0.293000	0.997719	1000	0.293000	0.293000	0.285423	
1000	0.303000	0.997719	1000	0.303000	0.303000	0.285441	
1000	0.286000	0.997719	1000	0.286000	0.286000	0.285442	
1000	0.283000	0.997719	1000	0.283000	0.283000	0.285439	
1000	0.285000	0.997719	1000	0.285000	0.285000	0.285439	
1000	0.284000	0.997719	1000	0.284000	0.284000	0.285437	
1000	0.256000	0.997719	1000	0.256000	0.256000	0.285407	
1000	0.263000	0.997719	1000	0.263000	0.263000	0.285385	
1000	0.285000	0.997719	1000	0.285000	0.285000	0.285384	
1000	0.286000	0.997719	1000	0.286000	0.286000	0.285385	
1000	0.283000	0.997719	1000	0.283000	0.283000	0.285382	
1000	0.290000	0.997719	1000	0.290000	0.290000	0.285387	
1000	0.313000	0.997719	1000	0.313000	0.313000	0.285415	
1000	0.285000	0.997719	1000	0.285000	0.285000	0.285415	
1000	0.324000	0.997719	1000	0.324000	0.324000	0.285454	
1000	0.310000	0.997719	1000	0.310000	0.310000	0.285478	
1000	0.294000	0.997719	1000	0.294000	0.294000	0.285487	
1000	0.279000	0.997719	1000	0.279000	0.279000	0.285481	
1000	0.307000	0.997719	1000	0.307000	0.307000	0.285502	
1000	0.290000	0.997719	1000	0.290000	0.290000	0.285507	
1000	0.281000	0.997719	1000	0.281000	0.281000	0.285502	
1000	0.303000	0.997719	1000	0.303000	0.303000	0.285520	
1000	0.312000	0.997719	1000	0.312000	0.312000	0.285546	
1000	0.290000	0.997719	1000	0.290000	0.290000	0.285551	
1000	0.260000	0.997719	1000	0.260000	0.260000	0.285525	
1000	0.275000	0.997719	1000	0.275000	0.275000	0.285515	
1000	0.326000	0.997719	1000	0.326000	0.326000	0.285555	
1000	0.312000	0.997719	1000	0.312000	0.312000	0.285582	
1000	0.270000	0.997719	1000	0.270000	0.270000	0.285566	
1000	0.254000	0.997719	1000	0.254000	0.254000	0.285535	
1000	0.262000	0.997719	1000	0.262000	0.262000	0.285511	
1000	0.259000	0.997719	1000	0.259000	0.259000	0.285485	
1000	0.257000	0.997719	1000	0.257000	0.257000	0.285457	
1000	0.299000	0.997719	1000	0.299000	0.299000	0.285470	
1000	0.278000	0.997719	1000	0.278000	0.278000	0.285463	
1000	0.292000	0.997719	1000	0.292000	0.292000	0.285469	
