Default schedule
Rate	100.00
Rate Tried	% Accepted	Rates - Dev	Rates - Tried	Rates - Accepted	Sample Ave Acceptance	Total Ave Acceptance	
1000	0.243000	1.389586	1000	0.243000	0.243000	0.213344	
1000	0.264000	1.389586	1000	0.264000	0.264000	0.217565	
1000	0.261000	1.389586	1000	0.261000	0.261000	0.220906	
1000	0.239000	1.389586	1000	0.239000	0.239000	0.222198	
1000	0.250000	1.389586	1000	0.250000	0.250000	0.224052	
1000	0.273000	1.389586	1000	0.273000	0.273000	0.227111	
1000	0.275000	1.389586	1000	0.275000	0.275000	0.229928	
1000	0.237000	1.389586	1000	0.237000	0.237000	0.230321	
1000	0.227000	1.389586	1000	0.227000	0.227000	0.230146	
1000	0.235000	1.389586	1000	0.235000	0.235000	0.230388	
1000	0.236000	1.389586	1000	0.236000	0.236000	0.230656	
1000	0.225000	1.389586	1000	0.225000	0.225000	0.230399	
1000	0.243000	1.389586	1000	0.243000	0.243000	0.230946	
1000	0.255000	1.389586	1000	0.255000	0.255000	0.231949	
1000	0.233000	1.389586	1000	0.233000	0.233000	0.231991	
1000	0.227000	1.389586	1000	0.227000	0.227000	0.231799	
1000	0.235000	1.389586	1000	0.235000	0.235000	0.231917	
1000	0.240000	1.389586	1000	0.240000	0.240000	0.232206	
1000	0.286000	1.389586	1000	0.286000	0.286000	0.234061	
1000	0.228000	1.389586	1000	0.228000	0.228000	0.233859	
1000	0.252000	1.389586	1000	0.252000	0.252000	0.234444	
1000	0.222000	1.389586	1000	0.222000	0.222000	0.234055	
1000	0.228000	1.389586	1000	0.228000	0.228000	0.233872	
1000	0.224000	1.389586	1000	0.224000	0.224000	0.233581	
1000	0.247000	1.389586	1000	0.247000	0.247000	0.233965	
1000	0.263000	1.389586	1000	0.263000	0.263000	0.234771	
1000	0.246000	1.389586	1000	0.246000	0.246000	0.235075	
1000	0.262000	1.389586	1000	0.262000	0.262000	0.235783	
1000	0.264000	1.389586	1000	0.264000	0.264000	0.236507	
1000	0.232000	1.389586	1000	0.232000	0.232000	0.236394	
1000	0.231000	1.389586	1000	0.231000	0.231000	0.236263	
1000	0.253000	1.389586	1000	0.253000	0.253000	0.236661	
1000	0.250000	1.389586	1000	0.250000	0.250000	0.236971	
1000	0.233000	1.389586	1000	0.233000	0.233000	0.236881	
1000	0.247000	1.389586	1000	0.247000	0.247000	0.237106	
1000	0.213000	1.389586	1000	0.213000	0.213000	0.236582	
1000	0.230000	1.389586	1000	0.230000	0.230000	0.236442	
1000	0.259000	1.389586	1000	0.259000	0.259000	0.236912	
1000	0.254000	1.389586	1000	0.254000	0.254000	0.237260	
1000	0.265000	1.389586	1000	0.265000	0.265000	0.237815	
1000	0.222000	1.389586	1000	0.222000	0.222000	0.237505	
1000	0.280000	1.389586	1000	0.280000	0.280000	0.238322	
1000	0.258000	1.389586	1000	0.258000	0.258000	0.238694	
1000	0.233000	1.389586	1000	0.233000	0.233000	0.238588	
1000	0.229000	1.389586	1000	0.229000	0.229000	0.238414	
1000	0.243000	1.389586	1000	0.243000	0.243000	0.238496	
1000	0.241000	1.389586	1000	0.241000	0.241000	0.238540	
1000	0.251000	1.389586	1000	0.251000	0.251000	0.238755	
1000	0.269000	1.389586	1000	0.269000	0.269000	0.239267	
1000	0.257000	1.389586	1000	0.257000	0.257000	0.239563	
1000	0.233000	1.389586	1000	0.233000	0.233000	0.239455	
1000	0.200000	1.389586	1000	0.200000	0.200000	0.238819	
1000	0.274000	1.389586	1000	0.274000	0.274000	0.239377	
1000	0.248000	1.389586	1000	0.248000	0.248000	0.239512	
1000	0.277000	1.389586	1000	0.277000	0.277000	0.240089	
1000	0.261000	1.389586	1000	0.261000	0.261000	0.240405	
1000	0.236000	1.389586	1000	0.236000	0.236000	0.240340	
1000	0.273000	1.389586	1000	0.273000	0.273000	0.240820	
1000	0.281000	1.389586	1000	0.281000	0.281000	0.241402	
1000	0.234000	1.389586	1000	0.234000	0.234000	0.241297	
1000	0.246000	1.389586	1000	0.246000	0.246000	0.241363	
1000	0.251000	1.389586	1000	0.251000	0.251000	0.241497	
1000	0.246000	1.389586	1000	0.246000	0.246000	0.241558	
1000	0.218000	1.389586	1000	0.218000	0.218000	0.241240	
1000	0.222000	1.389586	1000	0.222000	0.222000	0.240983	
1000	0.263000	1.389586	1000	0.263000	0.263000	0.241273	
1000	0.219000	1.389586	1000	0.219000	0.219000	0.240984	
1000	0.269000	1.389586	1000	0.269000	0.269000	0.241343	
1000	0.249000	1.389586	1000	0.249000	0.249000	0.241440	
1000	0.252000	1.389586	1000	0.252000	0.252000	0.241572	
1000	0.281000	1.389586	1000	0.281000	0.281000	0.242059	
1000	0.230000	1.389586	1000	0.230000	0.230000	0.241912	
1000	0.230000	1.389586	1000	0.230000	0.230000	0.241768	
1000	0.235000	1.389586	1000	0.235000	0.235000	0.241688	
1000	0.246000	1.389586	1000	0.246000	0.246000	0.241738	
1000	0.233000	1.389586	1000	0.233000	0.233000	0.241637	
1000	0.235000	1.389586	1000	0.235000	0.235000	0.241560	
1000	0.244000	1.389586	1000	0.244000	0.244000	0.241588	
1000	0.228000	1.389586	1000	0.228000	0.228000	0.241435	
1000	0.234000	1.389586	1000	0.234000	0.234000	0.241353	
1000	0.261000	1.389586	1000	0.261000	0.261000	0.241569	
1000	0.246000	1.389586	1000	0.246000	0.246000	0.241617	
1000	0.226000	1.389586	1000	0.226000	0.226000	0.241449	
1000	0.215000	1.389586	1000	0.215000	0.215000	0.241168	
1000	0.220000	1.389586	1000	0.220000	0.220000	0.240945	
1000	0.253000	1.389586	1000	0.253000	0.253000	0.241070	
1000	0.246000	1.389586	1000	0.246000	0.246000	0.241121	
1000	0.248000	1.389586	1000	0.248000	0.248000	0.241191	
1000	0.245000	1.389586	1000	0.245000	0.245000	0.241230	
1000	0.235000	1.389586	1000	0.235000	0.235000	0.241168	
1000	0.248000	1.389586	1000	0.248000	0.248000	0.241235	
1000	0.244000	1.389586	1000	0.244000	0.244000	0.241262	
1000	0.236000	1.389586	1000	0.236000	0.236000	0.241211	
1000	0.275000	1.389586	1000	0.275000	0.275000	0.241536	
1000	0.248000	1.389586	1000	0.248000	0.248000	0.241598	
1000	0.251000	1.389586	1000	0.251000	0.251000	0.241686	
1000	0.245000	1.389586	1000	0.245000	0.245000	0.241717	
1000	0.257000	1.389586	1000	0.257000	0.257000	0.241859	
1000	0.235000	1.389586	1000	0.235000	0.235000	0.241796	
1000	0.235000	1.389586	1000	0.235000	0.235000	0.241734	
1000	0.254000	1.389586	1000	0.254000	0.254000	0.241845	
1000	0.236000	1.389586	1000	0.236000	0.236000	0.241792	
1000	0.228000	1.389586	1000	0.228000	0.228000	0.241670	
1000	0.228000	1.389586	1000	0.228000	0.228000	0.241551	
1000	0.246000	1.389586	1000	0.246000	0.246000	0.241589	
1000	0.261000	1.389586	1000	0.261000	0.261000	0.241757	
1000	0.197000	1.389586	1000	0.197000	0.197000	0.241374	
1000	0.485000	0.722390	1000	0.485000	0.485000	0.243439	
1000	0.423000	0.913933	1000	0.423000	0.423000	0.244948	
1000	0.416000	0.939039	1000	0.416000	0.416000	0.246373	
1000	0.136000	1.803075	1000	0.136000	0.136000	0.245461	
1000	0.364000	1.128458	1000	0.364000	0.364000	0.246432	
1000	0.333000	1.128458	1000	0.333000	0.333000	0.247136	
1000	0.368000	1.128458	1000	0.368000	0.368000	0.248111	
1000	0.333000	1.128458	1000	0.333000	0.333000	0.248790	
1000	0.326000	1.128458	1000	0.326000	0.326000	0.249403	
1000	0.339000	1.128458	1000	0.339000	0.339000	0.250108	
1000	0.330000	1.128458	1000	0.330000	0.330000	0.250732	
1000	0.330000	1.128458	1000	0.330000	0.330000	0.251347	
1000	0.279000	1.128458	1000	0.279000	0.279000	0.251560	
1000	0.343000	1.128458	1000	0.343000	0.343000	0.252258	
1000	0.311000	1.128458	1000	0.311000	0.311000	0.252703	
1000	0.342000	1.128458	1000	0.342000	0.342000	0.253374	
1000	0.326000	1.128458	1000	0.326000	0.326000	0.253916	
1000	0.320000	1.128458	1000	0.320000	0.320000	0.254406	
1000	0.334000	1.128458	1000	0.334000	0.334000	0.254991	
1000	0.342000	1.128458	1000	0.342000	0.342000	0.255626	
1000	0.326000	1.128458	1000	0.326000	0.326000	0.256136	
1000	0.318000	1.128458	1000	0.318000	0.318000	0.256581	
1000	0.357000	1.128458	1000	0.357000	0.357000	0.257298	
1000	0.344000	1.128458	1000	0.344000	0.344000	0.257913	
1000	0.341000	1.128458	1000	0.341000	0.341000	0.258498	
1000	0.312000	1.128458	1000	0.312000	0.312000	0.258872	
1000	0.325000	1.128458	1000	0.325000	0.325000	0.259332	
1000	0.326000	1.128458	1000	0.326000	0.326000	0.259791	
1000	0.317000	1.128458	1000	0.317000	0.317000	0.260183	
1000	0.320000	1.128458	1000	0.320000	0.320000	0.260590	
1000	0.314000	1.128458	1000	0.314000	0.314000	0.260951	
1000	0.336000	1.128458	1000	0.336000	0.336000	0.261455	
1000	0.321000	1.128458	1000	0.321000	0.321000	0.261852	
1000	0.348000	1.128458	1000	0.348000	0.348000	0.262422	
1000	0.343000	1.128458	1000	0.343000	0.343000	0.262952	
1000	0.349000	1.128458	1000	0.349000	0.349000	0.263515	
1000	0.346000	1.128458	1000	0.346000	0.346000	0.264050	
1000	0.331000	1.128458	1000	0.331000	0.331000	0.264482	
1000	0.351000	1.128458	1000	0.351000	0.351000	0.265037	
1000	0.343000	1.128458	1000	0.343000	0.343000	0.265533	
1000	0.359000	1.128458	1000	0.359000	0.359000	0.266125	
1000	0.331000	1.128458	1000	0.331000	0.331000	0.266533	
1000	0.340000	1.128458	1000	0.340000	0.340000	0.266992	
1000	0.324000	1.128458	1000	0.324000	0.324000	0.267346	
1000	0.321000	1.128458	1000	0.321000	0.321000	0.267677	
1000	0.318000	1.128458	1000	0.318000	0.318000	0.267986	
1000	0.302000	1.128458	1000	0.302000	0.302000	0.268193	
1000	0.334000	1.128458	1000	0.334000	0.334000	0.268592	
1000	0.321000	1.128458	1000	0.321000	0.321000	0.268908	
1000	0.347000	1.128458	1000	0.347000	0.347000	0.269376	
1000	0.341000	1.128458	1000	0.341000	0.341000	0.269802	
1000	0.312000	1.128458	1000	0.312000	0.312000	0.270052	
1000	0.325000	1.128458	1000	0.325000	0.325000	0.270375	
1000	0.292000	1.128458	1000	0.292000	0.292000	0.270501	
1000	0.318000	1.128458	1000	0.318000	0.318000	0.270777	
1000	0.364000	1.128458	1000	0.364000	0.364000	0.271316	
1000	0.303000	1.128458	1000	0.303000	0.303000	0.271498	
1000	0.339000	1.128458	1000	0.339000	0.339000	0.271884	
1000	0.298000	1.128458	1000	0.298000	0.298000	0.272033	
1000	0.336000	1.128458	1000	0.336000	0.336000	0.272394	
1000	0.311000	1.128458	1000	0.311000	0.311000	0.272611	
1000	0.315000	1.128458	1000	0.315000	0.315000	0.272848	
1000	0.299000	1.128458	1000	0.299000	0.299000	0.272993	
1000	0.349000	1.128458	1000	0.349000	0.349000	0.273413	
1000	0.348000	1.128458	1000	0.348000	0.348000	0.273823	
1000	0.337000	1.128458	1000	0.337000	0.337000	0.274168	
1000	0.315000	1.128458	1000	0.315000	0.315000	0.274390	
1000	0.314000	1.128458	1000	0.314000	0.314000	0.274604	
1000	0.332000	1.128458	1000	0.332000	0.332000	0.274913	
1000	0.340000	1.128458	1000	0.340000	0.340000	0.275261	
1000	0.366000	1.128458	1000	0.366000	0.366000	0.275743	
1000	0.302000	1.128458	1000	0.302000	0.302000	0.275882	
1000	0.326000	1.128458	1000	0.326000	0.326000	0.276146	
1000	0.311000	1.128458	1000	0.311000	0.311000	0.276328	
1000	0.314000	1.128458	1000	0.314000	0.314000	0.276525	
1000	0.348000	1.128458	1000	0.348000	0.348000	0.276895	
1000	0.323000	1.128458	1000	0.323000	0.323000	0.277133	
1000	0.338000	1.128458	1000	0.338000	0.338000	0.277445	
1000	0.319000	1.128458	1000	0.319000	0.319000	0.277657	
1000	0.309000	1.128458	1000	0.309000	0.309000	0.277816	
1000	0.362000	1.128458	1000	0.362000	0.362000	0.278241	
1000	0.339000	1.128458	1000	0.339000	0.339000	0.278546	
1000	0.328000	1.128458	1000	0.328000	0.328000	0.278794	
1000	0.327000	1.128458	1000	0.327000	0.327000	0.279033	
1000	0.336000	1.128458	1000	0.336000	0.336000	0.279315	
1000	0.326000	1.128458	1000	0.326000	0.326000	0.279545	
1000	0.321000	1.128458	1000	0.321000	0.321000	0.279749	
1000	0.349000	1.128458	1000	0.349000	0.349000	0.280086	
1000	0.312000	1.128458	1000	0.312000	0.312000	0.280241	
1000	0.313000	1.128458	1000	0.313000	0.313000	0.280400	
1000	0.317000	1.128458	1000	0.317000	0.317000	0.280576	
1000	0.304000	1.128458	1000	0.304000	0.304000	0.280688	
1000	0.299000	1.128458	1000	0.299000	0.299000	0.280775	
1000	0.332000	1.128458	1000	0.332000	0.332000	0.281018	
1000	0.312000	1.128458	1000	0.312000	0.312000	0.281164	
1000	0.288000	1.128458	1000	0.288000	0.288000	0.281196	
1000	0.340000	1.128458	1000	0.340000	0.340000	0.281471	
1000	0.333000	1.128458	1000	0.333000	0.333000	0.281710	
1000	0.299000	1.128458	1000	0.299000	0.299000	0.281790	
1000	0.312000	1.128458	1000	0.312000	0.312000	0.281930	
1000	0.308000	1.128458	1000	0.308000	0.308000	0.282049	
1000	0.307000	1.128458	1000	0.307000	0.307000	0.282163	
1000	0.311000	1.128458	1000	0.311000	0.311000	0.282294	
1000	0.326000	1.128458	1000	0.326000	0.326000	0.282492	
1000	0.333000	1.128458	1000	0.333000	0.333000	0.282719	
1000	0.339000	1.128458	1000	0.339000	0.339000	0.282972	
1000	0.310000	1.128458	1000	0.310000	0.310000	0.283092	
1000	0.323000	1.128458	1000	0.323000	0.323000	0.283270	
1000	0.345000	1.128458	1000	0.345000	0.345000	0.283543	
1000	0.334000	1.128458	1000	0.334000	0.334000	0.283765	
1000	0.324000	1.128458	1000	0.324000	0.324000	0.283942	
1000	0.309000	1.128458	1000	0.309000	0.309000	0.284051	
1000	0.294000	1.128458	1000	0.294000	0.294000	0.284094	
1000	0.330000	1.128458	1000	0.330000	0.330000	0.284293	
1000	0.357000	1.128458	1000	0.357000	0.357000	0.284607	
1000	0.352000	1.128458	1000	0.352000	0.352000	0.284896	
1000	0.326000	1.128458	1000	0.326000	0.326000	0.285071	
1000	0.330000	1.128458	1000	0.330000	0.330000	0.285263	
1000	0.348000	1.128458	1000	0.348000	0.348000	0.285528	
1000	0.320000	1.128458	1000	0.320000	0.320000	0.285674	
1000	0.330000	1.128458	1000	0.330000	0.330000	0.285860	
1000	0.330000	1.128458	1000	0.330000	0.330000	0.286045	
1000	0.324000	1.128458	1000	0.324000	0.324000	0.286203	
1000	0.342000	1.128458	1000	0.342000	0.342000	0.286434	
1000	0.345000	1.128458	1000	0.345000	0.345000	0.286677	
1000	0.329000	1.128458	1000	0.329000	0.329000	0.286851	
1000	0.353000	1.128458	1000	0.353000	0.353000	0.287122	
1000	0.330000	1.128458	1000	0.330000	0.330000	0.287297	
1000	0.313000	1.128458	1000	0.313000	0.313000	0.287401	
1000	0.344000	1.128458	1000	0.344000	0.344000	0.287630	
1000	0.353000	1.128458	1000	0.353000	0.353000	0.287894	
1000	0.290000	1.128458	1000	0.290000	0.290000	0.287902	
1000	0.329000	1.128458	1000	0.329000	0.329000	0.288067	
1000	0.314000	1.128458	1000	0.314000	0.314000	0.288170	
1000	0.325000	1.128458	1000	0.325000	0.325000	0.288316	
1000	0.348000	1.128458	1000	0.348000	0.348000	0.288552	
1000	0.334000	1.128458	1000	0.334000	0.334000	0.288731	
1000	0.319000	1.128458	1000	0.319000	0.319000	0.288850	
1000	0.312000	1.128458	1000	0.312000	0.312000	0.288940	
1000	0.341000	1.128458	1000	0.341000	0.341000	0.289143	
1000	0.318000	1.128458	1000	0.318000	0.318000	0.289255	
1000	0.338000	1.128458	1000	0.338000	0.338000	0.289443	
1000	0.332000	1.128458	1000	0.332000	0.332000	0.289607	
1000	0.324000	1.128458	1000	0.324000	0.324000	0.289738	
1000	0.297000	1.128458	1000	0.297000	0.297000	0.289766	
1000	0.315000	1.128458	1000	0.315000	0.315000	0.289862	
1000	0.346000	1.128458	1000	0.346000	0.346000	0.290075	
1000	0.329000	1.128458	1000	0.329000	0.329000	0.290222	
1000	0.339000	1.128458	1000	0.339000	0.339000	0.290405	
1000	0.327000	1.128458	1000	0.327000	0.327000	0.290542	
1000	0.322000	1.128458	1000	0.322000	0.322000	0.290659	
1000	0.311000	1.128458	1000	0.311000	0.311000	0.290735	
1000	0.323000	1.128458	1000	0.323000	0.323000	0.290854	
1000	0.331000	1.128458	1000	0.331000	0.331000	0.291003	
1000	0.320000	1.128458	1000	0.320000	0.320000	0.291109	
1000	0.325000	1.128458	1000	0.325000	0.325000	0.291233	
1000	0.329000	1.128458	1000	0.329000	0.329000	0.291371	
1000	0.325000	1.128458	1000	0.325000	0.325000	0.291493	
1000	0.325000	1.128458	1000	0.325000	0.325000	0.291615	
1000	0.336000	1.128458	1000	0.336000	0.336000	0.291775	
1000	0.337000	1.128458	1000	0.337000	0.337000	0.291938	
1000	0.333000	1.128458	1000	0.333000	0.333000	0.292085	
1000	0.369000	1.128458	1000	0.369000	0.369000	0.292360	
1000	0.310000	1.128458	1000	0.310000	0.310000	0.292422	
1000	0.332000	1.128458	1000	0.332000	0.332000	0.292563	
1000	0.305000	1.128458	1000	0.305000	0.305000	0.292607	
1000	0.350000	1.128458	1000	0.350000	0.350000	0.292809	
1000	0.311000	1.128458	1000	0.311000	0.311000	0.292873	
1000	0.333000	1.128458	1000	0.333000	0.333000	0.293013	
1000	0.287000	1.128458	1000	0.287000	0.287000	0.292992	
1000	0.316000	1.128458	1000	0.316000	0.316000	0.293072	
1000	0.341000	1.128458	1000	0.341000	0.341000	0.293238	
1000	0.336000	1.128458	1000	0.336000	0.336000	0.293385	
1000	0.315000	1.128458	1000	0.315000	0.315000	0.293459	
1000	0.332000	1.128458	1000	0.332000	0.332000	0.293591	
1000	0.335000	1.128458	1000	0.335000	0.335000	0.293733	
1000	0.276000	1.128458	1000	0.276000	0.276000	0.293672	
1000	0.312000	1.128458	1000	0.312000	0.312000	0.293735	
1000	0.333000	1.128458	1000	0.333000	0.333000	0.293867	
1000	0.337000	1.128458	1000	0.337000	0.337000	0.294012	
1000	0.350000	1.128458	1000	0.350000	0.350000	0.294200	
1000	0.332000	1.128458	1000	0.332000	0.332000	0.294327	
1000	0.344000	1.128458	1000	0.344000	0.344000	0.294492	
1000	0.331000	1.128458	1000	0.331000	0.331000	0.294614	
1000	0.331000	1.128458	1000	0.331000	0.331000	0.294734	
1000	0.320000	1.128458	1000	0.320000	0.320000	0.294818	
1000	0.302000	1.128458	1000	0.302000	0.302000	0.294841	
1000	0.340000	1.128458	1000	0.340000	0.340000	0.294989	
1000	0.308000	1.128458	1000	0.308000	0.308000	0.295032	
1000	0.332000	1.128458	1000	0.332000	0.332000	0.295152	
1000	0.332000	1.128458	1000	0.332000	0.332000	0.295272	
1000	0.320000	1.128458	1000	0.320000	0.320000	0.295352	
1000	0.350000	1.128458	1000	0.350000	0.350000	0.295528	
1000	0.338000	1.128458	1000	0.338000	0.338000	0.295665	
1000	0.319000	1.128458	1000	0.319000	0.319000	0.295739	
1000	0.342000	1.128458	1000	0.342000	0.342000	0.295887	
1000	0.367000	1.128458	1000	0.367000	0.367000	0.296114	
1000	0.289000	1.128458	1000	0.289000	0.289000	0.296091	
1000	0.342000	1.128458	1000	0.342000	0.342000	0.296236	
1000	0.339000	1.128458	1000	0.339000	0.339000	0.296371	
1000	0.344000	1.128458	1000	0.344000	0.344000	0.296521	
1000	0.340000	1.128458	1000	0.340000	0.340000	0.296657	
1000	0.328000	1.128458	1000	0.328000	0.328000	0.296755	
1000	0.326000	1.128458	1000	0.326000	0.326000	0.296846	
1000	0.296000	1.128458	1000	0.296000	0.296000	0.296844	
1000	0.337000	1.128458	1000	0.337000	0.337000	0.296968	
1000	0.333000	1.128458	1000	0.333000	0.333000	0.297079	
1000	0.327000	1.128458	1000	0.327000	0.327000	0.297171	
1000	0.313000	1.128458	1000	0.313000	0.313000	0.297220	
1000	0.368000	1.128458	1000	0.368000	0.368000	0.297436	
1000	0.315000	1.128458	1000	0.315000	0.315000	0.297490	
1000	0.317000	1.128458	1000	0.317000	0.317000	0.297549	
1000	0.377000	1.128458	1000	0.377000	0.377000	0.297790	
1000	0.318000	1.128458	1000	0.318000	0.318000	0.297851	
1000	0.314000	1.128458	1000	0.314000	0.314000	0.297900	
1000	0.285000	1.128458	1000	0.285000	0.285000	0.297861	
1000	0.334000	1.128458	1000	0.334000	0.334000	0.297969	
1000	0.342000	1.128458	1000	0.342000	0.342000	0.298101	
1000	0.320000	1.128458	1000	0.320000	0.320000	0.298166	
1000	0.335000	1.128458	1000	0.335000	0.335000	0.298275	
1000	0.304000	1.128458	1000	0.304000	0.304000	0.298292	
1000	0.309000	1.128458	1000	0.309000	0.309000	0.298324	
1000	0.334000	1.128458	1000	0.334000	0.334000	0.298429	
1000	0.333000	1.128458	1000	0.333000	0.333000	0.298530	
1000	0.320000	1.128458	1000	0.320000	0.320000	0.298593	
1000	0.356000	1.128458	1000	0.356000	0.356000	0.298760	
1000	0.327000	1.128458	1000	0.327000	0.327000	0.298842	
1000	0.324000	1.128458	1000	0.324000	0.324000	0.298915	
1000	0.309000	1.128458	1000	0.309000	0.309000	0.298944	
1000	0.354000	1.128458	1000	0.354000	0.354000	0.299103	
1000	0.347000	1.128458	1000	0.347000	0.347000	0.299241	
1000	0.321000	1.128458	1000	0.321000	0.321000	0.299303	
1000	0.342000	1.128458	1000	0.342000	0.342000	0.299425	
1000	0.355000	1.128458	1000	0.355000	0.355000	0.299583	
1000	0.349000	1.128458	1000	0.349000	0.349000	0.299724	
1000	0.323000	1.128458	1000	0.323000	0.323000	0.299790	
1000	0.313000	1.128458	1000	0.313000	0.313000	0.299827	
1000	0.292000	1.128458	1000	0.292000	0.292000	0.299805	
1000	0.316000	1.128458	1000	0.316000	0.316000	0.299850	
1000	0.289000	1.128458	1000	0.289000	0.289000	0.299820	
1000	0.350000	1.128458	1000	0.350000	0.350000	0.299960	
1000	0.346000	1.128458	1000	0.346000	0.346000	0.300088	
1000	0.330000	1.128458	1000	0.330000	0.330000	0.300171	
1000	0.344000	1.128458	1000	0.344000	0.344000	0.300293	
1000	0.329000	1.128458	1000	0.329000	0.329000	0.300372	
1000	0.324000	1.128458	1000	0.324000	0.324000	0.300437	
1000	0.286000	1.128458	1000	0.286000	0.286000	0.300398	
1000	0.313000	1.128458	1000	0.313000	0.313000	0.300432	
1000	0.298000	1.128458	1000	0.298000	0.298000	0.300425	
1000	0.347000	1.128458	1000	0.347000	0.347000	0.300552	
1000	0.360000	1.128458	1000	0.360000	0.360000	0.300714	
1000	0.282000	1.128458	1000	0.282000	0.282000	0.300663	
1000	0.322000	1.128458	1000	0.322000	0.322000	0.300721	
1000	0.315000	1.128458	1000	0.315000	0.315000	0.300759	
1000	0.327000	1.128458	1000	0.327000	0.327000	0.300830	
1000	0.314000	1.128458	1000	0.314000	0.314000	0.300865	
1000	0.359000	1.128458	1000	0.359000	0.359000	0.301021	
1000	0.314000	1.128458	1000	0.314000	0.314000	0.301055	
1000	0.353000	1.128458	1000	0.353000	0.353000	0.301193	
1000	0.292000	1.128458	1000	0.292000	0.292000	0.301169	
1000	0.357000	1.128458	1000	0.357000	0.357000	0.301317	
1000	0.364000	1.128458	1000	0.364000	0.364000	0.301482	
1000	0.323000	1.128458	1000	0.323000	0.323000	0.301539	
1000	0.332000	1.128458	1000	0.332000	0.332000	0.301619	
1000	0.325000	1.128458	1000	0.325000	0.325000	0.301680	
1000	0.309000	1.128458	1000	0.309000	0.309000	0.301699	
1000	0.327000	1.128458	1000	0.327000	0.327000	0.301765	
1000	0.317000	1.128458	1000	0.317000	0.317000	0.301804	
1000	0.345000	1.128458	1000	0.345000	0.345000	0.301916	
1000	0.342000	1.128458	1000	0.342000	0.342000	0.302020	
1000	0.310000	1.128458	1000	0.310000	0.310000	0.302040	
1000	0.319000	1.128458	1000	0.319000	0.319000	0.302084	
1000	0.330000	1.128458	1000	0.330000	0.330000	0.302156	
1000	0.332000	1.128458	1000	0.332000	0.332000	0.302232	
1000	0.334000	1.128458	1000	0.334000	0.334000	0.302313	
1000	0.314000	1.128458	1000	0.314000	0.314000	0.302343	
1000	0.336000	1.128458	1000	0.336000	0.336000	0.302428	
1000	0.328000	1.128458	1000	0.328000	0.328000	0.302493	
1000	0.324000	1.128458	1000	0.324000	0.324000	0.302547	
1000	0.339000	1.128458	1000	0.339000	0.339000	0.302639	
1000	0.350000	1.128458	1000	0.350000	0.350000	0.302758	
1000	0.338000	1.128458	1000	0.338000	0.338000	0.302846	
1000	0.351000	1.128458	1000	0.351000	0.351000	0.302967	
1000	0.346000	1.128458	1000	0.346000	0.346000	0.303074	
1000	0.335000	1.128458	1000	0.335000	0.335000	0.303153	
1000	0.325000	1.128458	1000	0.325000	0.325000	0.303208	
1000	0.342000	1.128458	1000	0.342000	0.342000	0.303304	
1000	0.327000	1.128458	1000	0.327000	0.327000	0.303362	
1000	0.326000	1.128458	1000	0.326000	0.326000	0.303418	
1000	0.322000	1.128458	1000	0.322000	0.322000	0.303464	
1000	0.324000	1.128458	1000	0.324000	0.324000	0.303514	
1000	0.355000	1.128458	1000	0.355000	0.355000	0.303640	
1000	0.307000	1.128458	1000	0.307000	0.307000	0.303648	
1000	0.337000	1.128458	1000	0.337000	0.337000	0.303729	
1000	0.343000	1.128458	1000	0.343000	0.343000	0.303825	
1000	0.364000	1.128458	1000	0.364000	0.364000	0.303970	
1000	0.322000	1.128458	1000	0.322000	0.322000	0.304014	
1000	0.324000	1.128458	1000	0.324000	0.324000	0.304062	
1000	0.337000	1.128458	1000	0.337000	0.337000	0.304141	
1000	0.321000	1.128458	1000	0.321000	0.321000	0.304182	
1000	0.316000	1.128458	1000	0.316000	0.316000	0.304210	
1000	0.311000	1.128458	1000	0.311000	0.311000	0.304226	
1000	0.326000	1.128458	1000	0.326000	0.326000	0.304278	
1000	0.306000	1.128458	1000	0.306000	0.306000	0.304282	
1000	0.285000	1.128458	1000	0.285000	0.285000	0.304236	
1000	0.333000	1.128458	1000	0.333000	0.333000	0.304304	
1000	0.350000	1.128458	1000	0.350000	0.350000	0.304412	
1000	0.310000	1.128458	1000	0.310000	0.310000	0.304425	
1000	0.335000	1.128458	1000	0.335000	0.335000	0.304497	
1000	0.344000	1.128458	1000	0.344000	0.344000	0.304589	
1000	0.313000	1.128458	1000	0.313000	0.313000	0.304609	
1000	0.329000	1.128458	1000	0.329000	0.329000	0.304666	
1000	0.344000	1.128458	1000	0.344000	0.344000	0.304757	
1000	0.319000	1.128458	1000	0.319000	0.319000	0.304790	
1000	0.340000	1.128458	1000	0.340000	0.340000	0.304872	
1000	0.325000	1.128458	1000	0.325000	0.325000	0.304918	
1000	0.303000	1.128458	1000	0.303000	0.303000	0.304914	
1000	0.274000	1.128458	1000	0.274000	0.274000	0.304843	
1000	0.324000	1.128458	1000	0.324000	0.324000	0.304887	
1000	0.332000	1.128458	1000	0.332000	0.332000	0.304949	
1000	0.322000	1.128458	1000	0.322000	0.322000	0.304988	
1000	0.321000	1.128458	1000	0.321000	0.321000	0.305024	
1000	0.313000	1.128458	1000	0.313000	0.313000	0.305042	
1000	0.370000	1.128458	1000	0.370000	0.370000	0.305190	
1000	0.308000	1.128458	1000	0.308000	0.308000	0.305196	
1000	0.309000	1.128458	1000	0.309000	0.309000	0.305205	
1000	0.348000	1.128458	1000	0.348000	0.348000	0.305301	
1000	0.309000	1.128458	1000	0.309000	0.309000	0.305309	
1000	0.344000	1.128458	1000	0.344000	0.344000	0.305396	
1000	0.361000	1.128458	1000	0.361000	0.361000	0.305521	
1000	0.336000	1.128458	1000	0.336000	0.336000	0.305589	
1000	0.326000	1.128458	1000	0.326000	0.326000	0.305634	
1000	0.301000	1.128458	1000	0.301000	0.301000	0.305624	
1000	0.347000	1.128458	1000	0.347000	0.347000	0.305716	
1000	0.366000	1.128458	1000	0.366000	0.366000	0.305849	
1000	0.352000	1.128458	1000	0.352000	0.352000	0.305951	
1000	0.339000	1.128458	1000	0.339000	0.339000	0.306024	
1000	0.321000	1.128458	1000	0.321000	0.321000	0.306056	
1000	0.330000	1.128458	1000	0.330000	0.330000	0.306109	
1000	0.335000	1.128458	1000	0.335000	0.335000	0.306172	
1000	0.328000	1.128458	1000	0.328000	0.328000	0.306220	
1000	0.317000	1.128458	1000	0.317000	0.317000	0.306243	
1000	0.326000	1.128458	1000	0.326000	0.326000	0.306286	
1000	0.332000	1.128458	1000	0.332000	0.332000	0.306342	
1000	0.358000	1.128458	1000	0.358000	0.358000	0.306454	
1000	0.354000	1.128458	1000	0.354000	0.354000	0.306557	
1000	0.309000	1.128458	1000	0.309000	0.309000	0.306562	
1000	0.315000	1.128458	1000	0.315000	0.315000	0.306580	
1000	0.338000	1.128458	1000	0.338000	0.338000	0.306647	
1000	0.346000	1.128458	1000	0.346000	0.346000	0.306732	
1000	0.347000	1.128458	1000	0.347000	0.347000	0.306818	
1000	0.331000	1.128458	1000	0.331000	0.331000	0.306869	
1000	0.337000	1.128458	1000	0.337000	0.337000	0.306933	
1000	0.349000	1.128458	1000	0.349000	0.349000	0.307023	
1000	0.335000	1.128458	1000	0.335000	0.335000	0.307082	
1000	0.342000	1.128458	1000	0.342000	0.342000	0.307156	
1000	0.316000	1.128458	1000	0.316000	0.316000	0.307174	
1000	0.344000	1.128458	1000	0.344000	0.344000	0.307252	
1000	0.315000	1.128458	1000	0.315000	0.315000	0.307268	
1000	0.349000	1.128458	1000	0.349000	0.349000	0.307356	
1000	0.318000	1.128458	1000	0.318000	0.318000	0.307378	
1000	0.321000	1.128458	1000	0.321000	0.321000	0.307406	
1000	0.343000	1.128458	1000	0.343000	0.343000	0.307481	
1000	0.368000	1.128458	1000	0.368000	0.368000	0.307606	
1000	0.331000	1.128458	1000	0.331000	0.331000	0.307655	
1000	0.299000	1.128458	1000	0.299000	0.299000	0.307637	
1000	0.326000	1.128458	1000	0.326000	0.326000	0.307675	
1000	0.306000	1.128458	1000	0.306000	0.306000	0.307672	
1000	0.352000	1.128458	1000	0.352000	0.352000	0.307763	
1000	0.306000	1.128458	1000	0.306000	0.306000	0.307759	
1000	0.306000	1.128458	1000	0.306000	0.306000	0.307756	
1000	0.353000	1.128458	1000	0.353000	0.353000	0.307848	
1000	0.320000	1.128458	1000	0.320000	0.320000	0.307873	
1000	0.344000	1.128458	1000	0.344000	0.344000	0.307946	
1000	0.333000	1.128458	1000	0.333000	0.333000	0.307997	
1000	0.331000	1.128458	1000	0.331000	0.331000	0.308044	
1000	0.326000	1.128458	1000	0.326000	0.326000	0.308080	
1000	0.282000	1.128458	1000	0.282000	0.282000	0.308028	
1000	0.327000	1.128458	1000	0.327000	0.327000	0.308066	
1000	0.331000	1.128458	1000	0.331000	0.331000	0.308112	
1000	0.329000	1.128458	1000	0.329000	0.329000	0.308154	
1000	0.312000	1.128458	1000	0.312000	0.312000	0.308162	
1000	0.344000	1.128458	1000	0.344000	0.344000	0.308233	
1000	0.347000	1.128458	1000	0.347000	0.347000	0.308311	
1000	0.306000	1.128458	1000	0.306000	0.306000	0.308306	
1000	0.324000	1.128458	1000	0.324000	0.324000	0.308337	
1000	0.337000	1.128458	1000	0.337000	0.337000	0.308394	
1000	0.318000	1.128458	1000	0.318000	0.318000	0.308413	
1000	0.345000	1.128458	1000	0.345000	0.345000	0.308486	
1000	0.344000	1.128458	1000	0.344000	0.344000	0.308556	
1000	0.311000	1.128458	1000	0.311000	0.311000	0.308560	
1000	0.326000	1.128458	1000	0.326000	0.326000	0.308595	
1000	0.321000	1.128458	1000	0.321000	0.321000	0.308619	
1000	0.374000	1.128458	1000	0.374000	0.374000	0.308747	
1000	0.377000	1.128458	1000	0.377000	0.377000	0.308880	
1000	0.318000	1.128458	1000	0.318000	0.318000	0.308898	
1000	0.313000	1.128458	1000	0.313000	0.313000	0.308906	
1000	0.361000	1.128458	1000	0.361000	0.361000	0.309007	
1000	0.320000	1.128458	1000	0.320000	0.320000	0.309028	
1000	0.314000	1.128458	1000	0.314000	0.314000	0.309038	
1000	0.351000	1.128458	1000	0.351000	0.351000	0.309119	
1000	0.324000	1.128458	1000	0.324000	0.324000	0.309148	
1000	0.318000	1.128458	1000	0.318000	0.318000	0.309165	
1000	0.327000	1.128458	1000	0.327000	0.327000	0.309199	
1000	0.339000	1.128458	1000	0.339000	0.339000	0.309256	
1000	0.330000	1.128458	1000	0.330000	0.330000	0.309296	
1000	0.341000	1.128458	1000	0.341000	0.341000	0.309356	
1000	0.309000	1.128458	1000	0.309000	0.309000	0.309356	
1000	0.321000	1.128458	1000	0.321000	0.321000	0.309378	
1000	0.297000	1.128458	1000	0.297000	0.297000	0.309354	
1000	0.303000	1.128458	1000	0.303000	0.303000	0.309342	
1000	0.315000	1.128458	1000	0.315000	0.315000	0.309353	
1000	0.312000	1.128458	1000	0.312000	0.312000	0.309358	
1000	0.343000	1.128458	1000	0.343000	0.343000	0.309421	
1000	0.340000	1.128458	1000	0.340000	0.340000	0.309479	
1000	0.337000	1.128458	1000	0.337000	0.337000	0.309530	
1000	0.303000	1.128458	1000	0.303000	0.303000	0.309518	
1000	0.324000	1.128458	1000	0.324000	0.324000	0.309545	
1000	0.345000	1.128458	1000	0.345000	0.345000	0.309611	
1000	0.364000	1.128458	1000	0.364000	0.364000	0.309713	
1000	0.307000	1.128458	1000	0.307000	0.307000	0.309708	
1000	0.335000	1.128458	1000	0.335000	0.335000	0.309755	
1000	0.333000	1.128458	1000	0.333000	0.333000	0.309798	
1000	0.335000	1.128458	1000	0.335000	0.335000	0.309844	
1000	0.350000	1.128458	1000	0.350000	0.350000	0.309918	
1000	0.299000	1.128458	1000	0.299000	0.299000	0.309898	
1000	0.306000	1.128458	1000	0.306000	0.306000	0.309891	
1000	0.346000	1.128458	1000	0.346000	0.346000	0.309957	
1000	0.354000	1.128458	1000	0.354000	0.354000	0.310038	
1000	0.347000	1.128458	1000	0.347000	0.347000	0.310105	
1000	0.322000	1.128458	1000	0.322000	0.322000	0.310127	
1000	0.332000	1.128458	1000	0.332000	0.332000	0.310167	
1000	0.347000	1.128458	1000	0.347000	0.347000	0.310234	
1000	0.334000	1.128458	1000	0.334000	0.334000	0.310277	
1000	0.310000	1.128458	1000	0.310000	0.310000	0.310277	
1000	0.320000	1.128458	1000	0.320000	0.320000	0.310294	
1000	0.329000	1.128458	1000	0.329000	0.329000	0.310328	
1000	0.312000	1.128458	1000	0.312000	0.312000	0.310331	
1000	0.329000	1.128458	1000	0.329000	0.329000	0.310365	
1000	0.319000	1.128458	1000	0.319000	0.319000	0.310380	
1000	0.331000	1.128458	1000	0.331000	0.331000	0.310417	
1000	0.322000	1.128458	1000	0.322000	0.322000	0.310438	
1000	0.334000	1.128458	1000	0.334000	0.334000	0.310480	
1000	0.309000	1.128458	1000	0.309000	0.309000	0.310477	
1000	0.325000	1.128458	1000	0.325000	0.325000	0.310503	
1000	0.301000	1.128458	1000	0.301000	0.301000	0.310486	
1000	0.311000	1.128458	1000	0.311000	0.311000	0.310487	
1000	0.319000	1.128458	1000	0.319000	0.319000	0.310502	
1000	0.334000	1.128458	1000	0.334000	0.334000	0.310544	
1000	0.312000	1.128458	1000	0.312000	0.312000	0.310546	
1000	0.312000	1.128458	1000	0.312000	0.312000	0.310549	
1000	0.315000	1.128458	1000	0.315000	0.315000	0.310557	
1000	0.351000	1.128458	1000	0.351000	0.351000	0.310628	
1000	0.339000	1.128458	1000	0.339000	0.339000	0.310677	
1000	0.349000	1.128458	1000	0.349000	0.349000	0.310744	
1000	0.335000	1.128458	1000	0.335000	0.335000	0.310787	
1000	0.332000	1.128458	1000	0.332000	0.332000	0.310824	
1000	0.334000	1.128458	1000	0.334000	0.334000	0.310864	
1000	0.348000	1.128458	1000	0.348000	0.348000	0.310928	
1000	0.311000	1.128458	1000	0.311000	0.311000	0.310928	
1000	0.348000	1.128458	1000	0.348000	0.348000	0.310993	
1000	0.348000	1.128458	1000	0.348000	0.348000	0.311056	
1000	0.331000	1.128458	1000	0.331000	0.331000	0.311091	
1000	0.339000	1.128458	1000	0.339000	0.339000	0.311139	
1000	0.310000	1.128458	1000	0.310000	0.310000	0.311137	
1000	0.333000	1.128458	1000	0.333000	0.333000	0.311174	
1000	0.340000	1.128458	1000	0.340000	0.340000	0.311224	
1000	0.318000	1.128458	1000	0.318000	0.318000	0.311235	
1000	0.303000	1.128458	1000	0.303000	0.303000	0.311221	
1000	0.286000	1.128458	1000	0.286000	0.286000	0.311178	
1000	0.330000	1.128458	1000	0.330000	0.330000	0.311210	
1000	0.347000	1.128458	1000	0.347000	0.347000	0.311271	
1000	0.407000	1.128458	1000	0.407000	0.407000	0.311433	
1000	0.265000	1.252113	1000	0.265000	0.265000	0.311355	
1000	0.268000	1.252113	1000	0.268000	0.268000	0.311282	
1000	0.280000	1.252113	1000	0.280000	0.280000	0.311229	
1000	0.319000	1.252113	1000	0.319000	0.319000	0.311242	
1000	0.268000	1.252113	1000	0.268000	0.268000	0.311169	
1000	0.273000	1.252113	1000	0.273000	0.273000	0.311105	
1000	0.264000	1.252113	1000	0.264000	0.264000	0.311026	
1000	0.294000	1.252113	1000	0.294000	0.294000	0.310998	
1000	0.304000	1.252113	1000	0.304000	0.304000	0.310986	
1000	0.277000	1.252113	1000	0.277000	0.277000	0.310929	
1000	0.299000	1.252113	1000	0.299000	0.299000	0.310910	
1000	0.289000	1.252113	1000	0.289000	0.289000	0.310873	
1000	0.296000	1.252113	1000	0.296000	0.296000	0.310849	
1000	0.289000	1.252113	1000	0.289000	0.289000	0.310812	
1000	0.297000	1.252113	1000	0.297000	0.297000	0.310790	
1000	0.291000	1.252113	1000	0.291000	0.291000	0.310757	
1000	0.302000	1.252113	1000	0.302000	0.302000	0.310742	
1000	0.297000	1.252113	1000	0.297000	0.297000	0.310720	
1000	0.269000	1.252113	1000	0.269000	0.269000	0.310651	
1000	0.283000	1.252113	1000	0.283000	0.283000	0.310606	
1000	0.255000	1.252113	1000	0.255000	0.255000	0.310515	
1000	0.306000	1.252113	1000	0.306000	0.306000	0.310508	
1000	0.302000	1.252113	1000	0.302000	0.302000	0.310494	
1000	0.311000	1.252113	1000	0.311000	0.311000	0.310495	
1000	0.295000	1.252113	1000	0.295000	0.295000	0.310469	
1000	0.274000	1.252113	1000	0.274000	0.274000	0.310410	
1000	0.297000	1.252113	1000	0.297000	0.297000	0.310388	
1000	0.296000	1.252113	1000	0.296000	0.296000	0.310365	
1000	0.267000	1.252113	1000	0.267000	0.267000	0.310295	
1000	0.300000	1.252113	1000	0.300000	0.300000	0.310279	
1000	0.294000	1.252113	1000	0.294000	0.294000	0.310252	
1000	0.287000	1.252113	1000	0.287000	0.287000	0.310215	
1000	0.296000	1.252113	1000	0.296000	0.296000	0.310192	
1000	0.288000	1.252113	1000	0.288000	0.288000	0.310157	
1000	0.315000	1.252113	1000	0.315000	0.315000	0.310164	
1000	0.279000	1.252113	1000	0.279000	0.279000	0.310115	
1000	0.295000	1.252113	1000	0.295000	0.295000	0.310090	
1000	0.289000	1.252113	1000	0.289000	0.289000	0.310057	
1000	0.276000	1.252113	1000	0.276000	0.276000	0.310003	
1000	0.268000	1.252113	1000	0.268000	0.268000	0.309936	
1000	0.277000	1.252113	1000	0.277000	0.277000	0.309884	
1000	0.271000	1.252113	1000	0.271000	0.271000	0.309822	
1000	0.286000	1.252113	1000	0.286000	0.286000	0.309785	
1000	0.269000	1.252113	1000	0.269000	0.269000	0.309720	
1000	0.263000	1.252113	1000	0.263000	0.263000	0.309647	
1000	0.304000	1.252113	1000	0.304000	0.304000	0.309638	
1000	0.278000	1.252113	1000	0.278000	0.278000	0.309588	
1000	0.289000	1.252113	1000	0.289000	0.289000	0.309556	
1000	0.268000	1.252113	1000	0.268000	0.268000	0.309491	
1000	0.291000	1.252113	1000	0.291000	0.291000	0.309462	
1000	0.280000	1.252113	1000	0.280000	0.280000	0.309416	
1000	0.301000	1.252113	1000	0.301000	0.301000	0.309403	
1000	0.286000	1.252113	1000	0.286000	0.286000	0.309367	
1000	0.275000	1.252113	1000	0.275000	0.275000	0.309313	
1000	0.302000	1.252113	1000	0.302000	0.302000	0.309302	
1000	0.274000	1.252113	1000	0.274000	0.274000	0.309247	
1000	0.291000	1.252113	1000	0.291000	0.291000	0.309219	
1000	0.283000	1.252113	1000	0.283000	0.283000	0.309179	
1000	0.302000	1.252113	1000	0.302000	0.302000	0.309167	
1000	0.283000	1.252113	1000	0.283000	0.283000	0.309127	
1000	0.267000	1.252113	1000	0.267000	0.267000	0.309063	
1000	0.320000	1.252113	1000	0.320000	0.320000	0.309079	
1000	0.311000	1.252113	1000	0.311000	0.311000	0.309082	
1000	0.288000	1.252113	1000	0.288000	0.288000	0.309050	
1000	0.327000	1.252113	1000	0.327000	0.327000	0.309077	
1000	0.256000	1.252113	1000	0.256000	0.256000	0.308996	
1000	0.290000	1.252113	1000	0.290000	0.290000	0.308968	
1000	0.284000	1.252113	1000	0.284000	0.284000	0.308930	
1000	0.295000	1.252113	1000	0.295000	0.295000	0.308908	
1000	0.313000	1.252113	1000	0.313000	0.313000	0.308915	
1000	0.283000	1.252113	1000	0.283000	0.283000	0.308875	
1000	0.305000	1.252113	1000	0.305000	0.305000	0.308870	
1000	0.293000	1.252113	1000	0.293000	0.293000	0.308846	
1000	0.277000	1.252113	1000	0.277000	0.277000	0.308798	
1000	0.269000	1.252113	1000	0.269000	0.269000	0.308738	
1000	0.284000	1.252113	1000	0.284000	0.284000	0.308701	
1000	0.289000	1.252113	1000	0.289000	0.289000	0.308671	
1000	0.265000	1.252113	1000	0.265000	0.265000	0.308606	
1000	0.284000	1.252113	1000	0.284000	0.284000	0.308569	
1000	0.289000	1.252113	1000	0.289000	0.289000	0.308540	
1000	0.297000	1.252113	1000	0.297000	0.297000	0.308523	
1000	0.301000	1.252113	1000	0.301000	0.301000	0.308511	
1000	0.300000	1.252113	1000	0.300000	0.300000	0.308499	
1000	0.285000	1.252113	1000	0.285000	0.285000	0.308464	
1000	0.325000	1.252113	1000	0.325000	0.325000	0.308488	
1000	0.290000	1.252113	1000	0.290000	0.290000	0.308461	
1000	0.260000	1.252113	1000	0.260000	0.260000	0.308390	
1000	0.284000	1.252113	1000	0.284000	0.284000	0.308354	
1000	0.302000	1.252113	1000	0.302000	0.302000	0.308344	
1000	0.297000	1.252113	1000	0.297000	0.297000	0.308327	
1000	0.266000	1.252113	1000	0.266000	0.266000	0.308265	
1000	0.297000	1.252113	1000	0.297000	0.297000	0.308249	
1000	0.290000	1.252113	1000	0.290000	0.290000	0.308222	
1000	0.270000	1.252113	1000	0.270000	0.270000	0.308166	
1000	0.304000	1.252113	1000	0.304000	0.304000	0.308160	
1000	0.303000	1.252113	1000	0.303000	0.303000	0.308153	
1000	0.321000	1.252113	1000	0.321000	0.321000	0.308171	
1000	0.296000	1.252113	1000	0.296000	0.296000	0.308154	
1000	0.256000	1.252113	1000	0.256000	0.256000	0.308078	
1000	0.284000	1.252113	1000	0.284000	0.284000	0.308043	
1000	0.288000	1.252113	1000	0.288000	0.288000	0.308014	
1000	0.295000	1.252113	1000	0.295000	0.295000	0.307995	
1000	0.313000	1.252113	1000	0.313000	0.313000	0.308002	
1000	0.277000	1.252113	1000	0.277000	0.277000	0.307958	
1000	0.310000	1.252113	1000	0.310000	0.310000	0.307961	
1000	0.288000	1.252113	1000	0.288000	0.288000	0.307932	
1000	0.282000	1.252113	1000	0.282000	0.282000	0.307895	
1000	0.285000	1.252113	1000	0.285000	0.285000	0.307862	
1000	0.296000	1.252113	1000	0.296000	0.296000	0.307845	
1000	0.318000	1.252113	1000	0.318000	0.318000	0.307860	
1000	0.312000	1.252113	1000	0.312000	0.312000	0.307865	
1000	0.310000	1.252113	1000	0.310000	0.310000	0.307869	
1000	0.240000	1.252113	1000	0.240000	0.240000	0.307772	
1000	0.294000	1.252113	1000	0.294000	0.294000	0.307752	
1000	0.276000	1.252113	1000	0.276000	0.276000	0.307707	
1000	0.299000	1.252113	1000	0.299000	0.299000	0.307695	
1000	0.293000	1.252113	1000	0.293000	0.293000	0.307674	
1000	0.305000	1.252113	1000	0.305000	0.305000	0.307670	
1000	0.299000	1.252113	1000	0.299000	0.299000	0.307658	
1000	0.293000	1.252113	1000	0.293000	0.293000	0.307638	
1000	0.256000	1.252113	1000	0.256000	0.256000	0.307565	
1000	0.270000	1.252113	1000	0.270000	0.270000	0.307512	
1000	0.274000	1.252113	1000	0.274000	0.274000	0.307465	
1000	0.305000	1.252113	1000	0.305000	0.305000	0.307462	
1000	0.300000	1.252113	1000	0.300000	0.300000	0.307451	
1000	0.273000	1.252113	1000	0.273000	0.273000	0.307403	
1000	0.266000	1.252113	1000	0.266000	0.266000	0.307345	
1000	0.335000	1.252113	1000	0.335000	0.335000	0.307384	
1000	0.279000	1.252113	1000	0.279000	0.279000	0.307344	
1000	0.283000	1.252113	1000	0.283000	0.283000	0.307311	
1000	0.283000	1.252113	1000	0.283000	0.283000	0.307277	
1000	0.249000	1.252113	1000	0.249000	0.249000	0.307196	
1000	0.288000	1.252113	1000	0.288000	0.288000	0.307170	
1000	0.312000	1.252113	1000	0.312000	0.312000	0.307176	
1000	0.287000	1.252113	1000	0.287000	0.287000	0.307149	
1000	0.276000	1.252113	1000	0.276000	0.276000	0.307106	
1000	0.302000	1.252113	1000	0.302000	0.302000	0.307099	
1000	0.293000	1.252113	1000	0.293000	0.293000	0.307079	
1000	0.269000	1.252113	1000	0.269000	0.269000	0.307027	
1000	0.275000	1.252113	1000	0.275000	0.275000	0.306983	
1000	0.262000	1.252113	1000	0.262000	0.262000	0.306922	
1000	0.302000	1.252113	1000	0.302000	0.302000	0.306915	
1000	0.292000	1.252113	1000	0.292000	0.292000	0.306895	
1000	0.282000	1.252113	1000	0.282000	0.282000	0.306861	
1000	0.309000	1.252113	1000	0.309000	0.309000	0.306864	
1000	0.298000	1.252113	1000	0.298000	0.298000	0.306851	
1000	0.270000	1.252113	1000	0.270000	0.270000	0.306801	
1000	0.296000	1.252113	1000	0.296000	0.296000	0.306787	
1000	0.293000	1.252113	1000	0.293000	0.293000	0.306768	
1000	0.255000	1.252113	1000	0.255000	0.255000	0.306698	
1000	0.321000	1.252113	1000	0.321000	0.321000	0.306718	
1000	0.272000	1.252113	1000	0.272000	0.272000	0.306671	
1000	0.280000	1.252113	1000	0.280000	0.280000	0.306635	
1000	0.278000	1.252113	1000	0.278000	0.278000	0.306596	
1000	0.270000	1.252113	1000	0.270000	0.270000	0.306547	
1000	0.252000	1.252113	1000	0.252000	0.252000	0.306474	
1000	0.271000	1.252113	1000	0.271000	0.271000	0.306427	
1000	0.274000	1.252113	1000	0.274000	0.274000	0.306383	
1000	0.266000	1.252113	1000	0.266000	0.266000	0.306329	
1000	0.291000	1.252113	1000	0.291000	0.291000	0.306309	
1000	0.262000	1.252113	1000	0.262000	0.262000	0.306250	
1000	0.276000	1.252113	1000	0.276000	0.276000	0.306210	
1000	0.237000	1.252113	1000	0.237000	0.237000	0.306118	
1000	0.249000	1.252113	1000	0.249000	0.249000	0.306042	
1000	0.275000	1.252113	1000	0.275000	0.275000	0.306001	
1000	0.310000	1.252113	1000	0.310000	0.310000	0.306006	
1000	0.302000	1.252113	1000	0.302000	0.302000	0.306001	
1000	0.295000	1.252113	1000	0.295000	0.295000	0.305986	
1000	0.285000	1.252113	1000	0.285000	0.285000	0.305959	
1000	0.262000	1.252113	1000	0.262000	0.262000	0.305901	
1000	0.297000	1.252113	1000	0.297000	0.297000	0.305889	
1000	0.290000	1.252113	1000	0.290000	0.290000	0.305868	
1000	0.306000	1.252113	1000	0.306000	0.306000	0.305869	
1000	0.282000	1.252113	1000	0.282000	0.282000	0.305837	
1000	0.272000	1.252113	1000	0.272000	0.272000	0.305793	
1000	0.315000	1.252113	1000	0.315000	0.315000	0.305805	
1000	0.285000	1.252113	1000	0.285000	0.285000	0.305778	
1000	0.300000	1.252113	1000	0.300000	0.300000	0.305770	
1000	0.302000	1.252113	1000	0.302000	0.302000	0.305766	
1000	0.302000	1.252113	1000	0.302000	0.302000	0.305761	
1000	0.273000	1.252113	1000	0.273000	0.273000	0.305718	
1000	0.274000	1.252113	1000	0.274000	0.274000	0.305677	
1000	0.263000	1.252113	1000	0.263000	0.263000	0.305622	
1000	0.252000	1.252113	1000	0.252000	0.252000	0.305553	
1000	0.252000	1.252113	1000	0.252000	0.252000	0.305483	
1000	0.301000	1.252113	1000	0.301000	0.301000	0.305478	
1000	0.305000	1.252113	1000	0.305000	0.305000	0.305477	
1000	0.301000	1.252113	1000	0.301000	0.301000	0.305471	
1000	0.270000	1.252113	1000	0.270000	0.270000	0.305426	
1000	0.285000	1.252113	1000	0.285000	0.285000	0.305400	
1000	0.258000	1.252113	1000	0.258000	0.258000	0.305339	
1000	0.275000	1.252113	1000	0.275000	0.275000	0.305300	
1000	0.296000	1.252113	1000	0.296000	0.296000	0.305288	
1000	0.293000	1.252113	1000	0.293000	0.293000	0.305273	
1000	0.292000	1.252113	1000	0.292000	0.292000	0.305256	
1000	0.308000	1.252113	1000	0.308000	0.308000	0.305259	
1000	0.330000	1.252113	1000	0.330000	0.330000	0.305291	
1000	0.298000	1.252113	1000	0.298000	0.298000	0.305281	
1000	0.284000	1.252113	1000	0.284000	0.284000	0.305254	
1000	0.258000	1.252113	1000	0.258000	0.258000	0.305195	
1000	0.286000	1.252113	1000	0.286000	0.286000	0.305170	
1000	0.283000	1.252113	1000	0.283000	0.283000	0.305142	
1000	0.267000	1.252113	1000	0.267000	0.267000	0.305094	
1000	0.301000	1.252113	1000	0.301000	0.301000	0.305089	
1000	0.296000	1.252113	1000	0.296000	0.296000	0.305078	
1000	0.291000	1.252113	1000	0.291000	0.291000	0.305060	
1000	0.291000	1.252113	1000	0.291000	0.291000	0.305042	
1000	0.291000	1.252113	1000	0.291000	0.291000	0.305025	
1000	0.281000	1.252113	1000	0.281000	0.281000	0.304995	
1000	0.266000	1.252113	1000	0.266000	0.266000	0.304946	
1000	0.330000	1.252113	1000	0.330000	0.330000	0.304977	
1000	0.299000	1.252113	1000	0.299000	0.299000	0.304970	
1000	0.318000	1.252113	1000	0.318000	0.318000	0.304986	
1000	0.288000	1.252113	1000	0.288000	0.288000	0.304965	
1000	0.281000	1.252113	1000	0.281000	0.281000	0.304935	
1000	0.250000	1.252113	1000	0.250000	0.250000	0.304867	
1000	0.320000	1.252113	1000	0.320000	0.320000	0.304886	
1000	0.295000	1.252113	1000	0.295000	0.295000	0.304873	
1000	0.281000	1.252113	1000	0.281000	0.281000	0.304844	
1000	0.271000	1.252113	1000	0.271000	0.271000	0.304802	
1000	0.299000	1.252113	1000	0.299000	0.299000	0.304795	
1000	0.289000	1.252113	1000	0.289000	0.289000	0.304775	
1000	0.295000	1.252113	1000	0.295000	0.295000	0.304763	
1000	0.302000	1.252113	1000	0.302000	0.302000	0.304760	
1000	0.250000	1.252113	1000	0.250000	0.250000	0.304693	
1000	0.287000	1.252113	1000	0.287000	0.287000	0.304671	
1000	0.263000	1.252113	1000	0.263000	0.263000	0.304620	
1000	0.288000	1.252113	1000	0.288000	0.288000	0.304600	
1000	0.274000	1.252113	1000	0.274000	0.274000	0.304563	
1000	0.276000	1.252113	1000	0.276000	0.276000	0.304528	
1000	0.278000	1.252113	1000	0.278000	0.278000	0.304495	
1000	0.281000	1.252113	1000	0.281000	0.281000	0.304467	
1000	0.254000	1.252113	1000	0.254000	0.254000	0.304405	
1000	0.299000	1.252113	1000	0.299000	0.299000	0.304399	
1000	0.291000	1.252113	1000	0.291000	0.291000	0.304383	
1000	0.297000	1.252113	1000	0.297000	0.297000	0.304374	
1000	0.305000	1.252113	1000	0.305000	0.305000	0.304374	
1000	0.290000	1.252113	1000	0.290000	0.290000	0.304357	
1000	0.271000	1.252113	1000	0.271000	0.271000	0.304317	
1000	0.290000	1.252113	1000	0.290000	0.290000	0.304300	
1000	0.301000	1.252113	1000	0.301000	0.301000	0.304296	
1000	0.293000	1.252113	1000	0.293000	0.293000	0.304282	
1000	0.289000	1.252113	1000	0.289000	0.289000	0.304264	
1000	0.277000	1.252113	1000	0.277000	0.277000	0.304231	
1000	0.275000	1.252113	1000	0.275000	0.275000	0.304196	
1000	0.297000	1.252113	1000	0.297000	0.297000	0.304187	
1000	0.304000	1.252113	1000	0.304000	0.304000	0.304187	
1000	0.280000	1.252113	1000	0.280000	0.280000	0.304158	
1000	0.291000	1.252113	1000	0.291000	0.291000	0.304143	
1000	0.281000	1.252113	1000	0.281000	0.281000	0.304115	
1000	0.289000	1.252113	1000	0.289000	0.289000	0.304097	
1000	0.259000	1.252113	1000	0.259000	0.259000	0.304044	
1000	0.272000	1.252113	1000	0.272000	0.272000	0.304006	
1000	0.301000	1.252113	1000	0.301000	0.301000	0.304002	
1000	0.274000	1.252113	1000	0.274000	0.274000	0.303967	
1000	0.290000	1.252113	1000	0.290000	0.290000	0.303950	
1000	0.286000	1.252113	1000	0.286000	0.286000	0.303929	
1000	0.300000	1.252113	1000	0.300000	0.300000	0.303924	
1000	0.305000	1.252113	1000	0.305000	0.305000	0.303925	
1000	0.283000	1.252113	1000	0.283000	0.283000	0.303901	
1000	0.304000	1.252113	1000	0.304000	0.304000	0.303901	
1000	0.306000	1.252113	1000	0.306000	0.306000	0.303903	
1000	0.287000	1.252113	1000	0.287000	0.287000	0.303884	
1000	0.278000	1.252113	1000	0.278000	0.278000	0.303853	
1000	0.263000	1.252113	1000	0.263000	0.263000	0.303805	
1000	0.301000	1.252113	1000	0.301000	0.301000	0.303802	
1000	0.270000	1.252113	1000	0.270000	0.270000	0.303763	
1000	0.294000	1.252113	1000	0.294000	0.294000	0.303751	
1000	0.275000	1.252113	1000	0.275000	0.275000	0.303718	
1000	0.288000	1.252113	1000	0.288000	0.288000	0.303700	
1000	0.302000	1.252113	1000	0.302000	0.302000	0.303698	
1000	0.278000	1.252113	1000	0.278000	0.278000	0.303668	
1000	0.313000	1.252113	1000	0.313000	0.313000	0.303679	
1000	0.279000	1.252113	1000	0.279000	0.279000	0.303650	
1000	0.277000	1.252113	1000	0.277000	0.277000	0.303619	
1000	0.270000	1.252113	1000	0.270000	0.270000	0.303580	
1000	0.291000	1.252113	1000	0.291000	0.291000	0.303566	
1000	0.260000	1.252113	1000	0.260000	0.260000	0.303516	
1000	0.308000	1.252113	1000	0.308000	0.308000	0.303521	
1000	0.279000	1.252113	1000	0.279000	0.279000	0.303493	
1000	0.311000	1.252113	1000	0.311000	0.311000	0.303501	
1000	0.321000	1.252113	1000	0.321000	0.321000	0.303521	
1000	0.250000	1.252113	1000	0.250000	0.250000	0.303460	
1000	0.303000	1.252113	1000	0.303000	0.303000	0.303460	
1000	0.287000	1.252113	1000	0.287000	0.287000	0.303441	
1000	0.309000	1.252113	1000	0.309000	0.309000	0.303447	
1000	0.283000	1.252113	1000	0.283000	0.283000	0.303424	
1000	0.270000	1.252113	1000	0.270000	0.270000	0.303386	
1000	0.303000	1.252113	1000	0.303000	0.303000	0.303385	
1000	0.278000	1.252113	1000	0.278000	0.278000	0.303356	
1000	0.280000	1.252113	1000	0.280000	0.280000	0.303330	
1000	0.283000	1.252113	1000	0.283000	0.283000	0.303307	
1000	0.296000	1.252113	1000	0.296000	0.296000	0.303299	
1000	0.295000	1.252113	1000	0.295000	0.295000	0.303289	
1000	0.270000	1.252113	1000	0.270000	0.270000	0.303252	
1000	0.284000	1.252113	1000	0.284000	0.284000	0.303230	
1000	0.341000	1.252113	1000	0.341000	0.341000	0.303272	
1000	0.278000	1.252113	1000	0.278000	0.278000	0.303244	
1000	0.314000	1.252113	1000	0.314000	0.314000	0.303256	
1000	0.304000	1.252113	1000	0.304000	0.304000	0.303257	
1000	0.313000	1.252113	1000	0.313000	0.313000	0.303268	
1000	0.259000	1.252113	1000	0.259000	0.259000	0.303218	
1000	0.282000	1.252113	1000	0.282000	0.282000	0.303195	
1000	0.319000	1.252113	1000	0.319000	0.319000	0.303212	
1000	0.286000	1.252113	1000	0.286000	0.286000	0.303193	
1000	0.306000	1.252113	1000	0.306000	0.306000	0.303196	
1000	0.253000	1.252113	1000	0.253000	0.253000	0.303140	
1000	0.249000	1.252113	1000	0.249000	0.249000	0.303080	
1000	0.273000	1.252113	1000	0.273000	0.273000	0.303046	
1000	0.268000	1.252113	1000	0.268000	0.268000	0.303007	
1000	0.282000	1.252113	1000	0.282000	0.282000	0.302984	
1000	0.263000	1.252113	1000	0.263000	0.263000	0.302940	
1000	0.286000	1.252113	1000	0.286000	0.286000	0.302921	
1000	0.305000	1.252113	1000	0.305000	0.305000	0.302923	
1000	0.266000	1.252113	1000	0.266000	0.266000	0.302883	
1000	0.315000	1.252113	1000	0.315000	0.315000	0.302896	
1000	0.261000	1.252113	1000	0.261000	0.261000	0.302850	
1000	0.284000	1.252113	1000	0.284000	0.284000	0.302829	
1000	0.312000	1.252113	1000	0.312000	0.312000	0.302839	
1000	0.294000	1.252113	1000	0.294000	0.294000	0.302829	
1000	0.300000	1.252113	1000	0.300000	0.300000	0.302826	
1000	0.282000	1.252113	1000	0.282000	0.282000	0.302803	
1000	0.293000	1.252113	1000	0.293000	0.293000	0.302793	
1000	0.291000	1.252113	1000	0.291000	0.291000	0.302780	
1000	0.267000	1.252113	1000	0.267000	0.267000	0.302741	
1000	0.296000	1.252113	1000	0.296000	0.296000	0.302733	
1000	0.248000	1.252113	1000	0.248000	0.248000	0.302674	
1000	0.293000	1.252113	1000	0.293000	0.293000	0.302663	
1000	0.278000	1.252113	1000	0.278000	0.278000	0.302636	
1000	0.270000	1.252113	1000	0.270000	0.270000	0.302601	
1000	0.285000	1.252113	1000	0.285000	0.285000	0.302582	
1000	0.251000	1.252113	1000	0.251000	0.251000	0.302526	
1000	0.304000	1.252113	1000	0.304000	0.304000	0.302527	
1000	0.314000	1.252113	1000	0.314000	0.314000	0.302540	
1000	0.317000	1.252113	1000	0.317000	0.317000	0.302555	
1000	0.293000	1.252113	1000	0.293000	0.293000	0.302545	
1000	0.317000	1.252113	1000	0.317000	0.317000	0.302561	
1000	0.286000	1.252113	1000	0.286000	0.286000	0.302543	
1000	0.263000	1.252113	1000	0.263000	0.263000	0.302500	
1000	0.268000	1.252113	1000	0.268000	0.268000	0.302463	
1000	0.308000	1.252113	1000	0.308000	0.308000	0.302469	
1000	0.296000	1.252113	1000	0.296000	0.296000	0.302462	
1000	0.294000	1.252113	1000	0.294000	0.294000	0.302453	
1000	0.313000	1.252113	1000	0.313000	0.313000	0.302464	
1000	0.277000	1.252113	1000	0.277000	0.277000	0.302437	
1000	0.271000	1.252113	1000	0.271000	0.271000	0.302404	
1000	0.268000	1.252113	1000	0.268000	0.268000	0.302367	
1000	0.229000	1.252113	1000	0.229000	0.229000	0.302289	
1000	0.270000	1.252113	1000	0.270000	0.270000	0.302254	
1000	0.266000	1.252113	1000	0.266000	0.266000	0.302216	
1000	0.276000	1.252113	1000	0.276000	0.276000	0.302188	
1000	0.260000	1.252113	1000	0.260000	0.260000	0.302143	
1000	0.289000	1.252113	1000	0.289000	0.289000	0.302129	
1000	0.250000	1.252113	1000	0.250000	0.250000	0.302074	
1000	0.295000	1.252113	1000	0.295000	0.295000	0.302066	
1000	0.312000	1.252113	1000	0.312000	0.312000	0.302077	
1000	0.290000	1.252113	1000	0.290000	0.290000	0.302064	
1000	0.274000	1.252113	1000	0.274000	0.274000	0.302034	
1000	0.314000	1.252113	1000	0.314000	0.314000	0.302047	
1000	0.295000	1.252113	1000	0.295000	0.295000	0.302040	
1000	0.279000	1.252113	1000	0.279000	0.279000	0.302015	
1000	0.342000	1.252113	1000	0.342000	0.342000	0.302057	
1000	0.283000	1.252113	1000	0.283000	0.283000	0.302037	
1000	0.263000	1.252113	1000	0.263000	0.263000	0.301997	
1000	0.296000	1.252113	1000	0.296000	0.296000	0.301990	
1000	0.300000	1.252113	1000	0.300000	0.300000	0.301988	
1000	0.309000	1.252113	1000	0.309000	0.309000	0.301996	
1000	0.289000	1.252113	1000	0.289000	0.289000	0.301982	
1000	0.304000	1.252113	1000	0.304000	0.304000	0.301984	
1000	0.272000	1.252113	1000	0.272000	0.272000	0.301953	
1000	0.269000	1.252113	1000	0.269000	0.269000	0.301919	
1000	0.283000	1.252113	1000	0.283000	0.283000	0.301899	
1000	0.302000	1.252113	1000	0.302000	0.302000	0.301899	
1000	0.271000	1.252113	1000	0.271000	0.271000	0.301867	
1000	0.285000	1.252113	1000	0.285000	0.285000	0.301849	
1000	0.268000	1.252113	1000	0.268000	0.268000	0.301814	
1000	0.310000	1.252113	1000	0.310000	0.310000	0.301823	
1000	0.292000	1.252113	1000	0.292000	0.292000	0.301813	
1000	0.302000	1.252113	1000	0.302000	0.302000	0.301813	
1000	0.281000	1.252113	1000	0.281000	0.281000	0.301791	
1000	0.319000	1.252113	1000	0.319000	0.319000	0.301809	
1000	0.311000	1.252113	1000	0.311000	0.311000	0.301819	
1000	0.290000	1.252113	1000	0.290000	0.290000	0.301806	
1000	0.300000	1.252113	1000	0.300000	0.300000	0.301805	
1000	0.285000	1.252113	1000	0.285000	0.285000	0.301787	
1000	0.276000	1.252113	1000	0.276000	0.276000	0.301761	
1000	0.257000	1.252113	1000	0.257000	0.257000	0.301715	
1000	0.306000	1.252113	1000	0.306000	0.306000	0.301720	
1000	0.294000	1.252113	1000	0.294000	0.294000	0.301712	
1000	0.275000	1.252113	1000	0.275000	0.275000	0.301684	
1000	0.307000	1.252113	1000	0.307000	0.307000	0.301690	
1000	0.307000	1.252113	1000	0.307000	0.307000	0.301695	
1000	0.321000	1.252113	1000	0.321000	0.321000	0.301715	
1000	0.275000	1.252113	1000	0.275000	0.275000	0.301688	
1000	0.302000	1.252113	1000	0.302000	0.302000	0.301688	
1000	0.322000	1.252113	1000	0.322000	0.322000	0.301709	
1000	0.270000	1.252113	1000	0.270000	0.270000	0.301676	
1000	0.274000	1.252113	1000	0.274000	0.274000	0.301648	
1000	0.294000	1.252113	1000	0.294000	0.294000	0.301641	
1000	0.290000	1.252113	1000	0.290000	0.290000	0.301629	
1000	0.297000	1.252113	1000	0.297000	0.297000	0.301624	
1000	0.273000	1.252113	1000	0.273000	0.273000	0.301595	
1000	0.280000	1.252113	1000	0.280000	0.280000	0.301574	
1000	0.276000	1.252113	1000	0.276000	0.276000	0.301548	
1000	0.282000	1.252113	1000	0.282000	0.282000	0.301528	
1000	0.300000	1.252113	1000	0.300000	0.300000	0.301527	
1000	0.310000	1.252113	1000	0.310000	0.310000	0.301535	
1000	0.301000	1.252113	1000	0.301000	0.301000	0.301535	
1000	0.278000	1.252113	1000	0.278000	0.278000	0.301511	
1000	0.267000	1.252113	1000	0.267000	0.267000	0.301477	
1000	0.274000	1.252113	1000	0.274000	0.274000	0.301449	
1000	0.315000	1.252113	1000	0.315000	0.315000	0.301463	
1000	0.309000	1.252113	1000	0.309000	0.309000	0.301470	
1000	0.270000	1.252113	1000	0.270000	0.270000	0.301439	
1000	0.268000	1.252113	1000	0.268000	0.268000	0.301406	
1000	0.279000	1.252113	1000	0.279000	0.279000	0.301383	
1000	0.302000	1.252113	1000	0.302000	0.302000	0.301384	
1000	0.302000	1.252113	1000	0.302000	0.302000	0.301385	
1000	0.284000	1.252113	1000	0.284000	0.284000	0.301367	
1000	0.268000	1.252113	1000	0.268000	0.268000	0.301334	
