Default schedule
Rate	100.00
Rate Tried	% Accepted	Rates - Dev	Rates - Tried	Rates - Accepted	Sample Ave Acceptance	Total Ave Acceptance	
1000	0.327000	1.138050	1000	0.327000	0.327000	0.263794	
1000	0.307000	1.138050	1000	0.307000	0.307000	0.267394	
1000	0.316000	1.138050	1000	0.316000	0.316000	0.271133	
1000	0.295000	1.138050	1000	0.295000	0.295000	0.272838	
1000	0.345000	1.138050	1000	0.345000	0.345000	0.277648	
1000	0.344000	1.138050	1000	0.344000	0.344000	0.281795	
1000	0.353000	1.138050	1000	0.353000	0.353000	0.285983	
1000	0.309000	1.138050	1000	0.309000	0.309000	0.287262	
1000	0.332000	1.138050	1000	0.332000	0.332000	0.289616	
1000	0.301000	1.138050	1000	0.301000	0.301000	0.290185	
1000	0.304000	1.138050	1000	0.304000	0.304000	0.290843	
1000	0.320000	1.138050	1000	0.320000	0.320000	0.292169	
1000	0.323000	1.138050	1000	0.323000	0.323000	0.293509	
1000	0.316000	1.138050	1000	0.316000	0.316000	0.294446	
1000	0.316000	1.138050	1000	0.316000	0.316000	0.295308	
1000	0.338000	1.138050	1000	0.338000	0.338000	0.296950	
1000	0.335000	1.138050	1000	0.335000	0.335000	0.298359	
1000	0.296000	1.138050	1000	0.296000	0.296000	0.298275	
1000	0.287000	1.138050	1000	0.287000	0.287000	0.297886	
1000	0.292000	1.138050	1000	0.292000	0.292000	0.297690	
1000	0.309000	1.138050	1000	0.309000	0.309000	0.298055	
1000	0.331000	1.138050	1000	0.331000	0.331000	0.299084	
1000	0.288000	1.138050	1000	0.288000	0.288000	0.298749	
1000	0.329000	1.138050	1000	0.329000	0.329000	0.299638	
1000	0.330000	1.138050	1000	0.330000	0.330000	0.300506	
1000	0.303000	1.138050	1000	0.303000	0.303000	0.300575	
1000	0.304000	1.138050	1000	0.304000	0.304000	0.300668	
1000	0.306000	1.138050	1000	0.306000	0.306000	0.300808	
1000	0.308000	1.138050	1000	0.308000	0.308000	0.300992	
1000	0.321000	1.138050	1000	0.321000	0.321000	0.301492	
1000	0.343000	1.138050	1000	0.343000	0.343000	0.302505	
1000	0.321000	1.138050	1000	0.321000	0.321000	0.302945	
1000	0.269000	1.138050	1000	0.269000	0.269000	0.302156	
1000	0.310000	1.138050	1000	0.310000	0.310000	0.302334	
1000	0.317000	1.138050	1000	0.317000	0.317000	0.302660	
1000	0.344000	1.138050	1000	0.344000	0.344000	0.303559	
1000	0.328000	1.138050	1000	0.328000	0.328000	0.304079	
1000	0.335000	1.138050	1000	0.335000	0.335000	0.304723	
1000	0.329000	1.138050	1000	0.329000	0.329000	0.305218	
1000	0.344000	1.138050	1000	0.344000	0.344000	0.305994	
1000	0.285000	1.138050	1000	0.285000	0.285000	0.305582	
1000	0.309000	1.138050	1000	0.309000	0.309000	0.305648	
1000	0.310000	1.138050	1000	0.310000	0.310000	0.305730	
1000	0.296000	1.138050	1000	0.296000	0.296000	0.305550	
1000	0.298000	1.138050	1000	0.298000	0.298000	0.305413	
1000	0.326000	1.138050	1000	0.326000	0.326000	0.305780	
1000	0.326000	1.138050	1000	0.326000	0.326000	0.306135	
1000	0.330000	1.138050	1000	0.330000	0.330000	0.306546	
1000	0.339000	1.138050	1000	0.339000	0.339000	0.307096	
1000	0.313000	1.138050	1000	0.313000	0.313000	0.307195	
1000	0.310000	1.138050	1000	0.310000	0.310000	0.307241	
1000	0.318000	1.138050	1000	0.318000	0.318000	0.307414	
1000	0.310000	1.138050	1000	0.310000	0.310000	0.307455	
1000	0.336000	1.138050	1000	0.336000	0.336000	0.307901	
1000	0.307000	1.138050	1000	0.307000	0.307000	0.307888	
1000	0.301000	1.138050	1000	0.301000	0.301000	0.307783	
1000	0.333000	1.138050	1000	0.333000	0.333000	0.308160	
1000	0.333000	1.138050	1000	0.333000	0.333000	0.308525	
1000	0.338000	1.138050	1000	0.338000	0.338000	0.308952	
1000	0.316000	1.138050	1000	0.316000	0.316000	0.309053	
1000	0.333000	1.138050	1000	0.333000	0.333000	0.309390	
1000	0.306000	1.138050	1000	0.306000	0.306000	0.309343	
1000	0.325000	1.138050	1000	0.325000	0.325000	0.309557	
1000	0.332000	1.138050	1000	0.332000	0.332000	0.309861	
1000	0.326000	1.138050	1000	0.326000	0.326000	0.310076	
1000	0.305000	1.138050	1000	0.305000	0.305000	0.310009	
1000	0.348000	1.138050	1000	0.348000	0.348000	0.310502	
1000	0.295000	1.138050	1000	0.295000	0.295000	0.310304	
1000	0.340000	1.138050	1000	0.340000	0.340000	0.310680	
1000	0.310000	1.138050	1000	0.310000	0.310000	0.310671	
1000	0.323000	1.138050	1000	0.323000	0.323000	0.310823	
1000	0.313000	1.138050	1000	0.313000	0.313000	0.310850	
1000	0.305000	1.138050	1000	0.305000	0.305000	0.310779	
1000	0.304000	1.138050	1000	0.304000	0.304000	0.310699	
1000	0.330000	1.138050	1000	0.330000	0.330000	0.310926	
1000	0.310000	1.138050	1000	0.310000	0.310000	0.310915	
1000	0.334000	1.138050	1000	0.334000	0.334000	0.311180	
1000	0.292000	1.138050	1000	0.292000	0.292000	0.310962	
1000	0.327000	1.138050	1000	0.327000	0.327000	0.311143	
1000	0.329000	1.138050	1000	0.329000	0.329000	0.311341	
1000	0.305000	1.138050	1000	0.305000	0.305000	0.311271	
1000	0.350000	1.138050	1000	0.350000	0.350000	0.311692	
1000	0.312000	1.138050	1000	0.312000	0.312000	0.311696	
1000	0.316000	1.138050	1000	0.316000	0.316000	0.311741	
1000	0.327000	1.138050	1000	0.327000	0.327000	0.311902	
1000	0.337000	1.138050	1000	0.337000	0.337000	0.312163	
1000	0.306000	1.138050	1000	0.306000	0.306000	0.312100	
1000	0.320000	1.138050	1000	0.320000	0.320000	0.312180	
1000	0.333000	1.138050	1000	0.333000	0.333000	0.312391	
1000	0.309000	1.138050	1000	0.309000	0.309000	0.312357	
1000	0.312000	1.138050	1000	0.312000	0.312000	0.312353	
1000	0.299000	1.138050	1000	0.299000	0.299000	0.312222	
1000	0.303000	1.138050	1000	0.303000	0.303000	0.312133	
1000	0.354000	1.138050	1000	0.354000	0.354000	0.312535	
1000	0.332000	1.138050	1000	0.332000	0.332000	0.312721	
1000	0.309000	1.138050	1000	0.309000	0.309000	0.312686	
1000	0.279000	1.138050	1000	0.279000	0.279000	0.312371	
1000	0.354000	1.138050	1000	0.354000	0.354000	0.312756	
1000	0.338000	1.138050	1000	0.338000	0.338000	0.312988	
1000	0.355000	1.138050	1000	0.355000	0.355000	0.313370	
1000	0.326000	1.138050	1000	0.326000	0.326000	0.313484	
1000	0.326000	1.138050	1000	0.326000	0.326000	0.313595	
1000	0.312000	1.138050	1000	0.312000	0.312000	0.313581	
1000	0.304000	1.138050	1000	0.304000	0.304000	0.313497	
1000	0.306000	1.138050	1000	0.306000	0.306000	0.313432	
1000	0.314000	1.138050	1000	0.314000	0.314000	0.313437	
1000	0.327000	1.138050	1000	0.327000	0.327000	0.313553	
1000	0.288000	1.138050	1000	0.288000	0.288000	0.313336	
1000	0.323000	1.138050	1000	0.323000	0.323000	0.313418	
1000	0.315000	1.138050	1000	0.315000	0.315000	0.313431	
1000	0.333000	1.138050	1000	0.333000	0.333000	0.313592	
1000	0.299000	1.138050	1000	0.299000	0.299000	0.313473	
1000	0.289000	1.138050	1000	0.289000	0.289000	0.313274	
1000	0.317000	1.138050	1000	0.317000	0.317000	0.313304	
1000	0.297000	1.138050	1000	0.297000	0.297000	0.313173	
1000	0.317000	1.138050	1000	0.317000	0.317000	0.313204	
1000	0.287000	1.138050	1000	0.287000	0.287000	0.312998	
1000	0.317000	1.138050	1000	0.317000	0.317000	0.313029	
1000	0.302000	1.138050	1000	0.302000	0.302000	0.312943	
1000	0.328000	1.138050	1000	0.328000	0.328000	0.313059	
1000	0.336000	1.138050	1000	0.336000	0.336000	0.313234	
1000	0.344000	1.138050	1000	0.344000	0.344000	0.313467	
1000	0.293000	1.138050	1000	0.293000	0.293000	0.313313	
1000	0.306000	1.138050	1000	0.306000	0.306000	0.313259	
1000	0.321000	1.138050	1000	0.321000	0.321000	0.313316	
1000	0.336000	1.138050	1000	0.336000	0.336000	0.313483	
1000	0.291000	1.138050	1000	0.291000	0.291000	0.313319	
1000	0.291000	1.138050	1000	0.291000	0.291000	0.313157	
1000	0.334000	1.138050	1000	0.334000	0.334000	0.313307	
1000	0.335000	1.138050	1000	0.335000	0.335000	0.313462	
1000	0.342000	1.138050	1000	0.342000	0.342000	0.313664	
1000	0.323000	1.138050	1000	0.323000	0.323000	0.313730	
1000	0.300000	1.138050	1000	0.300000	0.300000	0.313634	
1000	0.314000	1.138050	1000	0.314000	0.314000	0.313637	
1000	0.300000	1.138050	1000	0.300000	0.300000	0.313543	
1000	0.325000	1.138050	1000	0.325000	0.325000	0.313621	
1000	0.327000	1.138050	1000	0.327000	0.327000	0.313712	
1000	0.346000	1.138050	1000	0.346000	0.346000	0.313930	
1000	0.319000	1.138050	1000	0.319000	0.319000	0.313964	
1000	0.303000	1.138050	1000	0.303000	0.303000	0.313891	
1000	0.275000	1.138050	1000	0.275000	0.275000	0.313634	
1000	0.297000	1.138050	1000	0.297000	0.297000	0.313524	
1000	0.335000	1.138050	1000	0.335000	0.335000	0.313665	
1000	0.325000	1.138050	1000	0.325000	0.325000	0.313738	
1000	0.305000	1.138050	1000	0.305000	0.305000	0.313682	
1000	0.282000	1.138050	1000	0.282000	0.282000	0.313479	
1000	0.318000	1.138050	1000	0.318000	0.318000	0.313508	
1000	0.341000	1.138050	1000	0.341000	0.341000	0.313682	
1000	0.303000	1.138050	1000	0.303000	0.303000	0.313614	
1000	0.313000	1.138050	1000	0.313000	0.313000	0.313611	
1000	0.333000	1.138050	1000	0.333000	0.333000	0.313731	
1000	0.317000	1.138050	1000	0.317000	0.317000	0.313751	
1000	0.319000	1.138050	1000	0.319000	0.319000	0.313783	
1000	0.312000	1.138050	1000	0.312000	0.312000	0.313772	
1000	0.314000	1.138050	1000	0.314000	0.314000	0.313774	
1000	0.306000	1.138050	1000	0.306000	0.306000	0.313727	
1000	0.307000	1.138050	1000	0.307000	0.307000	0.313687	
1000	0.316000	1.138050	1000	0.316000	0.316000	0.313701	
1000	0.289000	1.138050	1000	0.289000	0.289000	0.313554	
1000	0.336000	1.138050	1000	0.336000	0.336000	0.313686	
1000	0.317000	1.138050	1000	0.317000	0.317000	0.313706	
1000	0.317000	1.138050	1000	0.317000	0.317000	0.313725	
1000	0.303000	1.138050	1000	0.303000	0.303000	0.313663	
1000	0.294000	1.138050	1000	0.294000	0.294000	0.313550	
1000	0.314000	1.138050	1000	0.314000	0.314000	0.313552	
1000	0.335000	1.138050	1000	0.335000	0.335000	0.313674	
1000	0.308000	1.138050	1000	0.308000	0.308000	0.313642	
1000	0.310000	1.138050	1000	0.310000	0.310000	0.313622	
1000	0.351000	1.138050	1000	0.351000	0.351000	0.313831	
1000	0.352000	1.138050	1000	0.352000	0.352000	0.314043	
1000	0.309000	1.138050	1000	0.309000	0.309000	0.314015	
1000	0.305000	1.138050	1000	0.305000	0.305000	0.313965	
1000	0.331000	1.138050	1000	0.331000	0.331000	0.314058	
1000	0.318000	1.138050	1000	0.318000	0.318000	0.314080	
1000	0.316000	1.138050	1000	0.316000	0.316000	0.314090	
1000	0.315000	1.138050	1000	0.315000	0.315000	0.314095	
1000	0.319000	1.138050	1000	0.319000	0.319000	0.314121	
1000	0.321000	1.138050	1000	0.321000	0.321000	0.314158	
1000	0.329000	1.138050	1000	0.329000	0.329000	0.314236	
1000	0.332000	1.138050	1000	0.332000	0.332000	0.314330	
1000	0.334000	1.138050	1000	0.334000	0.334000	0.314433	
1000	0.336000	1.138050	1000	0.336000	0.336000	0.314545	
1000	0.335000	1.138050	1000	0.335000	0.335000	0.314651	
1000	0.320000	1.138050	1000	0.320000	0.320000	0.314679	
1000	0.337000	1.138050	1000	0.337000	0.337000	0.314793	
1000	0.319000	1.138050	1000	0.319000	0.319000	0.314815	
1000	0.342000	1.138050	1000	0.342000	0.342000	0.314953	
1000	0.321000	1.138050	1000	0.321000	0.321000	0.314983	
1000	0.327000	1.138050	1000	0.327000	0.327000	0.315044	
1000	0.343000	1.138050	1000	0.343000	0.343000	0.315183	
1000	0.353000	1.138050	1000	0.353000	0.353000	0.315372	
1000	0.323000	1.138050	1000	0.323000	0.323000	0.315409	
1000	0.303000	1.138050	1000	0.303000	0.303000	0.315348	
1000	0.333000	1.138050	1000	0.333000	0.333000	0.315435	
1000	0.305000	1.138050	1000	0.305000	0.305000	0.315384	
1000	0.330000	1.138050	1000	0.330000	0.330000	0.315455	
1000	0.325000	1.138050	1000	0.325000	0.325000	0.315501	
1000	0.299000	1.138050	1000	0.299000	0.299000	0.315422	
1000	0.307000	1.138050	1000	0.307000	0.307000	0.315381	
1000	0.303000	1.138050	1000	0.303000	0.303000	0.315322	
1000	0.338000	1.138050	1000	0.338000	0.338000	0.315430	
1000	0.314000	1.138050	1000	0.314000	0.314000	0.315423	
1000	0.315000	1.138050	1000	0.315000	0.315000	0.315421	
1000	0.314000	1.138050	1000	0.314000	0.314000	0.315414	
1000	0.353000	1.138050	1000	0.353000	0.353000	0.315589	
1000	0.290000	1.138050	1000	0.290000	0.290000	0.315471	
1000	0.320000	1.138050	1000	0.320000	0.320000	0.315492	
1000	0.360000	1.138050	1000	0.360000	0.360000	0.315696	
1000	0.334000	1.138050	1000	0.334000	0.334000	0.315779	
1000	0.313000	1.138050	1000	0.313000	0.313000	0.315767	
1000	0.323000	1.138050	1000	0.323000	0.323000	0.315799	
1000	0.309000	1.138050	1000	0.309000	0.309000	0.315769	
1000	0.342000	1.138050	1000	0.342000	0.342000	0.315886	
1000	0.339000	1.138050	1000	0.339000	0.339000	0.315990	
1000	0.322000	1.138050	1000	0.322000	0.322000	0.316016	
1000	0.303000	1.138050	1000	0.303000	0.303000	0.315959	
1000	0.290000	1.138050	1000	0.290000	0.290000	0.315844	
1000	0.315000	1.138050	1000	0.315000	0.315000	0.315841	
1000	0.324000	1.138050	1000	0.324000	0.324000	0.315876	
1000	0.324000	1.138050	1000	0.324000	0.324000	0.315912	
1000	0.319000	1.138050	1000	0.319000	0.319000	0.315925	
1000	0.315000	1.138050	1000	0.315000	0.315000	0.315921	
1000	0.331000	1.138050	1000	0.331000	0.331000	0.315986	
1000	0.310000	1.138050	1000	0.310000	0.310000	0.315960	
1000	0.320000	1.138050	1000	0.320000	0.320000	0.315977	
1000	0.324000	1.138050	1000	0.324000	0.324000	0.316011	
1000	0.304000	1.138050	1000	0.304000	0.304000	0.315961	
1000	0.295000	1.138050	1000	0.295000	0.295000	0.315873	
1000	0.299000	1.138050	1000	0.299000	0.299000	0.315802	
1000	0.316000	1.138050	1000	0.316000	0.316000	0.315803	
1000	0.327000	1.138050	1000	0.327000	0.327000	0.315849	
1000	0.337000	1.138050	1000	0.337000	0.337000	0.315937	
1000	0.328000	1.138050	1000	0.328000	0.328000	0.315986	
1000	0.362000	1.138050	1000	0.362000	0.362000	0.316175	
1000	0.303000	1.138050	1000	0.303000	0.303000	0.316121	
1000	0.318000	1.138050	1000	0.318000	0.318000	0.316129	
1000	0.329000	1.138050	1000	0.329000	0.329000	0.316181	
1000	0.321000	1.138050	1000	0.321000	0.321000	0.316200	
1000	0.303000	1.138050	1000	0.303000	0.303000	0.316147	
1000	0.333000	1.138050	1000	0.333000	0.333000	0.316215	
1000	0.354000	1.138050	1000	0.354000	0.354000	0.316365	
1000	0.326000	1.138050	1000	0.326000	0.326000	0.316404	
1000	0.340000	1.138050	1000	0.340000	0.340000	0.316497	
1000	0.324000	1.138050	1000	0.324000	0.324000	0.316526	
1000	0.331000	1.138050	1000	0.331000	0.331000	0.316583	
1000	0.303000	1.138050	1000	0.303000	0.303000	0.316530	
1000	0.313000	1.138050	1000	0.313000	0.313000	0.316516	
1000	0.314000	1.138050	1000	0.314000	0.314000	0.316507	
1000	0.316000	1.138050	1000	0.316000	0.316000	0.316505	
1000	0.317000	1.138050	1000	0.317000	0.317000	0.316506	
1000	0.321000	1.138050	1000	0.321000	0.321000	0.316524	
1000	0.352000	1.138050	1000	0.352000	0.352000	0.316659	
1000	0.326000	1.138050	1000	0.326000	0.326000	0.316695	
1000	0.345000	1.138050	1000	0.345000	0.345000	0.316802	
1000	0.329000	1.138050	1000	0.329000	0.329000	0.316848	
1000	0.310000	1.138050	1000	0.310000	0.310000	0.316822	
1000	0.320000	1.138050	1000	0.320000	0.320000	0.316834	
1000	0.321000	1.138050	1000	0.321000	0.321000	0.316850	
1000	0.327000	1.138050	1000	0.327000	0.327000	0.316887	
1000	0.350000	1.138050	1000	0.350000	0.350000	0.317010	
1000	0.342000	1.138050	1000	0.342000	0.342000	0.317102	
1000	0.338000	1.138050	1000	0.338000	0.338000	0.317179	
1000	0.335000	1.138050	1000	0.335000	0.335000	0.317244	
1000	0.321000	1.138050	1000	0.321000	0.321000	0.317258	
1000	0.296000	1.138050	1000	0.296000	0.296000	0.317181	
1000	0.316000	1.138050	1000	0.316000	0.316000	0.317176	
1000	0.314000	1.138050	1000	0.314000	0.314000	0.317165	
1000	0.315000	1.138050	1000	0.315000	0.315000	0.317157	
1000	0.332000	1.138050	1000	0.332000	0.332000	0.317210	
1000	0.312000	1.138050	1000	0.312000	0.312000	0.317192	
1000	0.353000	1.138050	1000	0.353000	0.353000	0.317319	
1000	0.317000	1.138050	1000	0.317000	0.317000	0.317318	
1000	0.304000	1.138050	1000	0.304000	0.304000	0.317271	
1000	0.322000	1.138050	1000	0.322000	0.322000	0.317288	
1000	0.320000	1.138050	1000	0.320000	0.320000	0.317297	
1000	0.337000	1.138050	1000	0.337000	0.337000	0.317366	
1000	0.315000	1.138050	1000	0.315000	0.315000	0.317358	
1000	0.341000	1.138050	1000	0.341000	0.341000	0.317440	
1000	0.294000	1.138050	1000	0.294000	0.294000	0.317359	
1000	0.300000	1.138050	1000	0.300000	0.300000	0.317299	
1000	0.346000	1.138050	1000	0.346000	0.346000	0.317398	
1000	0.334000	1.138050	1000	0.334000	0.334000	0.317454	
1000	0.295000	1.138050	1000	0.295000	0.295000	0.317378	
1000	0.305000	1.138050	1000	0.305000	0.305000	0.317336	
1000	0.302000	1.138050	1000	0.302000	0.302000	0.317284	
1000	0.330000	1.138050	1000	0.330000	0.330000	0.317327	
1000	0.326000	1.138050	1000	0.326000	0.326000	0.317356	
1000	0.319000	1.138050	1000	0.319000	0.319000	0.317361	
1000	0.315000	1.138050	1000	0.315000	0.315000	0.317353	
1000	0.325000	1.138050	1000	0.325000	0.325000	0.317379	
1000	0.315000	1.138050	1000	0.315000	0.315000	0.317371	
1000	0.356000	1.138050	1000	0.356000	0.356000	0.317499	
1000	0.318000	1.138050	1000	0.318000	0.318000	0.317501	
1000	0.343000	1.138050	1000	0.343000	0.343000	0.317584	
1000	0.332000	1.138050	1000	0.332000	0.332000	0.317632	
1000	0.329000	1.138050	1000	0.329000	0.329000	0.317669	
1000	0.333000	1.138050	1000	0.333000	0.333000	0.317719	
1000	0.334000	1.138050	1000	0.334000	0.334000	0.317772	
1000	0.339000	1.138050	1000	0.339000	0.339000	0.317840	
1000	0.358000	1.138050	1000	0.358000	0.358000	0.317970	
1000	0.334000	1.138050	1000	0.334000	0.334000	0.318021	
1000	0.333000	1.138050	1000	0.333000	0.333000	0.318069	
1000	0.327000	1.138050	1000	0.327000	0.327000	0.318098	
1000	0.331000	1.138050	1000	0.331000	0.331000	0.318139	
1000	0.307000	1.138050	1000	0.307000	0.307000	0.318104	
1000	0.326000	1.138050	1000	0.326000	0.326000	0.318129	
1000	0.352000	1.138050	1000	0.352000	0.352000	0.318236	
1000	0.314000	1.138050	1000	0.314000	0.314000	0.318222	
1000	0.305000	1.138050	1000	0.305000	0.305000	0.318181	
1000	0.317000	1.138050	1000	0.317000	0.317000	0.318177	
1000	0.340000	1.138050	1000	0.340000	0.340000	0.318245	
1000	0.302000	1.138050	1000	0.302000	0.302000	0.318195	
1000	0.344000	1.138050	1000	0.344000	0.344000	0.318275	
1000	0.334000	1.138050	1000	0.334000	0.334000	0.318323	
1000	0.325000	1.138050	1000	0.325000	0.325000	0.318344	
1000	0.348000	1.138050	1000	0.348000	0.348000	0.318435	
1000	0.325000	1.138050	1000	0.325000	0.325000	0.318455	
1000	0.323000	1.138050	1000	0.323000	0.323000	0.318469	
1000	0.317000	1.138050	1000	0.317000	0.317000	0.318464	
1000	0.316000	1.138050	1000	0.316000	0.316000	0.318457	
1000	0.318000	1.138050	1000	0.318000	0.318000	0.318455	
1000	0.331000	1.138050	1000	0.331000	0.331000	0.318493	
1000	0.302000	1.138050	1000	0.302000	0.302000	0.318443	
1000	0.325000	1.138050	1000	0.325000	0.325000	0.318463	
1000	0.328000	1.138050	1000	0.328000	0.328000	0.318492	
1000	0.331000	1.138050	1000	0.331000	0.331000	0.318529	
1000	0.328000	1.138050	1000	0.328000	0.328000	0.318557	
1000	0.299000	1.138050	1000	0.299000	0.299000	0.318499	
1000	0.307000	1.138050	1000	0.307000	0.307000	0.318465	
1000	0.304000	1.138050	1000	0.304000	0.304000	0.318423	
1000	0.309000	1.138050	1000	0.309000	0.309000	0.318395	
1000	0.325000	1.138050	1000	0.325000	0.325000	0.318414	
1000	0.310000	1.138050	1000	0.310000	0.310000	0.318390	
1000	0.330000	1.138050	1000	0.330000	0.330000	0.318423	
1000	0.336000	1.138050	1000	0.336000	0.336000	0.318474	
1000	0.311000	1.138050	1000	0.311000	0.311000	0.318453	
1000	0.359000	1.138050	1000	0.359000	0.359000	0.318570	
1000	0.326000	1.138050	1000	0.326000	0.326000	0.318591	
1000	0.315000	1.138050	1000	0.315000	0.315000	0.318581	
1000	0.313000	1.138050	1000	0.313000	0.313000	0.318565	
1000	0.316000	1.138050	1000	0.316000	0.316000	0.318557	
1000	0.285000	1.138050	1000	0.285000	0.285000	0.318462	
1000	0.334000	1.138050	1000	0.334000	0.334000	0.318506	
1000	0.321000	1.138050	1000	0.321000	0.321000	0.318513	
1000	0.325000	1.138050	1000	0.325000	0.325000	0.318531	
1000	0.328000	1.138050	1000	0.328000	0.328000	0.318558	
1000	0.324000	1.138050	1000	0.324000	0.324000	0.318573	
1000	0.325000	1.138050	1000	0.325000	0.325000	0.318591	
1000	0.303000	1.138050	1000	0.303000	0.303000	0.318548	
1000	0.322000	1.138050	1000	0.322000	0.322000	0.318557	
1000	0.326000	1.138050	1000	0.326000	0.326000	0.318578	
1000	0.319000	1.138050	1000	0.319000	0.319000	0.318579	
1000	0.318000	1.138050	1000	0.318000	0.318000	0.318578	
1000	0.342000	1.138050	1000	0.342000	0.342000	0.318642	
1000	0.365000	1.138050	1000	0.365000	0.365000	0.318769	
1000	0.353000	1.138050	1000	0.353000	0.353000	0.318863	
1000	0.310000	1.138050	1000	0.310000	0.310000	0.318838	
1000	0.354000	1.138050	1000	0.354000	0.354000	0.318934	
1000	0.313000	1.138050	1000	0.313000	0.313000	0.318918	
1000	0.330000	1.138050	1000	0.330000	0.330000	0.318948	
1000	0.301000	1.138050	1000	0.301000	0.301000	0.318899	
1000	0.308000	1.138050	1000	0.308000	0.308000	0.318870	
1000	0.325000	1.138050	1000	0.325000	0.325000	0.318887	
1000	0.311000	1.138050	1000	0.311000	0.311000	0.318865	
1000	0.332000	1.138050	1000	0.332000	0.332000	0.318900	
1000	0.299000	1.138050	1000	0.299000	0.299000	0.318848	
1000	0.319000	1.138050	1000	0.319000	0.319000	0.318848	
1000	0.335000	1.138050	1000	0.335000	0.335000	0.318891	
1000	0.328000	1.138050	1000	0.328000	0.328000	0.318915	
1000	0.327000	1.138050	1000	0.327000	0.327000	0.318936	
1000	0.325000	1.138050	1000	0.325000	0.325000	0.318952	
1000	0.319000	1.138050	1000	0.319000	0.319000	0.318952	
1000	0.310000	1.138050	1000	0.310000	0.310000	0.318929	
1000	0.346000	1.138050	1000	0.346000	0.346000	0.318999	
1000	0.320000	1.138050	1000	0.320000	0.320000	0.319002	
1000	0.327000	1.138050	1000	0.327000	0.327000	0.319022	
1000	0.311000	1.138050	1000	0.311000	0.311000	0.319002	
1000	0.297000	1.138050	1000	0.297000	0.297000	0.318945	
1000	0.299000	1.138050	1000	0.299000	0.299000	0.318894	
1000	0.338000	1.138050	1000	0.338000	0.338000	0.318943	
1000	0.307000	1.138050	1000	0.307000	0.307000	0.318912	
1000	0.360000	1.138050	1000	0.360000	0.360000	0.319017	
1000	0.335000	1.138050	1000	0.335000	0.335000	0.319058	
1000	0.323000	1.138050	1000	0.323000	0.323000	0.319068	
1000	0.318000	1.138050	1000	0.318000	0.318000	0.319065	
1000	0.288000	1.138050	1000	0.288000	0.288000	0.318987	
1000	0.335000	1.138050	1000	0.335000	0.335000	0.319027	
1000	0.319000	1.138050	1000	0.319000	0.319000	0.319027	
1000	0.349000	1.138050	1000	0.349000	0.349000	0.319102	
1000	0.310000	1.138050	1000	0.310000	0.310000	0.319079	
1000	0.283000	1.138050	1000	0.283000	0.283000	0.318989	
1000	0.295000	1.138050	1000	0.295000	0.295000	0.318930	
1000	0.331000	1.138050	1000	0.331000	0.331000	0.318960	
1000	0.363000	1.138050	1000	0.363000	0.363000	0.319069	
1000	0.339000	1.138050	1000	0.339000	0.339000	0.319118	
1000	0.380000	1.138050	1000	0.380000	0.380000	0.319268	
1000	0.303000	1.138050	1000	0.303000	0.303000	0.319228	
1000	0.293000	1.138050	1000	0.293000	0.293000	0.319163	
1000	0.329000	1.138050	1000	0.329000	0.329000	0.319187	
1000	0.326000	1.138050	1000	0.326000	0.326000	0.319204	
1000	0.311000	1.138050	1000	0.311000	0.311000	0.319184	
1000	0.335000	1.138050	1000	0.335000	0.335000	0.319223	
1000	0.318000	1.138050	1000	0.318000	0.318000	0.319220	
1000	0.324000	1.138050	1000	0.324000	0.324000	0.319231	
1000	0.299000	1.138050	1000	0.299000	0.299000	0.319182	
1000	0.342000	1.138050	1000	0.342000	0.342000	0.319237	
1000	0.328000	1.138050	1000	0.328000	0.328000	0.319258	
1000	0.285000	1.138050	1000	0.285000	0.285000	0.319176	
1000	0.351000	1.138050	1000	0.351000	0.351000	0.319252	
1000	0.314000	1.138050	1000	0.314000	0.314000	0.319240	
1000	0.299000	1.138050	1000	0.299000	0.299000	0.319192	
1000	0.309000	1.138050	1000	0.309000	0.309000	0.319167	
1000	0.344000	1.138050	1000	0.344000	0.344000	0.319226	
1000	0.314000	1.138050	1000	0.314000	0.314000	0.319214	
1000	0.315000	1.138050	1000	0.315000	0.315000	0.319204	
1000	0.327000	1.138050	1000	0.327000	0.327000	0.319222	
1000	0.311000	1.138050	1000	0.311000	0.311000	0.319203	
1000	0.336000	1.138050	1000	0.336000	0.336000	0.319242	
1000	0.354000	1.138050	1000	0.354000	0.354000	0.319323	
1000	0.303000	1.138050	1000	0.303000	0.303000	0.319285	
1000	0.316000	1.138050	1000	0.316000	0.316000	0.319278	
1000	0.333000	1.138050	1000	0.333000	0.333000	0.319309	
1000	0.320000	1.138050	1000	0.320000	0.320000	0.319311	
1000	0.310000	1.138050	1000	0.310000	0.310000	0.319290	
1000	0.345000	1.138050	1000	0.345000	0.345000	0.319349	
1000	0.330000	1.138050	1000	0.330000	0.330000	0.319373	
1000	0.335000	1.138050	1000	0.335000	0.335000	0.319409	
1000	0.341000	1.138050	1000	0.341000	0.341000	0.319458	
1000	0.322000	1.138050	1000	0.322000	0.322000	0.319464	
1000	0.321000	1.138050	1000	0.321000	0.321000	0.319467	
1000	0.332000	1.138050	1000	0.332000	0.332000	0.319496	
1000	0.320000	1.138050	1000	0.320000	0.320000	0.319497	
1000	0.320000	1.138050	1000	0.320000	0.320000	0.319498	
1000	0.292000	1.138050	1000	0.292000	0.292000	0.319436	
1000	0.307000	1.138050	1000	0.307000	0.307000	0.319408	
1000	0.334000	1.138050	1000	0.334000	0.334000	0.319441	
1000	0.307000	1.138050	1000	0.307000	0.307000	0.319413	
1000	0.304000	1.138050	1000	0.304000	0.304000	0.319379	
1000	0.283000	1.138050	1000	0.283000	0.283000	0.319298	
1000	0.354000	1.138050	1000	0.354000	0.354000	0.319375	
1000	0.311000	1.138050	1000	0.311000	0.311000	0.319356	
1000	0.337000	1.138050	1000	0.337000	0.337000	0.319395	
1000	0.336000	1.138050	1000	0.336000	0.336000	0.319432	
1000	0.321000	1.138050	1000	0.321000	0.321000	0.319435	
1000	0.325000	1.138050	1000	0.325000	0.325000	0.319448	
1000	0.336000	1.138050	1000	0.336000	0.336000	0.319484	
1000	0.338000	1.138050	1000	0.338000	0.338000	0.319524	
1000	0.328000	1.138050	1000	0.328000	0.328000	0.319543	
1000	0.352000	1.138050	1000	0.352000	0.352000	0.319614	
1000	0.311000	1.138050	1000	0.311000	0.311000	0.319595	
1000	0.312000	1.138050	1000	0.312000	0.312000	0.319578	
1000	0.291000	1.138050	1000	0.291000	0.291000	0.319517	
1000	0.319000	1.138050	1000	0.319000	0.319000	0.319516	
1000	0.321000	1.138050	1000	0.321000	0.321000	0.319519	
1000	0.288000	1.138050	1000	0.288000	0.288000	0.319451	
1000	0.309000	1.138050	1000	0.309000	0.309000	0.319428	
1000	0.331000	1.138050	1000	0.331000	0.331000	0.319453	
1000	0.305000	1.138050	1000	0.305000	0.305000	0.319422	
1000	0.304000	1.138050	1000	0.304000	0.304000	0.319390	
1000	0.324000	1.138050	1000	0.324000	0.324000	0.319399	
1000	0.296000	1.138050	1000	0.296000	0.296000	0.319350	
1000	0.316000	1.138050	1000	0.316000	0.316000	0.319343	
1000	0.329000	1.138050	1000	0.329000	0.329000	0.319363	
1000	0.333000	1.138050	1000	0.333000	0.333000	0.319392	
1000	0.323000	1.138050	1000	0.323000	0.323000	0.319399	
1000	0.333000	1.138050	1000	0.333000	0.333000	0.319428	
1000	0.286000	1.138050	1000	0.286000	0.286000	0.319358	
1000	0.332000	1.138050	1000	0.332000	0.332000	0.319384	
1000	0.325000	1.138050	1000	0.325000	0.325000	0.319396	
1000	0.308000	1.138050	1000	0.308000	0.308000	0.319372	
1000	0.298000	1.138050	1000	0.298000	0.298000	0.319328	
1000	0.333000	1.138050	1000	0.333000	0.333000	0.319356	
1000	0.323000	1.138050	1000	0.323000	0.323000	0.319364	
1000	0.317000	1.138050	1000	0.317000	0.317000	0.319359	
1000	0.289000	1.138050	1000	0.289000	0.289000	0.319296	
1000	0.312000	1.138050	1000	0.312000	0.312000	0.319281	
1000	0.313000	1.138050	1000	0.313000	0.313000	0.319268	
1000	0.309000	1.138050	1000	0.309000	0.309000	0.319247	
1000	0.309000	1.138050	1000	0.309000	0.309000	0.319226	
1000	0.306000	1.138050	1000	0.306000	0.306000	0.319199	
1000	0.308000	1.138050	1000	0.308000	0.308000	0.319177	
1000	0.324000	1.138050	1000	0.324000	0.324000	0.319186	
1000	0.323000	1.138050	1000	0.323000	0.323000	0.319194	
1000	0.330000	1.138050	1000	0.330000	0.330000	0.319216	
1000	0.343000	1.138050	1000	0.343000	0.343000	0.319264	
1000	0.304000	1.138050	1000	0.304000	0.304000	0.319233	
1000	0.326000	1.138050	1000	0.326000	0.326000	0.319247	
1000	0.324000	1.138050	1000	0.324000	0.324000	0.319256	
1000	0.306000	1.138050	1000	0.306000	0.306000	0.319230	
1000	0.335000	1.138050	1000	0.335000	0.335000	0.319261	
1000	0.348000	1.138050	1000	0.348000	0.348000	0.319319	
1000	0.322000	1.138050	1000	0.322000	0.322000	0.319324	
1000	0.319000	1.138050	1000	0.319000	0.319000	0.319323	
1000	0.315000	1.138050	1000	0.315000	0.315000	0.319315	
1000	0.318000	1.138050	1000	0.318000	0.318000	0.319312	
1000	0.309000	1.138050	1000	0.309000	0.309000	0.319292	
1000	0.343000	1.138050	1000	0.343000	0.343000	0.319339	
1000	0.300000	1.138050	1000	0.300000	0.300000	0.319301	
1000	0.303000	1.138050	1000	0.303000	0.303000	0.319269	
1000	0.291000	1.138050	1000	0.291000	0.291000	0.319213	
1000	0.318000	1.138050	1000	0.318000	0.318000	0.319211	
1000	0.289000	1.138050	1000	0.289000	0.289000	0.319152	
1000	0.326000	1.138050	1000	0.326000	0.326000	0.319165	
1000	0.350000	1.138050	1000	0.350000	0.350000	0.319225	
1000	0.326000	1.138050	1000	0.326000	0.326000	0.319238	
1000	0.310000	1.138050	1000	0.310000	0.310000	0.319220	
1000	0.329000	1.138050	1000	0.329000	0.329000	0.319239	
1000	0.318000	1.138050	1000	0.318000	0.318000	0.319237	
1000	0.324000	1.138050	1000	0.324000	0.324000	0.319246	
1000	0.319000	1.138050	1000	0.319000	0.319000	0.319246	
1000	0.332000	1.138050	1000	0.332000	0.332000	0.319270	
1000	0.308000	1.138050	1000	0.308000	0.308000	0.319248	
1000	0.309000	1.138050	1000	0.309000	0.309000	0.319229	
1000	0.324000	1.138050	1000	0.324000	0.324000	0.319238	
1000	0.327000	1.138050	1000	0.327000	0.327000	0.319253	
1000	0.295000	1.138050	1000	0.295000	0.295000	0.319207	
1000	0.309000	1.138050	1000	0.309000	0.309000	0.319187	
1000	0.333000	1.138050	1000	0.333000	0.333000	0.319213	
1000	0.306000	1.138050	1000	0.306000	0.306000	0.319188	
1000	0.327000	1.138050	1000	0.327000	0.327000	0.319203	
1000	0.326000	1.138050	1000	0.326000	0.326000	0.319216	
1000	0.334000	1.138050	1000	0.334000	0.334000	0.319244	
1000	0.342000	1.138050	1000	0.342000	0.342000	0.319286	
1000	0.325000	1.138050	1000	0.325000	0.325000	0.319297	
1000	0.305000	1.138050	1000	0.305000	0.305000	0.319270	
1000	0.308000	1.138050	1000	0.308000	0.308000	0.319249	
1000	0.346000	1.138050	1000	0.346000	0.346000	0.319299	
1000	0.323000	1.138050	1000	0.323000	0.323000	0.319306	
1000	0.342000	1.138050	1000	0.342000	0.342000	0.319348	
1000	0.332000	1.138050	1000	0.332000	0.332000	0.319372	
1000	0.302000	1.138050	1000	0.302000	0.302000	0.319340	
1000	0.311000	1.138050	1000	0.311000	0.311000	0.319324	
1000	0.311000	1.138050	1000	0.311000	0.311000	0.319309	
1000	0.338000	1.138050	1000	0.338000	0.338000	0.319343	
1000	0.344000	1.138050	1000	0.344000	0.344000	0.319388	
1000	0.340000	1.138050	1000	0.340000	0.340000	0.319426	
1000	0.303000	1.138050	1000	0.303000	0.303000	0.319396	
1000	0.310000	1.138050	1000	0.310000	0.310000	0.319379	
1000	0.344000	1.138050	1000	0.344000	0.344000	0.319424	
1000	0.336000	1.138050	1000	0.336000	0.336000	0.319454	
1000	0.320000	1.138050	1000	0.320000	0.320000	0.319455	
1000	0.348000	1.138050	1000	0.348000	0.348000	0.319507	
1000	0.303000	1.138050	1000	0.303000	0.303000	0.319477	
1000	0.320000	1.138050	1000	0.320000	0.320000	0.319478	
1000	0.335000	1.138050	1000	0.335000	0.335000	0.319506	
1000	0.335000	1.138050	1000	0.335000	0.335000	0.319534	
1000	0.342000	1.138050	1000	0.342000	0.342000	0.319574	
1000	0.317000	1.138050	1000	0.317000	0.317000	0.319569	
1000	0.363000	1.138050	1000	0.363000	0.363000	0.319647	
1000	0.342000	1.138050	1000	0.342000	0.342000	0.319687	
1000	0.341000	1.138050	1000	0.341000	0.341000	0.319725	
1000	0.311000	1.138050	1000	0.311000	0.311000	0.319709	
1000	0.347000	1.138050	1000	0.347000	0.347000	0.319758	
1000	0.321000	1.138050	1000	0.321000	0.321000	0.319760	
1000	0.307000	1.138050	1000	0.307000	0.307000	0.319737	
1000	0.314000	1.138050	1000	0.314000	0.314000	0.319727	
1000	0.339000	1.138050	1000	0.339000	0.339000	0.319761	
1000	0.310000	1.138050	1000	0.310000	0.310000	0.319744	
1000	0.348000	1.138050	1000	0.348000	0.348000	0.319794	
1000	0.323000	1.138050	1000	0.323000	0.323000	0.319799	
1000	0.355000	1.138050	1000	0.355000	0.355000	0.319861	
1000	0.321000	1.138050	1000	0.321000	0.321000	0.319863	
1000	0.330000	1.138050	1000	0.330000	0.330000	0.319881	
1000	0.327000	1.138050	1000	0.327000	0.327000	0.319893	
1000	0.372000	1.138050	1000	0.372000	0.372000	0.319984	
1000	0.312000	1.138050	1000	0.312000	0.312000	0.319970	
1000	0.358000	1.138050	1000	0.358000	0.358000	0.320036	
1000	0.329000	1.138050	1000	0.329000	0.329000	0.320051	
1000	0.299000	1.138050	1000	0.299000	0.299000	0.320015	
1000	0.371000	1.138050	1000	0.371000	0.371000	0.320103	
1000	0.306000	1.138050	1000	0.306000	0.306000	0.320079	
1000	0.293000	1.138050	1000	0.293000	0.293000	0.320032	
1000	0.346000	1.138050	1000	0.346000	0.346000	0.320077	
1000	0.356000	1.138050	1000	0.356000	0.356000	0.320138	
1000	0.327000	1.138050	1000	0.327000	0.327000	0.320150	
1000	0.289000	1.138050	1000	0.289000	0.289000	0.320097	
1000	0.318000	1.138050	1000	0.318000	0.318000	0.320093	
1000	0.327000	1.138050	1000	0.327000	0.327000	0.320105	
1000	0.289000	1.138050	1000	0.289000	0.289000	0.320052	
1000	0.286000	1.138050	1000	0.286000	0.286000	0.319994	
1000	0.348000	1.138050	1000	0.348000	0.348000	0.320042	
1000	0.335000	1.138050	1000	0.335000	0.335000	0.320067	
1000	0.336000	1.138050	1000	0.336000	0.336000	0.320094	
1000	0.319000	1.138050	1000	0.319000	0.319000	0.320092	
1000	0.321000	1.138050	1000	0.321000	0.321000	0.320094	
1000	0.337000	1.138050	1000	0.337000	0.337000	0.320122	
1000	0.318000	1.138050	1000	0.318000	0.318000	0.320118	
1000	0.356000	1.138050	1000	0.356000	0.356000	0.320178	
1000	0.349000	1.138050	1000	0.349000	0.349000	0.320227	
1000	0.287000	1.138050	1000	0.287000	0.287000	0.320171	
1000	0.331000	1.138050	1000	0.331000	0.331000	0.320189	
1000	0.315000	1.138050	1000	0.315000	0.315000	0.320181	
1000	0.303000	1.138050	1000	0.303000	0.303000	0.320152	
1000	0.329000	1.138050	1000	0.329000	0.329000	0.320167	
1000	0.291000	1.138050	1000	0.291000	0.291000	0.320118	
1000	0.315000	1.138050	1000	0.315000	0.315000	0.320110	
1000	0.339000	1.138050	1000	0.339000	0.339000	0.320141	
1000	0.308000	1.138050	1000	0.308000	0.308000	0.320121	
1000	0.359000	1.138050	1000	0.359000	0.359000	0.320185	
1000	0.340000	1.138050	1000	0.340000	0.340000	0.320218	
1000	0.297000	1.138050	1000	0.297000	0.297000	0.320180	
1000	0.329000	1.138050	1000	0.329000	0.329000	0.320194	
1000	0.306000	1.138050	1000	0.306000	0.306000	0.320171	
1000	0.319000	1.138050	1000	0.319000	0.319000	0.320169	
1000	0.354000	1.138050	1000	0.354000	0.354000	0.320224	
1000	0.304000	1.138050	1000	0.304000	0.304000	0.320198	
1000	0.328000	1.138050	1000	0.328000	0.328000	0.320210	
1000	0.310000	1.138050	1000	0.310000	0.310000	0.320194	
1000	0.360000	1.138050	1000	0.360000	0.360000	0.320258	
1000	0.315000	1.138050	1000	0.315000	0.315000	0.320249	
1000	0.319000	1.138050	1000	0.319000	0.319000	0.320247	
1000	0.337000	1.138050	1000	0.337000	0.337000	0.320274	
1000	0.347000	1.138050	1000	0.347000	0.347000	0.320317	
1000	0.319000	1.138050	1000	0.319000	0.319000	0.320315	
1000	0.346000	1.138050	1000	0.346000	0.346000	0.320356	
1000	0.295000	1.138050	1000	0.295000	0.295000	0.320316	
1000	0.350000	1.138050	1000	0.350000	0.350000	0.320363	
1000	0.316000	1.138050	1000	0.316000	0.316000	0.320356	
1000	0.316000	1.138050	1000	0.316000	0.316000	0.320349	
1000	0.329000	1.138050	1000	0.329000	0.329000	0.320363	
1000	0.327000	1.138050	1000	0.327000	0.327000	0.320374	
1000	0.304000	1.138050	1000	0.304000	0.304000	0.320348	
1000	0.348000	1.138050	1000	0.348000	0.348000	0.320391	
1000	0.308000	1.138050	1000	0.308000	0.308000	0.320372	
1000	0.347000	1.138050	1000	0.347000	0.347000	0.320414	
1000	0.321000	1.138050	1000	0.321000	0.321000	0.320415	
1000	0.329000	1.138050	1000	0.329000	0.329000	0.320428	
1000	0.307000	1.138050	1000	0.307000	0.307000	0.320407	
1000	0.328000	1.138050	1000	0.328000	0.328000	0.320419	
1000	0.310000	1.138050	1000	0.310000	0.310000	0.320403	
1000	0.341000	1.138050	1000	0.341000	0.341000	0.320435	
1000	0.291000	1.138050	1000	0.291000	0.291000	0.320389	
1000	0.301000	1.138050	1000	0.301000	0.301000	0.320359	
1000	0.306000	1.138050	1000	0.306000	0.306000	0.320336	
1000	0.329000	1.138050	1000	0.329000	0.329000	0.320350	
1000	0.295000	1.138050	1000	0.295000	0.295000	0.320311	
1000	0.288000	1.138050	1000	0.288000	0.288000	0.320261	
1000	0.352000	1.138050	1000	0.352000	0.352000	0.320310	
1000	0.336000	1.138050	1000	0.336000	0.336000	0.320334	
1000	0.326000	1.138050	1000	0.326000	0.326000	0.320343	
1000	0.314000	1.138050	1000	0.314000	0.314000	0.320333	
1000	0.352000	1.138050	1000	0.352000	0.352000	0.320381	
1000	0.304000	1.138050	1000	0.304000	0.304000	0.320356	
1000	0.318000	1.138050	1000	0.318000	0.318000	0.320353	
1000	0.342000	1.138050	1000	0.342000	0.342000	0.320386	
1000	0.290000	1.138050	1000	0.290000	0.290000	0.320339	
1000	0.331000	1.138050	1000	0.331000	0.331000	0.320356	
1000	0.307000	1.138050	1000	0.307000	0.307000	0.320335	
1000	0.316000	1.138050	1000	0.316000	0.316000	0.320329	
1000	0.335000	1.138050	1000	0.335000	0.335000	0.320351	
1000	0.338000	1.138050	1000	0.338000	0.338000	0.320378	
1000	0.319000	1.138050	1000	0.319000	0.319000	0.320376	
1000	0.317000	1.138050	1000	0.317000	0.317000	0.320371	
1000	0.324000	1.138050	1000	0.324000	0.324000	0.320376	
1000	0.321000	1.138050	1000	0.321000	0.321000	0.320377	
1000	0.333000	1.138050	1000	0.333000	0.333000	0.320396	
1000	0.322000	1.138050	1000	0.322000	0.322000	0.320398	
1000	0.317000	1.138050	1000	0.317000	0.317000	0.320393	
1000	0.328000	1.138050	1000	0.328000	0.328000	0.320405	
1000	0.327000	1.138050	1000	0.327000	0.327000	0.320414	
1000	0.313000	1.138050	1000	0.313000	0.313000	0.320403	
1000	0.343000	1.138050	1000	0.343000	0.343000	0.320437	
1000	0.317000	1.138050	1000	0.317000	0.317000	0.320432	
1000	0.333000	1.138050	1000	0.333000	0.333000	0.320451	
1000	0.317000	1.138050	1000	0.317000	0.317000	0.320445	
1000	0.325000	1.138050	1000	0.325000	0.325000	0.320452	
1000	0.328000	1.138050	1000	0.328000	0.328000	0.320463	
1000	0.329000	1.138050	1000	0.329000	0.329000	0.320476	
1000	0.332000	1.138050	1000	0.332000	0.332000	0.320493	
1000	0.353000	1.138050	1000	0.353000	0.353000	0.320541	
1000	0.335000	1.138050	1000	0.335000	0.335000	0.320562	
1000	0.300000	1.138050	1000	0.300000	0.300000	0.320532	
1000	0.324000	1.138050	1000	0.324000	0.324000	0.320537	
1000	0.316000	1.138050	1000	0.316000	0.316000	0.320530	
1000	0.329000	1.138050	1000	0.329000	0.329000	0.320543	
1000	0.331000	1.138050	1000	0.331000	0.331000	0.320558	
1000	0.346000	1.138050	1000	0.346000	0.346000	0.320595	
1000	0.307000	1.138050	1000	0.307000	0.307000	0.320575	
1000	0.322000	1.138050	1000	0.322000	0.322000	0.320577	
1000	0.316000	1.138050	1000	0.316000	0.316000	0.320571	
1000	0.321000	1.138050	1000	0.321000	0.321000	0.320571	
1000	0.343000	1.138050	1000	0.343000	0.343000	0.320604	
1000	0.312000	1.138050	1000	0.312000	0.312000	0.320591	
1000	0.319000	1.138050	1000	0.319000	0.319000	0.320589	
1000	0.332000	1.138050	1000	0.332000	0.332000	0.320605	
1000	0.327000	1.138050	1000	0.327000	0.327000	0.320614	
1000	0.310000	1.138050	1000	0.310000	0.310000	0.320599	
1000	0.337000	1.138050	1000	0.337000	0.337000	0.320623	
1000	0.304000	1.138050	1000	0.304000	0.304000	0.320599	
1000	0.325000	1.138050	1000	0.325000	0.325000	0.320605	
1000	0.324000	1.138050	1000	0.324000	0.324000	0.320610	
1000	0.312000	1.138050	1000	0.312000	0.312000	0.320598	
1000	0.317000	1.138050	1000	0.317000	0.317000	0.320593	
1000	0.337000	1.138050	1000	0.337000	0.337000	0.320616	
1000	0.342000	1.138050	1000	0.342000	0.342000	0.320646	
1000	0.321000	1.138050	1000	0.321000	0.321000	0.320647	
1000	0.308000	1.138050	1000	0.308000	0.308000	0.320629	
1000	0.319000	1.138050	1000	0.319000	0.319000	0.320627	
1000	0.319000	1.138050	1000	0.319000	0.319000	0.320624	
1000	0.286000	1.138050	1000	0.286000	0.286000	0.320576	
1000	0.335000	1.138050	1000	0.335000	0.335000	0.320596	
1000	0.332000	1.138050	1000	0.332000	0.332000	0.320612	
1000	0.339000	1.138050	1000	0.339000	0.339000	0.320638	
1000	0.300000	1.138050	1000	0.300000	0.300000	0.320609	
1000	0.310000	1.138050	1000	0.310000	0.310000	0.320594	
1000	0.295000	1.138050	1000	0.295000	0.295000	0.320558	
1000	0.305000	1.138050	1000	0.305000	0.305000	0.320537	
1000	0.328000	1.138050	1000	0.328000	0.328000	0.320547	
1000	0.319000	1.138050	1000	0.319000	0.319000	0.320545	
1000	0.290000	1.138050	1000	0.290000	0.290000	0.320502	
1000	0.320000	1.138050	1000	0.320000	0.320000	0.320502	
1000	0.339000	1.138050	1000	0.339000	0.339000	0.320527	
1000	0.318000	1.138050	1000	0.318000	0.318000	0.320524	
1000	0.294000	1.138050	1000	0.294000	0.294000	0.320487	
1000	0.328000	1.138050	1000	0.328000	0.328000	0.320497	
1000	0.336000	1.138050	1000	0.336000	0.336000	0.320519	
1000	0.316000	1.138050	1000	0.316000	0.316000	0.320513	
1000	0.350000	1.138050	1000	0.350000	0.350000	0.320553	
1000	0.324000	1.138050	1000	0.324000	0.324000	0.320558	
1000	0.337000	1.138050	1000	0.337000	0.337000	0.320580	
1000	0.320000	1.138050	1000	0.320000	0.320000	0.320580	
1000	0.339000	1.138050	1000	0.339000	0.339000	0.320605	
1000	0.343000	1.138050	1000	0.343000	0.343000	0.320635	
1000	0.331000	1.138050	1000	0.331000	0.331000	0.320649	
1000	0.300000	1.138050	1000	0.300000	0.300000	0.320621	
1000	0.336000	1.138050	1000	0.336000	0.336000	0.320642	
1000	0.320000	1.138050	1000	0.320000	0.320000	0.320641	
1000	0.308000	1.138050	1000	0.308000	0.308000	0.320624	
1000	0.367000	1.138050	1000	0.367000	0.367000	0.320687	
1000	0.318000	1.138050	1000	0.318000	0.318000	0.320683	
1000	0.303000	1.138050	1000	0.303000	0.303000	0.320659	
1000	0.321000	1.138050	1000	0.321000	0.321000	0.320660	
1000	0.318000	1.138050	1000	0.318000	0.318000	0.320656	
1000	0.325000	1.138050	1000	0.325000	0.325000	0.320662	
1000	0.320000	1.138050	1000	0.320000	0.320000	0.320661	
1000	0.330000	1.138050	1000	0.330000	0.330000	0.320674	
1000	0.318000	1.138050	1000	0.318000	0.318000	0.320670	
1000	0.329000	1.138050	1000	0.329000	0.329000	0.320681	
1000	0.345000	1.138050	1000	0.345000	0.345000	0.320714	
1000	0.298000	1.138050	1000	0.298000	0.298000	0.320684	
1000	0.317000	1.138050	1000	0.317000	0.317000	0.320679	
1000	0.317000	1.138050	1000	0.317000	0.317000	0.320674	
1000	0.334000	1.138050	1000	0.334000	0.334000	0.320691	
1000	0.332000	1.138050	1000	0.332000	0.332000	0.320706	
1000	0.322000	1.138050	1000	0.322000	0.322000	0.320708	
1000	0.327000	1.138050	1000	0.327000	0.327000	0.320717	
1000	0.344000	1.138050	1000	0.344000	0.344000	0.320747	
1000	0.349000	1.138050	1000	0.349000	0.349000	0.320785	
1000	0.345000	1.138050	1000	0.345000	0.345000	0.320816	
1000	0.293000	1.138050	1000	0.293000	0.293000	0.320780	
1000	0.323000	1.138050	1000	0.323000	0.323000	0.320783	
1000	0.350000	1.138050	1000	0.350000	0.350000	0.320821	
1000	0.348000	1.138050	1000	0.348000	0.348000	0.320857	
1000	0.314000	1.138050	1000	0.314000	0.314000	0.320848	
1000	0.292000	1.138050	1000	0.292000	0.292000	0.320810	
1000	0.336000	1.138050	1000	0.336000	0.336000	0.320830	
1000	0.323000	1.138050	1000	0.323000	0.323000	0.320833	
1000	0.324000	1.138050	1000	0.324000	0.324000	0.320837	
1000	0.337000	1.138050	1000	0.337000	0.337000	0.320858	
1000	0.308000	1.138050	1000	0.308000	0.308000	0.320841	
1000	0.275000	1.138050	1000	0.275000	0.275000	0.320782	
1000	0.291000	1.138050	1000	0.291000	0.291000	0.320743	
1000	0.303000	1.138050	1000	0.303000	0.303000	0.320720	
1000	0.322000	1.138050	1000	0.322000	0.322000	0.320722	
1000	0.328000	1.138050	1000	0.328000	0.328000	0.320731	
1000	0.316000	1.138050	1000	0.316000	0.316000	0.320725	
1000	0.314000	1.138050	1000	0.314000	0.314000	0.320716	
1000	0.343000	1.138050	1000	0.343000	0.343000	0.320745	
1000	0.317000	1.138050	1000	0.317000	0.317000	0.320740	
1000	0.340000	1.138050	1000	0.340000	0.340000	0.320765	
1000	0.313000	1.138050	1000	0.313000	0.313000	0.320755	
1000	0.311000	1.138050	1000	0.311000	0.311000	0.320743	
1000	0.336000	1.138050	1000	0.336000	0.336000	0.320762	
1000	0.270000	1.138050	1000	0.270000	0.270000	0.320697	
1000	0.337000	1.138050	1000	0.337000	0.337000	0.320718	
1000	0.328000	1.138050	1000	0.328000	0.328000	0.320727	
1000	0.307000	1.138050	1000	0.307000	0.307000	0.320710	
1000	0.323000	1.138050	1000	0.323000	0.323000	0.320713	
1000	0.308000	1.138050	1000	0.308000	0.308000	0.320697	
1000	0.313000	1.138050	1000	0.313000	0.313000	0.320687	
1000	0.329000	1.138050	1000	0.329000	0.329000	0.320697	
1000	0.340000	1.138050	1000	0.340000	0.340000	0.320722	
1000	0.302000	1.138050	1000	0.302000	0.302000	0.320698	
1000	0.317000	1.138050	1000	0.317000	0.317000	0.320694	
1000	0.315000	1.138050	1000	0.315000	0.315000	0.320686	
1000	0.307000	1.138050	1000	0.307000	0.307000	0.320669	
1000	0.332000	1.138050	1000	0.332000	0.332000	0.320683	
1000	0.314000	1.138050	1000	0.314000	0.314000	0.320675	
1000	0.329000	1.138050	1000	0.329000	0.329000	0.320685	
1000	0.324000	1.138050	1000	0.324000	0.324000	0.320690	
1000	0.358000	1.138050	1000	0.358000	0.358000	0.320736	
1000	0.340000	1.138050	1000	0.340000	0.340000	0.320760	
1000	0.319000	1.138050	1000	0.319000	0.319000	0.320758	
1000	0.315000	1.138050	1000	0.315000	0.315000	0.320751	
1000	0.314000	1.138050	1000	0.314000	0.314000	0.320742	
1000	0.354000	1.138050	1000	0.354000	0.354000	0.320784	
1000	0.324000	1.138050	1000	0.324000	0.324000	0.320788	
1000	0.331000	1.138050	1000	0.331000	0.331000	0.320800	
1000	0.356000	1.138050	1000	0.356000	0.356000	0.320844	
1000	0.304000	1.138050	1000	0.304000	0.304000	0.320823	
1000	0.346000	1.138050	1000	0.346000	0.346000	0.320854	
1000	0.302000	1.138050	1000	0.302000	0.302000	0.320831	
1000	0.298000	1.138050	1000	0.298000	0.298000	0.320803	
1000	0.316000	1.138050	1000	0.316000	0.316000	0.320797	
1000	0.303000	1.138050	1000	0.303000	0.303000	0.320775	
1000	0.334000	1.138050	1000	0.334000	0.334000	0.320791	
1000	0.330000	1.138050	1000	0.330000	0.330000	0.320803	
1000	0.336000	1.138050	1000	0.336000	0.336000	0.320821	
1000	0.334000	1.138050	1000	0.334000	0.334000	0.320837	
1000	0.297000	1.138050	1000	0.297000	0.297000	0.320808	
1000	0.327000	1.138050	1000	0.327000	0.327000	0.320816	
1000	0.328000	1.138050	1000	0.328000	0.328000	0.320824	
1000	0.320000	1.138050	1000	0.320000	0.320000	0.320823	
1000	0.314000	1.138050	1000	0.314000	0.314000	0.320815	
1000	0.369000	1.138050	1000	0.369000	0.369000	0.320874	
1000	0.322000	1.138050	1000	0.322000	0.322000	0.320875	
1000	0.310000	1.138050	1000	0.310000	0.310000	0.320862	
1000	0.294000	1.138050	1000	0.294000	0.294000	0.320829	
1000	0.318000	1.138050	1000	0.318000	0.318000	0.320826	
1000	0.373000	1.138050	1000	0.373000	0.373000	0.320889	
1000	0.338000	1.138050	1000	0.338000	0.338000	0.320909	
1000	0.274000	1.138050	1000	0.274000	0.274000	0.320853	
1000	0.328000	1.138050	1000	0.328000	0.328000	0.320862	
1000	0.325000	1.138050	1000	0.325000	0.325000	0.320867	
1000	0.334000	1.138050	1000	0.334000	0.334000	0.320882	
1000	0.335000	1.138050	1000	0.335000	0.335000	0.320899	
1000	0.314000	1.138050	1000	0.314000	0.314000	0.320891	
1000	0.315000	1.138050	1000	0.315000	0.315000	0.320884	
1000	0.313000	1.138050	1000	0.313000	0.313000	0.320874	
1000	0.312000	1.138050	1000	0.312000	0.312000	0.320864	
1000	0.351000	1.138050	1000	0.351000	0.351000	0.320900	
1000	0.342000	1.138050	1000	0.342000	0.342000	0.320925	
1000	0.297000	1.138050	1000	0.297000	0.297000	0.320896	
1000	0.299000	1.138050	1000	0.299000	0.299000	0.320870	
1000	0.335000	1.138050	1000	0.335000	0.335000	0.320887	
1000	0.337000	1.138050	1000	0.337000	0.337000	0.320906	
1000	0.324000	1.138050	1000	0.324000	0.324000	0.320910	
1000	0.306000	1.138050	1000	0.306000	0.306000	0.320892	
1000	0.309000	1.138050	1000	0.309000	0.309000	0.320878	
1000	0.322000	1.138050	1000	0.322000	0.322000	0.320880	
1000	0.309000	1.138050	1000	0.309000	0.309000	0.320866	
1000	0.343000	1.138050	1000	0.343000	0.343000	0.320892	
1000	0.326000	1.138050	1000	0.326000	0.326000	0.320898	
1000	0.316000	1.138050	1000	0.316000	0.316000	0.320892	
1000	0.334000	1.138050	1000	0.334000	0.334000	0.320907	
1000	0.346000	1.138050	1000	0.346000	0.346000	0.320937	
1000	0.334000	1.138050	1000	0.334000	0.334000	0.320952	
1000	0.294000	1.138050	1000	0.294000	0.294000	0.320920	
1000	0.308000	1.138050	1000	0.308000	0.308000	0.320905	
1000	0.312000	1.138050	1000	0.312000	0.312000	0.320895	
1000	0.314000	1.138050	1000	0.314000	0.314000	0.320887	
1000	0.321000	1.138050	1000	0.321000	0.321000	0.320887	
1000	0.303000	1.138050	1000	0.303000	0.303000	0.320866	
1000	0.334000	1.138050	1000	0.334000	0.334000	0.320882	
1000	0.351000	1.138050	1000	0.351000	0.351000	0.320916	
1000	0.324000	1.138050	1000	0.324000	0.324000	0.320920	
1000	0.325000	1.138050	1000	0.325000	0.325000	0.320925	
1000	0.306000	1.138050	1000	0.306000	0.306000	0.320907	
1000	0.351000	1.138050	1000	0.351000	0.351000	0.320942	
1000	0.324000	1.138050	1000	0.324000	0.324000	0.320946	
1000	0.340000	1.138050	1000	0.340000	0.340000	0.320967	
1000	0.302000	1.138050	1000	0.302000	0.302000	0.320946	
1000	0.320000	1.138050	1000	0.320000	0.320000	0.320945	
1000	0.344000	1.138050	1000	0.344000	0.344000	0.320971	
1000	0.342000	1.138050	1000	0.342000	0.342000	0.320995	
1000	0.341000	1.138050	1000	0.341000	0.341000	0.321018	
1000	0.303000	1.138050	1000	0.303000	0.303000	0.320997	
1000	0.344000	1.138050	1000	0.344000	0.344000	0.321024	
1000	0.327000	1.138050	1000	0.327000	0.327000	0.321030	
1000	0.309000	1.138050	1000	0.309000	0.309000	0.321017	
1000	0.325000	1.138050	1000	0.325000	0.325000	0.321021	
1000	0.345000	1.138050	1000	0.345000	0.345000	0.321048	
1000	0.309000	1.138050	1000	0.309000	0.309000	0.321035	
1000	0.331000	1.138050	1000	0.331000	0.331000	0.321046	
1000	0.343000	1.138050	1000	0.343000	0.343000	0.321071	
1000	0.351000	1.138050	1000	0.351000	0.351000	0.321105	
1000	0.326000	1.138050	1000	0.326000	0.326000	0.321110	
1000	0.306000	1.138050	1000	0.306000	0.306000	0.321093	
1000	0.330000	1.138050	1000	0.330000	0.330000	0.321103	
1000	0.326000	1.138050	1000	0.326000	0.326000	0.321109	
1000	0.311000	1.138050	1000	0.311000	0.311000	0.321097	
1000	0.345000	1.138050	1000	0.345000	0.345000	0.321124	
1000	0.324000	1.138050	1000	0.324000	0.324000	0.321127	
1000	0.307000	1.138050	1000	0.307000	0.307000	0.321111	
1000	0.344000	1.138050	1000	0.344000	0.344000	0.321137	
1000	0.313000	1.138050	1000	0.313000	0.313000	0.321128	
1000	0.335000	1.138050	1000	0.335000	0.335000	0.321143	
1000	0.333000	1.138050	1000	0.333000	0.333000	0.321157	
1000	0.332000	1.138050	1000	0.332000	0.332000	0.321169	
1000	0.318000	1.138050	1000	0.318000	0.318000	0.321165	
1000	0.349000	1.138050	1000	0.349000	0.349000	0.321196	
1000	0.315000	1.138050	1000	0.315000	0.315000	0.321189	
1000	0.328000	1.138050	1000	0.328000	0.328000	0.321197	
1000	0.360000	1.138050	1000	0.360000	0.360000	0.321240	
1000	0.355000	1.138050	1000	0.355000	0.355000	0.321277	
1000	0.323000	1.138050	1000	0.323000	0.323000	0.321279	
1000	0.354000	1.138050	1000	0.354000	0.354000	0.321315	
1000	0.336000	1.138050	1000	0.336000	0.336000	0.321331	
1000	0.321000	1.138050	1000	0.321000	0.321000	0.321331	
1000	0.286000	1.138050	1000	0.286000	0.286000	0.321292	
1000	0.335000	1.138050	1000	0.335000	0.335000	0.321307	
1000	0.313000	1.138050	1000	0.313000	0.313000	0.321298	
1000	0.345000	1.138050	1000	0.345000	0.345000	0.321324	
1000	0.298000	1.138050	1000	0.298000	0.298000	0.321298	
1000	0.312000	1.138050	1000	0.312000	0.312000	0.321288	
1000	0.295000	1.138050	1000	0.295000	0.295000	0.321259	
1000	0.332000	1.138050	1000	0.332000	0.332000	0.321271	
1000	0.350000	1.138050	1000	0.350000	0.350000	0.321302	
1000	0.312000	1.138050	1000	0.312000	0.312000	0.321292	
1000	0.301000	1.138050	1000	0.301000	0.301000	0.321270	
1000	0.299000	1.138050	1000	0.299000	0.299000	0.321246	
1000	0.347000	1.138050	1000	0.347000	0.347000	0.321274	
1000	0.334000	1.138050	1000	0.334000	0.334000	0.321288	
1000	0.311000	1.138050	1000	0.311000	0.311000	0.321277	
1000	0.355000	1.138050	1000	0.355000	0.355000	0.321313	
1000	0.323000	1.138050	1000	0.323000	0.323000	0.321315	
1000	0.344000	1.138050	1000	0.344000	0.344000	0.321339	
1000	0.346000	1.138050	1000	0.346000	0.346000	0.321366	
1000	0.328000	1.138050	1000	0.328000	0.328000	0.321373	
1000	0.310000	1.138050	1000	0.310000	0.310000	0.321361	
1000	0.309000	1.138050	1000	0.309000	0.309000	0.321348	
1000	0.308000	1.138050	1000	0.308000	0.308000	0.321333	
1000	0.291000	1.138050	1000	0.291000	0.291000	0.321301	
1000	0.337000	1.138050	1000	0.337000	0.337000	0.321318	
1000	0.308000	1.138050	1000	0.308000	0.308000	0.321303	
1000	0.329000	1.138050	1000	0.329000	0.329000	0.321312	
1000	0.322000	1.138050	1000	0.322000	0.322000	0.321312	
1000	0.333000	1.138050	1000	0.333000	0.333000	0.321325	
1000	0.318000	1.138050	1000	0.318000	0.318000	0.321321	
1000	0.369000	1.138050	1000	0.369000	0.369000	0.321372	
1000	0.306000	1.138050	1000	0.306000	0.306000	0.321356	
1000	0.270000	1.138050	1000	0.270000	0.270000	0.321301	
1000	0.308000	1.138050	1000	0.308000	0.308000	0.321287	
1000	0.294000	1.138050	1000	0.294000	0.294000	0.321258	
1000	0.290000	1.138050	1000	0.290000	0.290000	0.321225	
1000	0.316000	1.138050	1000	0.316000	0.316000	0.321220	
1000	0.314000	1.138050	1000	0.314000	0.314000	0.321212	
1000	0.355000	1.138050	1000	0.355000	0.355000	0.321248	
1000	0.356000	1.138050	1000	0.356000	0.356000	0.321284	
1000	0.323000	1.138050	1000	0.323000	0.323000	0.321286	
1000	0.325000	1.138050	1000	0.325000	0.325000	0.321290	
1000	0.332000	1.138050	1000	0.332000	0.332000	0.321301	
1000	0.294000	1.138050	1000	0.294000	0.294000	0.321272	
1000	0.306000	1.138050	1000	0.306000	0.306000	0.321256	
1000	0.310000	1.138050	1000	0.310000	0.310000	0.321245	
1000	0.290000	1.138050	1000	0.290000	0.290000	0.321212	
1000	0.317000	1.138050	1000	0.317000	0.317000	0.321208	
1000	0.304000	1.138050	1000	0.304000	0.304000	0.321190	
1000	0.342000	1.138050	1000	0.342000	0.342000	0.321211	
1000	0.313000	1.138050	1000	0.313000	0.313000	0.321203	
1000	0.312000	1.138050	1000	0.312000	0.312000	0.321193	
1000	0.350000	1.138050	1000	0.350000	0.350000	0.321223	
1000	0.329000	1.138050	1000	0.329000	0.329000	0.321231	
1000	0.333000	1.138050	1000	0.333000	0.333000	0.321243	
1000	0.312000	1.138050	1000	0.312000	0.312000	0.321234	
1000	0.341000	1.138050	1000	0.341000	0.341000	0.321254	
1000	0.319000	1.138050	1000	0.319000	0.319000	0.321252	
1000	0.314000	1.138050	1000	0.314000	0.314000	0.321245	
1000	0.318000	1.138050	1000	0.318000	0.318000	0.321241	
1000	0.333000	1.138050	1000	0.333000	0.333000	0.321253	
1000	0.308000	1.138050	1000	0.308000	0.308000	0.321240	
1000	0.309000	1.138050	1000	0.309000	0.309000	0.321227	
1000	0.338000	1.138050	1000	0.338000	0.338000	0.321244	
1000	0.352000	1.138050	1000	0.352000	0.352000	0.321276	
1000	0.315000	1.138050	1000	0.315000	0.315000	0.321269	
1000	0.342000	1.138050	1000	0.342000	0.342000	0.321291	
1000	0.343000	1.138050	1000	0.343000	0.343000	0.321313	
1000	0.338000	1.138050	1000	0.338000	0.338000	0.321330	
1000	0.308000	1.138050	1000	0.308000	0.308000	0.321316	
1000	0.321000	1.138050	1000	0.321000	0.321000	0.321316	
1000	0.297000	1.138050	1000	0.297000	0.297000	0.321291	
1000	0.301000	1.138050	1000	0.301000	0.301000	0.321271	
1000	0.354000	1.138050	1000	0.354000	0.354000	0.321304	
1000	0.315000	1.138050	1000	0.315000	0.315000	0.321297	
1000	0.326000	1.138050	1000	0.326000	0.326000	0.321302	
1000	0.314000	1.138050	1000	0.314000	0.314000	0.321295	
1000	0.291000	1.138050	1000	0.291000	0.291000	0.321264	
1000	0.333000	1.138050	1000	0.333000	0.333000	0.321276	
1000	0.325000	1.138050	1000	0.325000	0.325000	0.321280	
1000	0.313000	1.138050	1000	0.313000	0.313000	0.321271	
1000	0.304000	1.138050	1000	0.304000	0.304000	0.321254	
1000	0.334000	1.138050	1000	0.334000	0.334000	0.321267	
1000	0.370000	1.138050	1000	0.370000	0.370000	0.321316	
1000	0.332000	1.138050	1000	0.332000	0.332000	0.321327	
1000	0.339000	1.138050	1000	0.339000	0.339000	0.321344	
1000	0.325000	1.138050	1000	0.325000	0.325000	0.321348	
1000	0.303000	1.138050	1000	0.303000	0.303000	0.321330	
1000	0.321000	1.138050	1000	0.321000	0.321000	0.321329	
1000	0.302000	1.138050	1000	0.302000	0.302000	0.321310	
1000	0.332000	1.138050	1000	0.332000	0.332000	0.321321	
1000	0.296000	1.138050	1000	0.296000	0.296000	0.321295	
1000	0.298000	1.138050	1000	0.298000	0.298000	0.321272	
1000	0.319000	1.138050	1000	0.319000	0.319000	0.321270	
1000	0.329000	1.138050	1000	0.329000	0.329000	0.321278	
1000	0.339000	1.138050	1000	0.339000	0.339000	0.321295	
1000	0.310000	1.138050	1000	0.310000	0.310000	0.321284	
1000	0.332000	1.138050	1000	0.332000	0.332000	0.321295	
1000	0.272000	1.138050	1000	0.272000	0.272000	0.321246	
1000	0.326000	1.138050	1000	0.326000	0.326000	0.321250	
1000	0.335000	1.138050	1000	0.335000	0.335000	0.321264	
