Default schedule
Rate	100.00
Rate Tried	% Accepted	Rates - Dev	Rates - Tried	Rates - Accepted	Sample Ave Acceptance	Total Ave Acceptance	
1000	0.339000	0.971341	1000	0.339000	0.339000	0.273157	
1000	0.359000	0.971341	1000	0.359000	0.359000	0.280310	
1000	0.357000	0.971341	1000	0.357000	0.357000	0.286209	
1000	0.399000	0.971341	1000	0.399000	0.399000	0.294265	
1000	0.370000	0.971341	1000	0.370000	0.370000	0.299313	
1000	0.347000	0.971341	1000	0.347000	0.347000	0.302294	
1000	0.351000	0.971341	1000	0.351000	0.351000	0.305159	
1000	0.345000	0.971341	1000	0.345000	0.345000	0.307372	
1000	0.346000	0.971341	1000	0.346000	0.346000	0.309405	
1000	0.375000	0.971341	1000	0.375000	0.375000	0.312684	
1000	0.345000	0.971341	1000	0.345000	0.345000	0.314223	
1000	0.374000	0.971341	1000	0.374000	0.374000	0.316940	
1000	0.394000	0.971341	1000	0.394000	0.394000	0.320290	
1000	0.361000	0.971341	1000	0.361000	0.361000	0.321987	
1000	0.323000	0.971341	1000	0.323000	0.323000	0.322027	
1000	0.337000	0.971341	1000	0.337000	0.337000	0.322603	
1000	0.349000	0.971341	1000	0.349000	0.349000	0.323581	
1000	0.335000	0.971341	1000	0.335000	0.335000	0.323988	
1000	0.345000	0.971341	1000	0.345000	0.345000	0.324713	
1000	0.351000	0.971341	1000	0.351000	0.351000	0.325589	
1000	0.362000	0.971341	1000	0.362000	0.362000	0.326764	
1000	0.346000	0.971341	1000	0.346000	0.346000	0.327365	
1000	0.353000	0.971341	1000	0.353000	0.353000	0.328142	
1000	0.335000	0.971341	1000	0.335000	0.335000	0.328343	
1000	0.396000	0.971341	1000	0.396000	0.396000	0.330276	
1000	0.313000	0.971341	1000	0.313000	0.313000	0.329796	
1000	0.355000	0.971341	1000	0.355000	0.355000	0.330478	
1000	0.332000	0.971341	1000	0.332000	0.332000	0.330518	
1000	0.346000	0.971341	1000	0.346000	0.346000	0.330915	
1000	0.386000	0.971341	1000	0.386000	0.386000	0.332292	
1000	0.380000	0.971341	1000	0.380000	0.380000	0.333455	
1000	0.330000	0.971341	1000	0.330000	0.330000	0.333373	
1000	0.381000	0.971341	1000	0.381000	0.381000	0.334481	
1000	0.322000	0.971341	1000	0.322000	0.322000	0.334197	
1000	0.338000	0.971341	1000	0.338000	0.338000	0.334281	
1000	0.316000	0.971341	1000	0.316000	0.316000	0.333884	
1000	0.311000	0.971341	1000	0.311000	0.311000	0.333397	
1000	0.345000	0.971341	1000	0.345000	0.345000	0.333639	
1000	0.309000	0.971341	1000	0.309000	0.309000	0.333136	
1000	0.332000	0.971341	1000	0.332000	0.332000	0.333113	
1000	0.346000	0.971341	1000	0.346000	0.346000	0.333366	
1000	0.352000	0.971341	1000	0.352000	0.352000	0.333724	
1000	0.330000	0.971341	1000	0.330000	0.330000	0.333654	
1000	0.356000	0.971341	1000	0.356000	0.356000	0.334068	
1000	0.329000	0.971341	1000	0.329000	0.329000	0.333976	
1000	0.356000	0.971341	1000	0.356000	0.356000	0.334369	
1000	0.337000	0.971341	1000	0.337000	0.337000	0.334415	
1000	0.374000	0.971341	1000	0.374000	0.374000	0.335098	
1000	0.362000	0.971341	1000	0.362000	0.362000	0.335554	
1000	0.345000	0.971341	1000	0.345000	0.345000	0.335711	
1000	0.375000	0.971341	1000	0.375000	0.375000	0.336355	
1000	0.342000	0.971341	1000	0.342000	0.342000	0.336446	
1000	0.375000	0.971341	1000	0.375000	0.375000	0.337058	
1000	0.323000	0.971341	1000	0.323000	0.323000	0.336838	
1000	0.359000	0.971341	1000	0.359000	0.359000	0.337179	
1000	0.368000	0.971341	1000	0.368000	0.368000	0.337646	
1000	0.370000	0.971341	1000	0.370000	0.370000	0.338129	
1000	0.369000	0.971341	1000	0.369000	0.369000	0.338583	
1000	0.371000	0.971341	1000	0.371000	0.371000	0.339053	
1000	0.369000	0.971341	1000	0.369000	0.369000	0.339481	
1000	0.361000	0.971341	1000	0.361000	0.361000	0.339784	
1000	0.366000	0.971341	1000	0.366000	0.366000	0.340148	
1000	0.321000	0.971341	1000	0.321000	0.321000	0.339886	
1000	0.355000	0.971341	1000	0.355000	0.355000	0.340090	
1000	0.349000	0.971341	1000	0.349000	0.349000	0.340209	
1000	0.321000	0.971341	1000	0.321000	0.321000	0.339956	
1000	0.365000	0.971341	1000	0.365000	0.365000	0.340281	
1000	0.332000	0.971341	1000	0.332000	0.332000	0.340175	
1000	0.340000	0.971341	1000	0.340000	0.340000	0.340173	
1000	0.353000	0.971341	1000	0.353000	0.353000	0.340333	
1000	0.364000	0.971341	1000	0.364000	0.364000	0.340625	
1000	0.378000	0.971341	1000	0.378000	0.378000	0.341081	
1000	0.311000	0.971341	1000	0.311000	0.311000	0.340719	
1000	0.357000	0.971341	1000	0.357000	0.357000	0.340913	
1000	0.356000	0.971341	1000	0.356000	0.356000	0.341090	
1000	0.364000	0.971341	1000	0.364000	0.364000	0.341356	
1000	0.316000	0.971341	1000	0.316000	0.316000	0.341065	
1000	0.357000	0.971341	1000	0.357000	0.357000	0.341246	
1000	0.346000	0.971341	1000	0.346000	0.346000	0.341300	
1000	0.341000	0.971341	1000	0.341000	0.341000	0.341296	
1000	0.433000	0.971341	1000	0.433000	0.433000	0.342304	
1000	0.324000	1.066772	1000	0.324000	0.324000	0.342105	
1000	0.302000	1.066772	1000	0.302000	0.302000	0.341674	
1000	0.313000	1.066772	1000	0.313000	0.313000	0.341369	
1000	0.328000	1.066772	1000	0.328000	0.328000	0.341228	
1000	0.330000	1.066772	1000	0.330000	0.330000	0.341111	
1000	0.318000	1.066772	1000	0.318000	0.318000	0.340873	
1000	0.323000	1.066772	1000	0.323000	0.323000	0.340690	
1000	0.352000	1.066772	1000	0.352000	0.352000	0.340805	
1000	0.348000	1.066772	1000	0.348000	0.348000	0.340877	
1000	0.298000	1.066772	1000	0.298000	0.298000	0.340452	
1000	0.319000	1.066772	1000	0.319000	0.319000	0.340242	
1000	0.342000	1.066772	1000	0.342000	0.342000	0.340259	
1000	0.291000	1.066772	1000	0.291000	0.291000	0.339785	
1000	0.313000	1.066772	1000	0.313000	0.313000	0.339530	
1000	0.307000	1.066772	1000	0.307000	0.307000	0.339223	
1000	0.302000	1.066772	1000	0.302000	0.302000	0.338875	
1000	0.390000	1.066772	1000	0.390000	0.390000	0.339349	
1000	0.311000	1.066772	1000	0.311000	0.311000	0.339089	
1000	0.305000	1.066772	1000	0.305000	0.305000	0.338779	
1000	0.334000	1.066772	1000	0.334000	0.334000	0.338736	
1000	0.323000	1.066772	1000	0.323000	0.323000	0.338595	
1000	0.291000	1.066772	1000	0.291000	0.291000	0.338174	
1000	0.310000	1.066772	1000	0.310000	0.310000	0.337927	
1000	0.317000	1.066772	1000	0.317000	0.317000	0.337745	
1000	0.345000	1.066772	1000	0.345000	0.345000	0.337807	
1000	0.302000	1.066772	1000	0.302000	0.302000	0.337501	
1000	0.309000	1.066772	1000	0.309000	0.309000	0.337260	
1000	0.300000	1.066772	1000	0.300000	0.300000	0.336947	
1000	0.266000	1.066772	1000	0.266000	0.266000	0.336356	
1000	0.336000	1.066772	1000	0.336000	0.336000	0.336353	
1000	0.306000	1.066772	1000	0.306000	0.306000	0.336104	
1000	0.290000	1.066772	1000	0.290000	0.290000	0.335729	
1000	0.310000	1.066772	1000	0.310000	0.310000	0.335521	
1000	0.336000	1.066772	1000	0.336000	0.336000	0.335525	
1000	0.335000	1.066772	1000	0.335000	0.335000	0.335521	
1000	0.321000	1.066772	1000	0.321000	0.321000	0.335407	
1000	0.305000	1.066772	1000	0.305000	0.305000	0.335169	
1000	0.350000	1.066772	1000	0.350000	0.350000	0.335284	
1000	0.262000	1.066772	1000	0.262000	0.262000	0.334721	
1000	0.281000	1.066772	1000	0.281000	0.281000	0.334310	
1000	0.288000	1.066772	1000	0.288000	0.288000	0.333960	
1000	0.313000	1.066772	1000	0.313000	0.313000	0.333802	
1000	0.279000	1.066772	1000	0.279000	0.279000	0.333393	
1000	0.308000	1.066772	1000	0.308000	0.308000	0.333205	
1000	0.292000	1.066772	1000	0.292000	0.292000	0.332902	
1000	0.325000	1.066772	1000	0.325000	0.325000	0.332844	
1000	0.294000	1.066772	1000	0.294000	0.294000	0.332563	
1000	0.351000	1.066772	1000	0.351000	0.351000	0.332695	
1000	0.331000	1.066772	1000	0.331000	0.331000	0.332683	
1000	0.302000	1.066772	1000	0.302000	0.302000	0.332466	
1000	0.322000	1.066772	1000	0.322000	0.322000	0.332392	
1000	0.307000	1.066772	1000	0.307000	0.307000	0.332214	
1000	0.307000	1.066772	1000	0.307000	0.307000	0.332039	
1000	0.336000	1.066772	1000	0.336000	0.336000	0.332067	
1000	0.308000	1.066772	1000	0.308000	0.308000	0.331902	
1000	0.311000	1.066772	1000	0.311000	0.311000	0.331760	
1000	0.326000	1.066772	1000	0.326000	0.326000	0.331721	
1000	0.302000	1.066772	1000	0.302000	0.302000	0.331521	
1000	0.326000	1.066772	1000	0.326000	0.326000	0.331484	
1000	0.300000	1.066772	1000	0.300000	0.300000	0.331276	
1000	0.327000	1.066772	1000	0.327000	0.327000	0.331248	
1000	0.336000	1.066772	1000	0.336000	0.336000	0.331279	
1000	0.323000	1.066772	1000	0.323000	0.323000	0.331225	
1000	0.354000	1.066772	1000	0.354000	0.354000	0.331372	
1000	0.264000	1.066772	1000	0.264000	0.264000	0.330940	
1000	0.302000	1.066772	1000	0.302000	0.302000	0.330756	
1000	0.275000	1.066772	1000	0.275000	0.275000	0.330403	
1000	0.329000	1.066772	1000	0.329000	0.329000	0.330394	
1000	0.318000	1.066772	1000	0.318000	0.318000	0.330317	
1000	0.331000	1.066772	1000	0.331000	0.331000	0.330321	
1000	0.323000	1.066772	1000	0.323000	0.323000	0.330276	
1000	0.304000	1.066772	1000	0.304000	0.304000	0.330115	
1000	0.357000	1.066772	1000	0.357000	0.357000	0.330278	
1000	0.288000	1.066772	1000	0.288000	0.288000	0.330022	
1000	0.317000	1.066772	1000	0.317000	0.317000	0.329944	
1000	0.315000	1.066772	1000	0.315000	0.315000	0.329854	
1000	0.291000	1.066772	1000	0.291000	0.291000	0.329623	
1000	0.341000	1.066772	1000	0.341000	0.341000	0.329690	
1000	0.305000	1.066772	1000	0.305000	0.305000	0.329545	
1000	0.305000	1.066772	1000	0.305000	0.305000	0.329402	
1000	0.307000	1.066772	1000	0.307000	0.307000	0.329271	
1000	0.308000	1.066772	1000	0.308000	0.308000	0.329148	
1000	0.330000	1.066772	1000	0.330000	0.330000	0.329153	
1000	0.294000	1.066772	1000	0.294000	0.294000	0.328952	
1000	0.309000	1.066772	1000	0.309000	0.309000	0.328839	
1000	0.334000	1.066772	1000	0.334000	0.334000	0.328868	
1000	0.277000	1.066772	1000	0.277000	0.277000	0.328577	
1000	0.291000	1.066772	1000	0.291000	0.291000	0.328367	
1000	0.298000	1.066772	1000	0.298000	0.298000	0.328198	
1000	0.316000	1.066772	1000	0.316000	0.316000	0.328131	
1000	0.272000	1.066772	1000	0.272000	0.272000	0.327822	
1000	0.308000	1.066772	1000	0.308000	0.308000	0.327714	
1000	0.285000	1.066772	1000	0.285000	0.285000	0.327482	
1000	0.301000	1.066772	1000	0.301000	0.301000	0.327339	
1000	0.332000	1.066772	1000	0.332000	0.332000	0.327364	
1000	0.320000	1.066772	1000	0.320000	0.320000	0.327324	
1000	0.349000	1.066772	1000	0.349000	0.349000	0.327440	
1000	0.336000	1.066772	1000	0.336000	0.336000	0.327485	
1000	0.329000	1.066772	1000	0.329000	0.329000	0.327493	
1000	0.319000	1.066772	1000	0.319000	0.319000	0.327449	
1000	0.314000	1.066772	1000	0.314000	0.314000	0.327379	
1000	0.296000	1.066772	1000	0.296000	0.296000	0.327216	
1000	0.351000	1.066772	1000	0.351000	0.351000	0.327339	
1000	0.379000	1.066772	1000	0.379000	0.379000	0.327603	
1000	0.308000	1.066772	1000	0.308000	0.308000	0.327503	
1000	0.302000	1.066772	1000	0.302000	0.302000	0.327374	
1000	0.290000	1.066772	1000	0.290000	0.290000	0.327185	
1000	0.309000	1.066772	1000	0.309000	0.309000	0.327094	
1000	0.345000	1.066772	1000	0.345000	0.345000	0.327183	
1000	0.325000	1.066772	1000	0.325000	0.325000	0.327173	
1000	0.333000	1.066772	1000	0.333000	0.333000	0.327201	
1000	0.337000	1.066772	1000	0.337000	0.337000	0.327250	
1000	0.338000	1.066772	1000	0.338000	0.338000	0.327302	
1000	0.290000	1.066772	1000	0.290000	0.290000	0.327120	
1000	0.295000	1.066772	1000	0.295000	0.295000	0.326964	
1000	0.314000	1.066772	1000	0.314000	0.314000	0.326902	
1000	0.335000	1.066772	1000	0.335000	0.335000	0.326941	
1000	0.307000	1.066772	1000	0.307000	0.307000	0.326845	
1000	0.302000	1.066772	1000	0.302000	0.302000	0.326727	
1000	0.306000	1.066772	1000	0.306000	0.306000	0.326629	
1000	0.308000	1.066772	1000	0.308000	0.308000	0.326541	
1000	0.314000	1.066772	1000	0.314000	0.314000	0.326482	
1000	0.347000	1.066772	1000	0.347000	0.347000	0.326578	
1000	0.312000	1.066772	1000	0.312000	0.312000	0.326510	
1000	0.298000	1.066772	1000	0.298000	0.298000	0.326378	
1000	0.362000	1.066772	1000	0.362000	0.362000	0.326542	
1000	0.328000	1.066772	1000	0.328000	0.328000	0.326549	
1000	0.370000	1.066772	1000	0.370000	0.370000	0.326747	
1000	0.329000	1.066772	1000	0.329000	0.329000	0.326758	
1000	0.325000	1.066772	1000	0.325000	0.325000	0.326750	
1000	0.269000	1.066772	1000	0.269000	0.269000	0.326490	
1000	0.311000	1.066772	1000	0.311000	0.311000	0.326420	
1000	0.327000	1.066772	1000	0.327000	0.327000	0.326423	
1000	0.306000	1.066772	1000	0.306000	0.306000	0.326332	
1000	0.302000	1.066772	1000	0.302000	0.302000	0.326224	
1000	0.317000	1.066772	1000	0.317000	0.317000	0.326184	
1000	0.300000	1.066772	1000	0.300000	0.300000	0.326069	
1000	0.289000	1.066772	1000	0.289000	0.289000	0.325907	
1000	0.320000	1.066772	1000	0.320000	0.320000	0.325881	
1000	0.311000	1.066772	1000	0.311000	0.311000	0.325817	
1000	0.308000	1.066772	1000	0.308000	0.308000	0.325740	
1000	0.340000	1.066772	1000	0.340000	0.340000	0.325801	
1000	0.300000	1.066772	1000	0.300000	0.300000	0.325691	
1000	0.352000	1.066772	1000	0.352000	0.352000	0.325803	
1000	0.331000	1.066772	1000	0.331000	0.331000	0.325825	
1000	0.298000	1.066772	1000	0.298000	0.298000	0.325707	
1000	0.334000	1.066772	1000	0.334000	0.334000	0.325742	
1000	0.336000	1.066772	1000	0.336000	0.336000	0.325785	
1000	0.306000	1.066772	1000	0.306000	0.306000	0.325703	
1000	0.314000	1.066772	1000	0.314000	0.314000	0.325654	
1000	0.325000	1.066772	1000	0.325000	0.325000	0.325652	
1000	0.310000	1.066772	1000	0.310000	0.310000	0.325587	
1000	0.310000	1.066772	1000	0.310000	0.310000	0.325523	
1000	0.285000	1.066772	1000	0.285000	0.285000	0.325358	
1000	0.282000	1.066772	1000	0.282000	0.282000	0.325182	
1000	0.322000	1.066772	1000	0.322000	0.322000	0.325169	
1000	0.314000	1.066772	1000	0.314000	0.314000	0.325124	
1000	0.280000	1.066772	1000	0.280000	0.280000	0.324942	
1000	0.302000	1.066772	1000	0.302000	0.302000	0.324851	
1000	0.295000	1.066772	1000	0.295000	0.295000	0.324732	
1000	0.315000	1.066772	1000	0.315000	0.315000	0.324693	
1000	0.283000	1.066772	1000	0.283000	0.283000	0.324528	
1000	0.311000	1.066772	1000	0.311000	0.311000	0.324475	
1000	0.316000	1.066772	1000	0.316000	0.316000	0.324442	
1000	0.353000	1.066772	1000	0.353000	0.353000	0.324553	
1000	0.309000	1.066772	1000	0.309000	0.309000	0.324493	
1000	0.310000	1.066772	1000	0.310000	0.310000	0.324437	
1000	0.290000	1.066772	1000	0.290000	0.290000	0.324304	
1000	0.314000	1.066772	1000	0.314000	0.314000	0.324264	
1000	0.313000	1.066772	1000	0.313000	0.313000	0.324221	
1000	0.309000	1.066772	1000	0.309000	0.309000	0.324163	
1000	0.308000	1.066772	1000	0.308000	0.308000	0.324101	
1000	0.317000	1.066772	1000	0.317000	0.317000	0.324075	
1000	0.331000	1.066772	1000	0.331000	0.331000	0.324101	
1000	0.319000	1.066772	1000	0.319000	0.319000	0.324081	
1000	0.304000	1.066772	1000	0.304000	0.304000	0.324006	
1000	0.318000	1.066772	1000	0.318000	0.318000	0.323984	
1000	0.292000	1.066772	1000	0.292000	0.292000	0.323865	
1000	0.327000	1.066772	1000	0.327000	0.327000	0.323877	
1000	0.328000	1.066772	1000	0.328000	0.328000	0.323892	
1000	0.337000	1.066772	1000	0.337000	0.337000	0.323940	
1000	0.315000	1.066772	1000	0.315000	0.315000	0.323907	
1000	0.310000	1.066772	1000	0.310000	0.310000	0.323856	
1000	0.289000	1.066772	1000	0.289000	0.289000	0.323730	
1000	0.303000	1.066772	1000	0.303000	0.303000	0.323655	
1000	0.288000	1.066772	1000	0.288000	0.288000	0.323526	
1000	0.296000	1.066772	1000	0.296000	0.296000	0.323427	
1000	0.299000	1.066772	1000	0.299000	0.299000	0.323339	
1000	0.330000	1.066772	1000	0.330000	0.330000	0.323363	
1000	0.334000	1.066772	1000	0.334000	0.334000	0.323401	
1000	0.315000	1.066772	1000	0.315000	0.315000	0.323371	
1000	0.334000	1.066772	1000	0.334000	0.334000	0.323409	
1000	0.312000	1.066772	1000	0.312000	0.312000	0.323369	
1000	0.322000	1.066772	1000	0.322000	0.322000	0.323364	
1000	0.319000	1.066772	1000	0.319000	0.319000	0.323349	
1000	0.293000	1.066772	1000	0.293000	0.293000	0.323243	
1000	0.319000	1.066772	1000	0.319000	0.319000	0.323228	
1000	0.288000	1.066772	1000	0.288000	0.288000	0.323106	
1000	0.305000	1.066772	1000	0.305000	0.305000	0.323044	
1000	0.308000	1.066772	1000	0.308000	0.308000	0.322992	
1000	0.333000	1.066772	1000	0.333000	0.333000	0.323026	
1000	0.311000	1.066772	1000	0.311000	0.311000	0.322985	
1000	0.333000	1.066772	1000	0.333000	0.333000	0.323019	
1000	0.311000	1.066772	1000	0.311000	0.311000	0.322979	
1000	0.286000	1.066772	1000	0.286000	0.286000	0.322854	
1000	0.328000	1.066772	1000	0.328000	0.328000	0.322871	
1000	0.318000	1.066772	1000	0.318000	0.318000	0.322855	
1000	0.325000	1.066772	1000	0.325000	0.325000	0.322862	
1000	0.320000	1.066772	1000	0.320000	0.320000	0.322852	
1000	0.299000	1.066772	1000	0.299000	0.299000	0.322773	
1000	0.344000	1.066772	1000	0.344000	0.344000	0.322843	
1000	0.295000	1.066772	1000	0.295000	0.295000	0.322751	
1000	0.315000	1.066772	1000	0.315000	0.315000	0.322726	
1000	0.312000	1.066772	1000	0.312000	0.312000	0.322691	
1000	0.297000	1.066772	1000	0.297000	0.297000	0.322607	
1000	0.310000	1.066772	1000	0.310000	0.310000	0.322566	
1000	0.301000	1.066772	1000	0.301000	0.301000	0.322496	
1000	0.334000	1.066772	1000	0.334000	0.334000	0.322533	
1000	0.318000	1.066772	1000	0.318000	0.318000	0.322518	
1000	0.290000	1.066772	1000	0.290000	0.290000	0.322414	
1000	0.281000	1.066772	1000	0.281000	0.281000	0.322281	
1000	0.314000	1.066772	1000	0.314000	0.314000	0.322255	
1000	0.302000	1.066772	1000	0.302000	0.302000	0.322190	
1000	0.298000	1.066772	1000	0.298000	0.298000	0.322113	
1000	0.259000	1.066772	1000	0.259000	0.259000	0.321914	
1000	0.317000	1.066772	1000	0.317000	0.317000	0.321898	
1000	0.348000	1.066772	1000	0.348000	0.348000	0.321980	
1000	0.307000	1.066772	1000	0.307000	0.307000	0.321933	
1000	0.338000	1.066772	1000	0.338000	0.338000	0.321983	
1000	0.307000	1.066772	1000	0.307000	0.307000	0.321937	
1000	0.308000	1.066772	1000	0.308000	0.308000	0.321893	
1000	0.347000	1.066772	1000	0.347000	0.347000	0.321971	
1000	0.345000	1.066772	1000	0.345000	0.345000	0.322042	
1000	0.318000	1.066772	1000	0.318000	0.318000	0.322030	
1000	0.296000	1.066772	1000	0.296000	0.296000	0.321950	
1000	0.319000	1.066772	1000	0.319000	0.319000	0.321941	
1000	0.295000	1.066772	1000	0.295000	0.295000	0.321859	
1000	0.328000	1.066772	1000	0.328000	0.328000	0.321877	
1000	0.317000	1.066772	1000	0.317000	0.317000	0.321863	
1000	0.322000	1.066772	1000	0.322000	0.322000	0.321863	
1000	0.302000	1.066772	1000	0.302000	0.302000	0.321803	
1000	0.312000	1.066772	1000	0.312000	0.312000	0.321774	
1000	0.306000	1.066772	1000	0.306000	0.306000	0.321727	
1000	0.335000	1.066772	1000	0.335000	0.335000	0.321766	
1000	0.318000	1.066772	1000	0.318000	0.318000	0.321755	
1000	0.341000	1.066772	1000	0.341000	0.341000	0.321812	
1000	0.357000	1.066772	1000	0.357000	0.357000	0.321916	
1000	0.341000	1.066772	1000	0.341000	0.341000	0.321973	
1000	0.329000	1.066772	1000	0.329000	0.329000	0.321993	
1000	0.316000	1.066772	1000	0.316000	0.316000	0.321976	
1000	0.300000	1.066772	1000	0.300000	0.300000	0.321911	
1000	0.332000	1.066772	1000	0.332000	0.332000	0.321941	
1000	0.287000	1.066772	1000	0.287000	0.287000	0.321839	
1000	0.289000	1.066772	1000	0.289000	0.289000	0.321744	
1000	0.308000	1.066772	1000	0.308000	0.308000	0.321704	
1000	0.304000	1.066772	1000	0.304000	0.304000	0.321653	
1000	0.325000	1.066772	1000	0.325000	0.325000	0.321663	
1000	0.291000	1.066772	1000	0.291000	0.291000	0.321575	
1000	0.289000	1.066772	1000	0.289000	0.289000	0.321482	
1000	0.296000	1.066772	1000	0.296000	0.296000	0.321409	
1000	0.300000	1.066772	1000	0.300000	0.300000	0.321349	
1000	0.288000	1.066772	1000	0.288000	0.288000	0.321254	
1000	0.294000	1.066772	1000	0.294000	0.294000	0.321177	
1000	0.339000	1.066772	1000	0.339000	0.339000	0.321227	
1000	0.316000	1.066772	1000	0.316000	0.316000	0.321213	
1000	0.334000	1.066772	1000	0.334000	0.334000	0.321248	
1000	0.296000	1.066772	1000	0.296000	0.296000	0.321178	
1000	0.311000	1.066772	1000	0.311000	0.311000	0.321150	
1000	0.312000	1.066772	1000	0.312000	0.312000	0.321124	
1000	0.332000	1.066772	1000	0.332000	0.332000	0.321154	
1000	0.337000	1.066772	1000	0.337000	0.337000	0.321198	
1000	0.282000	1.066772	1000	0.282000	0.282000	0.321090	
1000	0.335000	1.066772	1000	0.335000	0.335000	0.321128	
1000	0.324000	1.066772	1000	0.324000	0.324000	0.321136	
1000	0.303000	1.066772	1000	0.303000	0.303000	0.321087	
1000	0.278000	1.066772	1000	0.278000	0.278000	0.320969	
1000	0.325000	1.066772	1000	0.325000	0.325000	0.320980	
1000	0.320000	1.066772	1000	0.320000	0.320000	0.320977	
1000	0.313000	1.066772	1000	0.313000	0.313000	0.320956	
1000	0.328000	1.066772	1000	0.328000	0.328000	0.320975	
1000	0.313000	1.066772	1000	0.313000	0.313000	0.320953	
1000	0.313000	1.066772	1000	0.313000	0.313000	0.320932	
1000	0.327000	1.066772	1000	0.327000	0.327000	0.320948	
1000	0.348000	1.066772	1000	0.348000	0.348000	0.321020	
1000	0.318000	1.066772	1000	0.318000	0.318000	0.321012	
1000	0.281000	1.066772	1000	0.281000	0.281000	0.320906	
1000	0.308000	1.066772	1000	0.308000	0.308000	0.320872	
1000	0.330000	1.066772	1000	0.330000	0.330000	0.320896	
1000	0.328000	1.066772	1000	0.328000	0.328000	0.320915	
1000	0.325000	1.066772	1000	0.325000	0.325000	0.320926	
1000	0.307000	1.066772	1000	0.307000	0.307000	0.320889	
1000	0.299000	1.066772	1000	0.299000	0.299000	0.320832	
1000	0.306000	1.066772	1000	0.306000	0.306000	0.320793	
1000	0.273000	1.066772	1000	0.273000	0.273000	0.320669	
1000	0.282000	1.066772	1000	0.282000	0.282000	0.320569	
1000	0.306000	1.066772	1000	0.306000	0.306000	0.320531	
1000	0.300000	1.066772	1000	0.300000	0.300000	0.320479	
1000	0.305000	1.066772	1000	0.305000	0.305000	0.320439	
1000	0.333000	1.066772	1000	0.333000	0.333000	0.320471	
1000	0.329000	1.066772	1000	0.329000	0.329000	0.320493	
1000	0.288000	1.066772	1000	0.288000	0.288000	0.320410	
1000	0.324000	1.066772	1000	0.324000	0.324000	0.320419	
1000	0.346000	1.066772	1000	0.346000	0.346000	0.320484	
1000	0.310000	1.066772	1000	0.310000	0.310000	0.320457	
1000	0.346000	1.066772	1000	0.346000	0.346000	0.320522	
1000	0.303000	1.066772	1000	0.303000	0.303000	0.320478	
1000	0.326000	1.066772	1000	0.326000	0.326000	0.320492	
1000	0.301000	1.066772	1000	0.301000	0.301000	0.320443	
1000	0.336000	1.066772	1000	0.336000	0.336000	0.320482	
1000	0.301000	1.066772	1000	0.301000	0.301000	0.320433	
1000	0.304000	1.066772	1000	0.304000	0.304000	0.320392	
1000	0.302000	1.066772	1000	0.302000	0.302000	0.320347	
1000	0.318000	1.066772	1000	0.318000	0.318000	0.320341	
1000	0.297000	1.066772	1000	0.297000	0.297000	0.320283	
1000	0.317000	1.066772	1000	0.317000	0.317000	0.320275	
1000	0.330000	1.066772	1000	0.330000	0.330000	0.320299	
1000	0.278000	1.066772	1000	0.278000	0.278000	0.320195	
1000	0.304000	1.066772	1000	0.304000	0.304000	0.320156	
1000	0.285000	1.066772	1000	0.285000	0.285000	0.320070	
1000	0.336000	1.066772	1000	0.336000	0.336000	0.320109	
1000	0.326000	1.066772	1000	0.326000	0.326000	0.320123	
1000	0.350000	1.066772	1000	0.350000	0.350000	0.320195	
1000	0.317000	1.066772	1000	0.317000	0.317000	0.320188	
1000	0.292000	1.066772	1000	0.292000	0.292000	0.320120	
1000	0.363000	1.066772	1000	0.363000	0.363000	0.320223	
1000	0.318000	1.066772	1000	0.318000	0.318000	0.320217	
1000	0.305000	1.066772	1000	0.305000	0.305000	0.320181	
1000	0.318000	1.066772	1000	0.318000	0.318000	0.320176	
1000	0.319000	1.066772	1000	0.319000	0.319000	0.320173	
1000	0.309000	1.066772	1000	0.309000	0.309000	0.320147	
1000	0.360000	1.066772	1000	0.360000	0.360000	0.320241	
1000	0.325000	1.066772	1000	0.325000	0.325000	0.320252	
1000	0.386000	1.066772	1000	0.386000	0.386000	0.320407	
1000	0.331000	1.066772	1000	0.331000	0.331000	0.320432	
1000	0.327000	1.066772	1000	0.327000	0.327000	0.320448	
1000	0.338000	1.066772	1000	0.338000	0.338000	0.320489	
1000	0.308000	1.066772	1000	0.308000	0.308000	0.320460	
1000	0.324000	1.066772	1000	0.324000	0.324000	0.320468	
1000	0.324000	1.066772	1000	0.324000	0.324000	0.320476	
1000	0.327000	1.066772	1000	0.327000	0.327000	0.320491	
1000	0.323000	1.066772	1000	0.323000	0.323000	0.320497	
1000	0.299000	1.066772	1000	0.299000	0.299000	0.320447	
1000	0.342000	1.066772	1000	0.342000	0.342000	0.320497	
1000	0.306000	1.066772	1000	0.306000	0.306000	0.320464	
1000	0.318000	1.066772	1000	0.318000	0.318000	0.320458	
1000	0.330000	1.066772	1000	0.330000	0.330000	0.320480	
1000	0.292000	1.066772	1000	0.292000	0.292000	0.320415	
1000	0.289000	1.066772	1000	0.289000	0.289000	0.320343	
1000	0.341000	1.066772	1000	0.341000	0.341000	0.320390	
1000	0.286000	1.066772	1000	0.286000	0.286000	0.320312	
1000	0.298000	1.066772	1000	0.298000	0.298000	0.320262	
1000	0.316000	1.066772	1000	0.316000	0.316000	0.320252	
1000	0.320000	1.066772	1000	0.320000	0.320000	0.320252	
1000	0.305000	1.066772	1000	0.305000	0.305000	0.320217	
1000	0.324000	1.066772	1000	0.324000	0.324000	0.320226	
1000	0.330000	1.066772	1000	0.330000	0.330000	0.320248	
1000	0.280000	1.066772	1000	0.280000	0.280000	0.320158	
1000	0.319000	1.066772	1000	0.319000	0.319000	0.320155	
1000	0.307000	1.066772	1000	0.307000	0.307000	0.320126	
1000	0.306000	1.066772	1000	0.306000	0.306000	0.320095	
1000	0.302000	1.066772	1000	0.302000	0.302000	0.320055	
1000	0.325000	1.066772	1000	0.325000	0.325000	0.320066	
1000	0.324000	1.066772	1000	0.324000	0.324000	0.320074	
1000	0.312000	1.066772	1000	0.312000	0.312000	0.320056	
1000	0.336000	1.066772	1000	0.336000	0.336000	0.320091	
1000	0.284000	1.066772	1000	0.284000	0.284000	0.320012	
1000	0.335000	1.066772	1000	0.335000	0.335000	0.320045	
1000	0.308000	1.066772	1000	0.308000	0.308000	0.320019	
1000	0.318000	1.066772	1000	0.318000	0.318000	0.320015	
1000	0.350000	1.066772	1000	0.350000	0.350000	0.320080	
1000	0.356000	1.066772	1000	0.356000	0.356000	0.320157	
1000	0.336000	1.066772	1000	0.336000	0.336000	0.320192	
1000	0.284000	1.066772	1000	0.284000	0.284000	0.320114	
1000	0.304000	1.066772	1000	0.304000	0.304000	0.320079	
1000	0.319000	1.066772	1000	0.319000	0.319000	0.320077	
1000	0.274000	1.066772	1000	0.274000	0.274000	0.319978	
1000	0.314000	1.066772	1000	0.314000	0.314000	0.319965	
1000	0.316000	1.066772	1000	0.316000	0.316000	0.319957	
1000	0.319000	1.066772	1000	0.319000	0.319000	0.319955	
1000	0.290000	1.066772	1000	0.290000	0.290000	0.319891	
1000	0.336000	1.066772	1000	0.336000	0.336000	0.319925	
1000	0.317000	1.066772	1000	0.317000	0.317000	0.319919	
1000	0.319000	1.066772	1000	0.319000	0.319000	0.319917	
1000	0.323000	1.066772	1000	0.323000	0.323000	0.319924	
1000	0.321000	1.066772	1000	0.321000	0.321000	0.319926	
1000	0.304000	1.066772	1000	0.304000	0.304000	0.319892	
1000	0.342000	1.066772	1000	0.342000	0.342000	0.319939	
1000	0.325000	1.066772	1000	0.325000	0.325000	0.319949	
1000	0.322000	1.066772	1000	0.322000	0.322000	0.319954	
1000	0.321000	1.066772	1000	0.321000	0.321000	0.319956	
1000	0.301000	1.066772	1000	0.301000	0.301000	0.319916	
1000	0.326000	1.066772	1000	0.326000	0.326000	0.319929	
1000	0.283000	1.066772	1000	0.283000	0.283000	0.319853	
1000	0.290000	1.066772	1000	0.290000	0.290000	0.319791	
1000	0.338000	1.066772	1000	0.338000	0.338000	0.319829	
1000	0.338000	1.066772	1000	0.338000	0.338000	0.319866	
1000	0.310000	1.066772	1000	0.310000	0.310000	0.319846	
1000	0.300000	1.066772	1000	0.300000	0.300000	0.319805	
1000	0.359000	1.066772	1000	0.359000	0.359000	0.319885	
1000	0.342000	1.066772	1000	0.342000	0.342000	0.319930	
1000	0.351000	1.066772	1000	0.351000	0.351000	0.319993	
1000	0.323000	1.066772	1000	0.323000	0.323000	0.319999	
1000	0.353000	1.066772	1000	0.353000	0.353000	0.320066	
1000	0.302000	1.066772	1000	0.302000	0.302000	0.320030	
1000	0.322000	1.066772	1000	0.322000	0.322000	0.320034	
1000	0.299000	1.066772	1000	0.299000	0.299000	0.319991	
1000	0.316000	1.066772	1000	0.316000	0.316000	0.319983	
1000	0.323000	1.066772	1000	0.323000	0.323000	0.319989	
1000	0.300000	1.066772	1000	0.300000	0.300000	0.319949	
1000	0.363000	1.066772	1000	0.363000	0.363000	0.320035	
1000	0.284000	1.066772	1000	0.284000	0.284000	0.319964	
1000	0.289000	1.066772	1000	0.289000	0.289000	0.319902	
1000	0.347000	1.066772	1000	0.347000	0.347000	0.319956	
1000	0.309000	1.066772	1000	0.309000	0.309000	0.319934	
1000	0.278000	1.066772	1000	0.278000	0.278000	0.319851	
1000	0.301000	1.066772	1000	0.301000	0.301000	0.319814	
1000	0.309000	1.066772	1000	0.309000	0.309000	0.319793	
1000	0.338000	1.066772	1000	0.338000	0.338000	0.319828	
1000	0.326000	1.066772	1000	0.326000	0.326000	0.319841	
1000	0.280000	1.066772	1000	0.280000	0.280000	0.319763	
1000	0.335000	1.066772	1000	0.335000	0.335000	0.319792	
1000	0.318000	1.066772	1000	0.318000	0.318000	0.319789	
1000	0.337000	1.066772	1000	0.337000	0.337000	0.319822	
1000	0.335000	1.066772	1000	0.335000	0.335000	0.319852	
1000	0.302000	1.066772	1000	0.302000	0.302000	0.319817	
1000	0.330000	1.066772	1000	0.330000	0.330000	0.319837	
1000	0.291000	1.066772	1000	0.291000	0.291000	0.319781	
1000	0.306000	1.066772	1000	0.306000	0.306000	0.319755	
1000	0.312000	1.066772	1000	0.312000	0.312000	0.319740	
1000	0.321000	1.066772	1000	0.321000	0.321000	0.319742	
1000	0.302000	1.066772	1000	0.302000	0.302000	0.319708	
1000	0.294000	1.066772	1000	0.294000	0.294000	0.319659	
1000	0.313000	1.066772	1000	0.313000	0.313000	0.319646	
1000	0.345000	1.066772	1000	0.345000	0.345000	0.319695	
1000	0.288000	1.066772	1000	0.288000	0.288000	0.319634	
1000	0.264000	1.066772	1000	0.264000	0.264000	0.319529	
1000	0.324000	1.066772	1000	0.324000	0.324000	0.319537	
1000	0.335000	1.066772	1000	0.335000	0.335000	0.319567	
1000	0.305000	1.066772	1000	0.305000	0.305000	0.319539	
1000	0.309000	1.066772	1000	0.309000	0.309000	0.319519	
1000	0.333000	1.066772	1000	0.333000	0.333000	0.319545	
1000	0.299000	1.066772	1000	0.299000	0.299000	0.319506	
1000	0.309000	1.066772	1000	0.309000	0.309000	0.319486	
1000	0.339000	1.066772	1000	0.339000	0.339000	0.319523	
1000	0.307000	1.066772	1000	0.307000	0.307000	0.319499	
1000	0.332000	1.066772	1000	0.332000	0.332000	0.319523	
1000	0.325000	1.066772	1000	0.325000	0.325000	0.319533	
1000	0.304000	1.066772	1000	0.304000	0.304000	0.319504	
1000	0.330000	1.066772	1000	0.330000	0.330000	0.319523	
1000	0.315000	1.066772	1000	0.315000	0.315000	0.319515	
1000	0.291000	1.066772	1000	0.291000	0.291000	0.319463	
1000	0.309000	1.066772	1000	0.309000	0.309000	0.319443	
1000	0.293000	1.066772	1000	0.293000	0.293000	0.319395	
1000	0.290000	1.066772	1000	0.290000	0.290000	0.319341	
1000	0.288000	1.066772	1000	0.288000	0.288000	0.319283	
1000	0.301000	1.066772	1000	0.301000	0.301000	0.319250	
1000	0.305000	1.066772	1000	0.305000	0.305000	0.319224	
1000	0.288000	1.066772	1000	0.288000	0.288000	0.319167	
1000	0.323000	1.066772	1000	0.323000	0.323000	0.319174	
1000	0.308000	1.066772	1000	0.308000	0.308000	0.319154	
1000	0.345000	1.066772	1000	0.345000	0.345000	0.319201	
1000	0.302000	1.066772	1000	0.302000	0.302000	0.319169	
1000	0.332000	1.066772	1000	0.332000	0.332000	0.319193	
1000	0.320000	1.066772	1000	0.320000	0.320000	0.319194	
1000	0.320000	1.066772	1000	0.320000	0.320000	0.319195	
1000	0.305000	1.066772	1000	0.305000	0.305000	0.319170	
1000	0.287000	1.066772	1000	0.287000	0.287000	0.319112	
1000	0.305000	1.066772	1000	0.305000	0.305000	0.319087	
1000	0.322000	1.066772	1000	0.322000	0.322000	0.319092	
1000	0.333000	1.066772	1000	0.333000	0.333000	0.319117	
1000	0.317000	1.066772	1000	0.317000	0.317000	0.319113	
1000	0.312000	1.066772	1000	0.312000	0.312000	0.319101	
1000	0.325000	1.066772	1000	0.325000	0.325000	0.319111	
1000	0.324000	1.066772	1000	0.324000	0.324000	0.319120	
1000	0.278000	1.066772	1000	0.278000	0.278000	0.319047	
1000	0.277000	1.066772	1000	0.277000	0.277000	0.318973	
1000	0.326000	1.066772	1000	0.326000	0.326000	0.318985	
1000	0.325000	1.066772	1000	0.325000	0.325000	0.318996	
1000	0.310000	1.066772	1000	0.310000	0.310000	0.318980	
1000	0.392000	1.066772	1000	0.392000	0.392000	0.319108	
1000	0.307000	1.066772	1000	0.307000	0.307000	0.319087	
1000	0.332000	1.066772	1000	0.332000	0.332000	0.319109	
1000	0.329000	1.066772	1000	0.329000	0.329000	0.319127	
1000	0.266000	1.066772	1000	0.266000	0.266000	0.319034	
1000	0.287000	1.066772	1000	0.287000	0.287000	0.318979	
1000	0.296000	1.066772	1000	0.296000	0.296000	0.318939	
1000	0.308000	1.066772	1000	0.308000	0.308000	0.318920	
1000	0.269000	1.066772	1000	0.269000	0.269000	0.318834	
1000	0.339000	1.066772	1000	0.339000	0.339000	0.318868	
1000	0.295000	1.066772	1000	0.295000	0.295000	0.318827	
1000	0.355000	1.066772	1000	0.355000	0.355000	0.318889	
1000	0.301000	1.066772	1000	0.301000	0.301000	0.318859	
1000	0.302000	1.066772	1000	0.302000	0.302000	0.318830	
1000	0.317000	1.066772	1000	0.317000	0.317000	0.318827	
1000	0.294000	1.066772	1000	0.294000	0.294000	0.318784	
1000	0.280000	1.066772	1000	0.280000	0.280000	0.318718	
1000	0.292000	1.066772	1000	0.292000	0.292000	0.318673	
1000	0.351000	1.066772	1000	0.351000	0.351000	0.318728	
1000	0.325000	1.066772	1000	0.325000	0.325000	0.318738	
1000	0.302000	1.066772	1000	0.302000	0.302000	0.318710	
1000	0.315000	1.066772	1000	0.315000	0.315000	0.318704	
1000	0.285000	1.066772	1000	0.285000	0.285000	0.318647	
1000	0.302000	1.066772	1000	0.302000	0.302000	0.318619	
1000	0.297000	1.066772	1000	0.297000	0.297000	0.318583	
1000	0.345000	1.066772	1000	0.345000	0.345000	0.318627	
1000	0.296000	1.066772	1000	0.296000	0.296000	0.318589	
1000	0.331000	1.066772	1000	0.331000	0.331000	0.318610	
1000	0.291000	1.066772	1000	0.291000	0.291000	0.318564	
1000	0.307000	1.066772	1000	0.307000	0.307000	0.318544	
1000	0.320000	1.066772	1000	0.320000	0.320000	0.318547	
1000	0.349000	1.066772	1000	0.349000	0.349000	0.318597	
1000	0.299000	1.066772	1000	0.299000	0.299000	0.318565	
1000	0.314000	1.066772	1000	0.314000	0.314000	0.318557	
1000	0.308000	1.066772	1000	0.308000	0.308000	0.318540	
1000	0.321000	1.066772	1000	0.321000	0.321000	0.318544	
1000	0.297000	1.066772	1000	0.297000	0.297000	0.318509	
1000	0.324000	1.066772	1000	0.324000	0.324000	0.318518	
1000	0.314000	1.066772	1000	0.314000	0.314000	0.318510	
1000	0.358000	1.066772	1000	0.358000	0.358000	0.318575	
1000	0.315000	1.066772	1000	0.315000	0.315000	0.318569	
1000	0.336000	1.066772	1000	0.336000	0.336000	0.318598	
1000	0.329000	1.066772	1000	0.329000	0.329000	0.318614	
1000	0.319000	1.066772	1000	0.319000	0.319000	0.318615	
1000	0.303000	1.066772	1000	0.303000	0.303000	0.318590	
1000	0.330000	1.066772	1000	0.330000	0.330000	0.318608	
1000	0.300000	1.066772	1000	0.300000	0.300000	0.318578	
1000	0.301000	1.066772	1000	0.301000	0.301000	0.318550	
1000	0.339000	1.066772	1000	0.339000	0.339000	0.318583	
1000	0.313000	1.066772	1000	0.313000	0.313000	0.318574	
1000	0.338000	1.066772	1000	0.338000	0.338000	0.318605	
1000	0.301000	1.066772	1000	0.301000	0.301000	0.318577	
1000	0.324000	1.066772	1000	0.324000	0.324000	0.318585	
1000	0.322000	1.066772	1000	0.322000	0.322000	0.318591	
1000	0.305000	1.066772	1000	0.305000	0.305000	0.318569	
1000	0.327000	1.066772	1000	0.327000	0.327000	0.318583	
1000	0.324000	1.066772	1000	0.324000	0.324000	0.318591	
1000	0.306000	1.066772	1000	0.306000	0.306000	0.318571	
1000	0.306000	1.066772	1000	0.306000	0.306000	0.318551	
1000	0.283000	1.066772	1000	0.283000	0.283000	0.318495	
1000	0.323000	1.066772	1000	0.323000	0.323000	0.318502	
1000	0.313000	1.066772	1000	0.313000	0.313000	0.318493	
1000	0.338000	1.066772	1000	0.338000	0.338000	0.318524	
1000	0.308000	1.066772	1000	0.308000	0.308000	0.318507	
1000	0.323000	1.066772	1000	0.323000	0.323000	0.318514	
1000	0.280000	1.066772	1000	0.280000	0.280000	0.318454	
1000	0.342000	1.066772	1000	0.342000	0.342000	0.318491	
1000	0.291000	1.066772	1000	0.291000	0.291000	0.318448	
1000	0.333000	1.066772	1000	0.333000	0.333000	0.318471	
1000	0.314000	1.066772	1000	0.314000	0.314000	0.318464	
1000	0.313000	1.066772	1000	0.313000	0.313000	0.318455	
1000	0.336000	1.066772	1000	0.336000	0.336000	0.318482	
1000	0.303000	1.066772	1000	0.303000	0.303000	0.318458	
1000	0.286000	1.066772	1000	0.286000	0.286000	0.318408	
1000	0.321000	1.066772	1000	0.321000	0.321000	0.318412	
1000	0.335000	1.066772	1000	0.335000	0.335000	0.318438	
1000	0.327000	1.066772	1000	0.327000	0.327000	0.318451	
1000	0.315000	1.066772	1000	0.315000	0.315000	0.318445	
1000	0.312000	1.066772	1000	0.312000	0.312000	0.318436	
1000	0.339000	1.066772	1000	0.339000	0.339000	0.318467	
1000	0.298000	1.066772	1000	0.298000	0.298000	0.318436	
1000	0.304000	1.066772	1000	0.304000	0.304000	0.318414	
1000	0.329000	1.066772	1000	0.329000	0.329000	0.318430	
1000	0.304000	1.066772	1000	0.304000	0.304000	0.318408	
1000	0.313000	1.066772	1000	0.313000	0.313000	0.318400	
1000	0.336000	1.066772	1000	0.336000	0.336000	0.318426	
1000	0.314000	1.066772	1000	0.314000	0.314000	0.318420	
1000	0.317000	1.066772	1000	0.317000	0.317000	0.318417	
1000	0.307000	1.066772	1000	0.307000	0.307000	0.318400	
1000	0.292000	1.066772	1000	0.292000	0.292000	0.318360	
1000	0.279000	1.066772	1000	0.279000	0.279000	0.318301	
1000	0.277000	1.066772	1000	0.277000	0.277000	0.318238	
1000	0.304000	1.066772	1000	0.304000	0.304000	0.318217	
1000	0.341000	1.066772	1000	0.341000	0.341000	0.318251	
1000	0.282000	1.066772	1000	0.282000	0.282000	0.318197	
1000	0.322000	1.066772	1000	0.322000	0.322000	0.318202	
1000	0.299000	1.066772	1000	0.299000	0.299000	0.318173	
1000	0.314000	1.066772	1000	0.314000	0.314000	0.318167	
1000	0.329000	1.066772	1000	0.329000	0.329000	0.318183	
1000	0.292000	1.066772	1000	0.292000	0.292000	0.318144	
1000	0.328000	1.066772	1000	0.328000	0.328000	0.318159	
1000	0.315000	1.066772	1000	0.315000	0.315000	0.318154	
1000	0.323000	1.066772	1000	0.323000	0.323000	0.318161	
1000	0.289000	1.066772	1000	0.289000	0.289000	0.318118	
1000	0.316000	1.066772	1000	0.316000	0.316000	0.318115	
1000	0.311000	1.066772	1000	0.311000	0.311000	0.318105	
1000	0.350000	1.066772	1000	0.350000	0.350000	0.318152	
1000	0.320000	1.066772	1000	0.320000	0.320000	0.318154	
1000	0.312000	1.066772	1000	0.312000	0.312000	0.318145	
1000	0.329000	1.066772	1000	0.329000	0.329000	0.318161	
1000	0.279000	1.066772	1000	0.279000	0.279000	0.318104	
1000	0.286000	1.066772	1000	0.286000	0.286000	0.318057	
1000	0.355000	1.066772	1000	0.355000	0.355000	0.318111	
1000	0.366000	1.066772	1000	0.366000	0.366000	0.318181	
1000	0.353000	1.066772	1000	0.353000	0.353000	0.318232	
1000	0.336000	1.066772	1000	0.336000	0.336000	0.318258	
1000	0.317000	1.066772	1000	0.317000	0.317000	0.318256	
1000	0.340000	1.066772	1000	0.340000	0.340000	0.318287	
1000	0.341000	1.066772	1000	0.341000	0.341000	0.318320	
1000	0.307000	1.066772	1000	0.307000	0.307000	0.318304	
1000	0.321000	1.066772	1000	0.321000	0.321000	0.318308	
1000	0.301000	1.066772	1000	0.301000	0.301000	0.318283	
1000	0.330000	1.066772	1000	0.330000	0.330000	0.318300	
1000	0.296000	1.066772	1000	0.296000	0.296000	0.318268	
1000	0.316000	1.066772	1000	0.316000	0.316000	0.318264	
1000	0.322000	1.066772	1000	0.322000	0.322000	0.318270	
1000	0.327000	1.066772	1000	0.327000	0.327000	0.318282	
1000	0.294000	1.066772	1000	0.294000	0.294000	0.318247	
1000	0.260000	1.066772	1000	0.260000	0.260000	0.318164	
1000	0.357000	1.066772	1000	0.357000	0.357000	0.318220	
1000	0.301000	1.066772	1000	0.301000	0.301000	0.318195	
1000	0.305000	1.066772	1000	0.305000	0.305000	0.318176	
1000	0.328000	1.066772	1000	0.328000	0.328000	0.318190	
1000	0.337000	1.066772	1000	0.337000	0.337000	0.318217	
1000	0.301000	1.066772	1000	0.301000	0.301000	0.318192	
1000	0.340000	1.066772	1000	0.340000	0.340000	0.318223	
1000	0.311000	1.066772	1000	0.311000	0.311000	0.318213	
1000	0.323000	1.066772	1000	0.323000	0.323000	0.318220	
1000	0.324000	1.066772	1000	0.324000	0.324000	0.318228	
1000	0.353000	1.066772	1000	0.353000	0.353000	0.318277	
1000	0.300000	1.066772	1000	0.300000	0.300000	0.318251	
1000	0.340000	1.066772	1000	0.340000	0.340000	0.318282	
1000	0.330000	1.066772	1000	0.330000	0.330000	0.318298	
1000	0.336000	1.066772	1000	0.336000	0.336000	0.318323	
1000	0.296000	1.066772	1000	0.296000	0.296000	0.318292	
1000	0.306000	1.066772	1000	0.306000	0.306000	0.318275	
1000	0.300000	1.066772	1000	0.300000	0.300000	0.318249	
1000	0.308000	1.066772	1000	0.308000	0.308000	0.318235	
1000	0.332000	1.066772	1000	0.332000	0.332000	0.318254	
1000	0.333000	1.066772	1000	0.333000	0.333000	0.318275	
1000	0.307000	1.066772	1000	0.307000	0.307000	0.318259	
1000	0.296000	1.066772	1000	0.296000	0.296000	0.318228	
1000	0.319000	1.066772	1000	0.319000	0.319000	0.318229	
1000	0.269000	1.066772	1000	0.269000	0.269000	0.318161	
1000	0.311000	1.066772	1000	0.311000	0.311000	0.318151	
1000	0.320000	1.066772	1000	0.320000	0.320000	0.318154	
1000	0.299000	1.066772	1000	0.299000	0.299000	0.318127	
1000	0.317000	1.066772	1000	0.317000	0.317000	0.318126	
1000	0.359000	1.066772	1000	0.359000	0.359000	0.318182	
1000	0.312000	1.066772	1000	0.312000	0.312000	0.318174	
1000	0.306000	1.066772	1000	0.306000	0.306000	0.318157	
1000	0.288000	1.066772	1000	0.288000	0.288000	0.318116	
1000	0.316000	1.066772	1000	0.316000	0.316000	0.318113	
1000	0.312000	1.066772	1000	0.312000	0.312000	0.318104	
1000	0.300000	1.066772	1000	0.300000	0.300000	0.318080	
1000	0.303000	1.066772	1000	0.303000	0.303000	0.318059	
1000	0.327000	1.066772	1000	0.327000	0.327000	0.318071	
1000	0.313000	1.066772	1000	0.313000	0.313000	0.318065	
1000	0.281000	1.066772	1000	0.281000	0.281000	0.318014	
1000	0.309000	1.066772	1000	0.309000	0.309000	0.318002	
1000	0.302000	1.066772	1000	0.302000	0.302000	0.317981	
1000	0.328000	1.066772	1000	0.328000	0.328000	0.317994	
1000	0.327000	1.066772	1000	0.327000	0.327000	0.318006	
1000	0.321000	1.066772	1000	0.321000	0.321000	0.318010	
1000	0.318000	1.066772	1000	0.318000	0.318000	0.318010	
1000	0.306000	1.066772	1000	0.306000	0.306000	0.317994	
1000	0.318000	1.066772	1000	0.318000	0.318000	0.317994	
1000	0.338000	1.066772	1000	0.338000	0.338000	0.318021	
1000	0.328000	1.066772	1000	0.328000	0.328000	0.318034	
1000	0.319000	1.066772	1000	0.319000	0.319000	0.318036	
1000	0.311000	1.066772	1000	0.311000	0.311000	0.318026	
1000	0.319000	1.066772	1000	0.319000	0.319000	0.318028	
1000	0.323000	1.066772	1000	0.323000	0.323000	0.318034	
1000	0.307000	1.066772	1000	0.307000	0.307000	0.318019	
1000	0.318000	1.066772	1000	0.318000	0.318000	0.318019	
1000	0.318000	1.066772	1000	0.318000	0.318000	0.318019	
1000	0.321000	1.066772	1000	0.321000	0.321000	0.318023	
1000	0.339000	1.066772	1000	0.339000	0.339000	0.318051	
1000	0.329000	1.066772	1000	0.329000	0.329000	0.318065	
1000	0.335000	1.066772	1000	0.335000	0.335000	0.318088	
1000	0.277000	1.066772	1000	0.277000	0.277000	0.318034	
1000	0.321000	1.066772	1000	0.321000	0.321000	0.318038	
1000	0.313000	1.066772	1000	0.313000	0.313000	0.318031	
1000	0.323000	1.066772	1000	0.323000	0.323000	0.318038	
1000	0.295000	1.066772	1000	0.295000	0.295000	0.318007	
1000	0.310000	1.066772	1000	0.310000	0.310000	0.317997	
1000	0.315000	1.066772	1000	0.315000	0.315000	0.317993	
1000	0.338000	1.066772	1000	0.338000	0.338000	0.318019	
1000	0.330000	1.066772	1000	0.330000	0.330000	0.318035	
1000	0.282000	1.066772	1000	0.282000	0.282000	0.317988	
1000	0.313000	1.066772	1000	0.313000	0.313000	0.317981	
1000	0.315000	1.066772	1000	0.315000	0.315000	0.317978	
1000	0.294000	1.066772	1000	0.294000	0.294000	0.317947	
1000	0.318000	1.066772	1000	0.318000	0.318000	0.317947	
1000	0.303000	1.066772	1000	0.303000	0.303000	0.317927	
1000	0.296000	1.066772	1000	0.296000	0.296000	0.317899	
1000	0.314000	1.066772	1000	0.314000	0.314000	0.317894	
1000	0.335000	1.066772	1000	0.335000	0.335000	0.317916	
1000	0.297000	1.066772	1000	0.297000	0.297000	0.317889	
1000	0.328000	1.066772	1000	0.328000	0.328000	0.317902	
1000	0.343000	1.066772	1000	0.343000	0.343000	0.317934	
1000	0.314000	1.066772	1000	0.314000	0.314000	0.317929	
1000	0.327000	1.066772	1000	0.327000	0.327000	0.317941	
1000	0.310000	1.066772	1000	0.310000	0.310000	0.317931	
1000	0.315000	1.066772	1000	0.315000	0.315000	0.317927	
1000	0.333000	1.066772	1000	0.333000	0.333000	0.317946	
1000	0.338000	1.066772	1000	0.338000	0.338000	0.317972	
1000	0.311000	1.066772	1000	0.311000	0.311000	0.317963	
1000	0.302000	1.066772	1000	0.302000	0.302000	0.317943	
1000	0.328000	1.066772	1000	0.328000	0.328000	0.317955	
1000	0.306000	1.066772	1000	0.306000	0.306000	0.317940	
1000	0.318000	1.066772	1000	0.318000	0.318000	0.317940	
1000	0.332000	1.066772	1000	0.332000	0.332000	0.317958	
1000	0.316000	1.066772	1000	0.316000	0.316000	0.317956	
1000	0.322000	1.066772	1000	0.322000	0.322000	0.317961	
1000	0.303000	1.066772	1000	0.303000	0.303000	0.317942	
1000	0.290000	1.066772	1000	0.290000	0.290000	0.317907	
1000	0.344000	1.066772	1000	0.344000	0.344000	0.317939	
1000	0.312000	1.066772	1000	0.312000	0.312000	0.317932	
1000	0.279000	1.066772	1000	0.279000	0.279000	0.317883	
1000	0.275000	1.066772	1000	0.275000	0.275000	0.317830	
1000	0.347000	1.066772	1000	0.347000	0.347000	0.317866	
1000	0.318000	1.066772	1000	0.318000	0.318000	0.317866	
1000	0.302000	1.066772	1000	0.302000	0.302000	0.317847	
1000	0.315000	1.066772	1000	0.315000	0.315000	0.317843	
1000	0.306000	1.066772	1000	0.306000	0.306000	0.317828	
1000	0.341000	1.066772	1000	0.341000	0.341000	0.317857	
1000	0.318000	1.066772	1000	0.318000	0.318000	0.317857	
1000	0.316000	1.066772	1000	0.316000	0.316000	0.317855	
1000	0.288000	1.066772	1000	0.288000	0.288000	0.317818	
1000	0.310000	1.066772	1000	0.310000	0.310000	0.317808	
1000	0.312000	1.066772	1000	0.312000	0.312000	0.317801	
1000	0.344000	1.066772	1000	0.344000	0.344000	0.317834	
1000	0.333000	1.066772	1000	0.333000	0.333000	0.317852	
1000	0.286000	1.066772	1000	0.286000	0.286000	0.317813	
1000	0.332000	1.066772	1000	0.332000	0.332000	0.317830	
1000	0.305000	1.066772	1000	0.305000	0.305000	0.317815	
1000	0.327000	1.066772	1000	0.327000	0.327000	0.317826	
1000	0.306000	1.066772	1000	0.306000	0.306000	0.317812	
1000	0.310000	1.066772	1000	0.310000	0.310000	0.317802	
1000	0.276000	1.066772	1000	0.276000	0.276000	0.317751	
1000	0.286000	1.066772	1000	0.286000	0.286000	0.317713	
1000	0.324000	1.066772	1000	0.324000	0.324000	0.317720	
1000	0.311000	1.066772	1000	0.311000	0.311000	0.317712	
1000	0.343000	1.066772	1000	0.343000	0.343000	0.317743	
1000	0.328000	1.066772	1000	0.328000	0.328000	0.317755	
1000	0.311000	1.066772	1000	0.311000	0.311000	0.317747	
1000	0.336000	1.066772	1000	0.336000	0.336000	0.317769	
1000	0.313000	1.066772	1000	0.313000	0.313000	0.317763	
1000	0.327000	1.066772	1000	0.327000	0.327000	0.317774	
1000	0.339000	1.066772	1000	0.339000	0.339000	0.317800	
1000	0.330000	1.066772	1000	0.330000	0.330000	0.317815	
1000	0.343000	1.066772	1000	0.343000	0.343000	0.317845	
1000	0.319000	1.066772	1000	0.319000	0.319000	0.317846	
1000	0.304000	1.066772	1000	0.304000	0.304000	0.317830	
1000	0.316000	1.066772	1000	0.316000	0.316000	0.317827	
1000	0.314000	1.066772	1000	0.314000	0.314000	0.317823	
1000	0.322000	1.066772	1000	0.322000	0.322000	0.317828	
1000	0.290000	1.066772	1000	0.290000	0.290000	0.317795	
1000	0.342000	1.066772	1000	0.342000	0.342000	0.317823	
1000	0.313000	1.066772	1000	0.313000	0.313000	0.317818	
1000	0.315000	1.066772	1000	0.315000	0.315000	0.317814	
1000	0.334000	1.066772	1000	0.334000	0.334000	0.317834	
1000	0.305000	1.066772	1000	0.305000	0.305000	0.317818	
1000	0.325000	1.066772	1000	0.325000	0.325000	0.317827	
1000	0.324000	1.066772	1000	0.324000	0.324000	0.317834	
1000	0.294000	1.066772	1000	0.294000	0.294000	0.317806	
1000	0.305000	1.066772	1000	0.305000	0.305000	0.317791	
1000	0.293000	1.066772	1000	0.293000	0.293000	0.317762	
1000	0.283000	1.066772	1000	0.283000	0.283000	0.317721	
1000	0.285000	1.066772	1000	0.285000	0.285000	0.317682	
1000	0.309000	1.066772	1000	0.309000	0.309000	0.317672	
1000	0.317000	1.066772	1000	0.317000	0.317000	0.317671	
1000	0.285000	1.066772	1000	0.285000	0.285000	0.317633	
1000	0.301000	1.066772	1000	0.301000	0.301000	0.317614	
1000	0.296000	1.066772	1000	0.296000	0.296000	0.317588	
1000	0.305000	1.066772	1000	0.305000	0.305000	0.317574	
1000	0.320000	1.066772	1000	0.320000	0.320000	0.317577	
1000	0.317000	1.066772	1000	0.317000	0.317000	0.317576	
1000	0.321000	1.066772	1000	0.321000	0.321000	0.317580	
1000	0.322000	1.066772	1000	0.322000	0.322000	0.317585	
1000	0.289000	1.066772	1000	0.289000	0.289000	0.317552	
1000	0.308000	1.066772	1000	0.308000	0.308000	0.317541	
1000	0.338000	1.066772	1000	0.338000	0.338000	0.317564	
1000	0.304000	1.066772	1000	0.304000	0.304000	0.317549	
1000	0.288000	1.066772	1000	0.288000	0.288000	0.317515	
1000	0.292000	1.066772	1000	0.292000	0.292000	0.317485	
1000	0.310000	1.066772	1000	0.310000	0.310000	0.317477	
1000	0.327000	1.066772	1000	0.327000	0.327000	0.317488	
1000	0.334000	1.066772	1000	0.334000	0.334000	0.317507	
1000	0.322000	1.066772	1000	0.322000	0.322000	0.317512	
1000	0.321000	1.066772	1000	0.321000	0.321000	0.317516	
1000	0.289000	1.066772	1000	0.289000	0.289000	0.317483	
1000	0.301000	1.066772	1000	0.301000	0.301000	0.317464	
1000	0.304000	1.066772	1000	0.304000	0.304000	0.317449	
1000	0.302000	1.066772	1000	0.302000	0.302000	0.317431	
1000	0.285000	1.066772	1000	0.285000	0.285000	0.317394	
1000	0.339000	1.066772	1000	0.339000	0.339000	0.317419	
1000	0.318000	1.066772	1000	0.318000	0.318000	0.317419	
1000	0.300000	1.066772	1000	0.300000	0.300000	0.317400	
1000	0.308000	1.066772	1000	0.308000	0.308000	0.317389	
1000	0.352000	1.066772	1000	0.352000	0.352000	0.317428	
1000	0.314000	1.066772	1000	0.314000	0.314000	0.317424	
1000	0.328000	1.066772	1000	0.328000	0.328000	0.317436	
1000	0.308000	1.066772	1000	0.308000	0.308000	0.317426	
1000	0.298000	1.066772	1000	0.298000	0.298000	0.317404	
1000	0.335000	1.066772	1000	0.335000	0.335000	0.317424	
1000	0.337000	1.066772	1000	0.337000	0.337000	0.317446	
1000	0.280000	1.066772	1000	0.280000	0.280000	0.317403	
1000	0.292000	1.066772	1000	0.292000	0.292000	0.317375	
1000	0.316000	1.066772	1000	0.316000	0.316000	0.317373	
1000	0.291000	1.066772	1000	0.291000	0.291000	0.317344	
1000	0.320000	1.066772	1000	0.320000	0.320000	0.317347	
1000	0.322000	1.066772	1000	0.322000	0.322000	0.317352	
1000	0.308000	1.066772	1000	0.308000	0.308000	0.317342	
1000	0.290000	1.066772	1000	0.290000	0.290000	0.317311	
1000	0.300000	1.066772	1000	0.300000	0.300000	0.317292	
1000	0.322000	1.066772	1000	0.322000	0.322000	0.317297	
1000	0.319000	1.066772	1000	0.319000	0.319000	0.317299	
1000	0.319000	1.066772	1000	0.319000	0.319000	0.317301	
1000	0.334000	1.066772	1000	0.334000	0.334000	0.317319	
1000	0.323000	1.066772	1000	0.323000	0.323000	0.317326	
1000	0.331000	1.066772	1000	0.331000	0.331000	0.317341	
1000	0.309000	1.066772	1000	0.309000	0.309000	0.317332	
1000	0.335000	1.066772	1000	0.335000	0.335000	0.317351	
1000	0.327000	1.066772	1000	0.327000	0.327000	0.317362	
1000	0.308000	1.066772	1000	0.308000	0.308000	0.317351	
1000	0.321000	1.066772	1000	0.321000	0.321000	0.317355	
1000	0.284000	1.066772	1000	0.284000	0.284000	0.317319	
1000	0.321000	1.066772	1000	0.321000	0.321000	0.317323	
1000	0.343000	1.066772	1000	0.343000	0.343000	0.317351	
1000	0.331000	1.066772	1000	0.331000	0.331000	0.317366	
1000	0.370000	1.066772	1000	0.370000	0.370000	0.317424	
1000	0.343000	1.066772	1000	0.343000	0.343000	0.317452	
1000	0.318000	1.066772	1000	0.318000	0.318000	0.317452	
1000	0.300000	1.066772	1000	0.300000	0.300000	0.317433	
1000	0.311000	1.066772	1000	0.311000	0.311000	0.317426	
1000	0.280000	1.066772	1000	0.280000	0.280000	0.317385	
1000	0.349000	1.066772	1000	0.349000	0.349000	0.317420	
1000	0.314000	1.066772	1000	0.314000	0.314000	0.317416	
1000	0.357000	1.066772	1000	0.357000	0.357000	0.317459	
1000	0.326000	1.066772	1000	0.326000	0.326000	0.317468	
1000	0.324000	1.066772	1000	0.324000	0.324000	0.317475	
1000	0.314000	1.066772	1000	0.314000	0.314000	0.317472	
1000	0.339000	1.066772	1000	0.339000	0.339000	0.317495	
1000	0.321000	1.066772	1000	0.321000	0.321000	0.317499	
1000	0.285000	1.066772	1000	0.285000	0.285000	0.317464	
1000	0.312000	1.066772	1000	0.312000	0.312000	0.317458	
1000	0.311000	1.066772	1000	0.311000	0.311000	0.317451	
1000	0.306000	1.066772	1000	0.306000	0.306000	0.317438	
1000	0.338000	1.066772	1000	0.338000	0.338000	0.317460	
1000	0.296000	1.066772	1000	0.296000	0.296000	0.317437	
1000	0.305000	1.066772	1000	0.305000	0.305000	0.317424	
1000	0.318000	1.066772	1000	0.318000	0.318000	0.317425	
1000	0.351000	1.066772	1000	0.351000	0.351000	0.317461	
1000	0.338000	1.066772	1000	0.338000	0.338000	0.317483	
1000	0.297000	1.066772	1000	0.297000	0.297000	0.317461	
1000	0.317000	1.066772	1000	0.317000	0.317000	0.317460	
1000	0.350000	1.066772	1000	0.350000	0.350000	0.317495	
1000	0.306000	1.066772	1000	0.306000	0.306000	0.317483	
1000	0.313000	1.066772	1000	0.313000	0.313000	0.317478	
1000	0.291000	1.066772	1000	0.291000	0.291000	0.317450	
1000	0.331000	1.066772	1000	0.331000	0.331000	0.317464	
1000	0.299000	1.066772	1000	0.299000	0.299000	0.317445	
1000	0.287000	1.066772	1000	0.287000	0.287000	0.317412	
1000	0.311000	1.066772	1000	0.311000	0.311000	0.317406	
1000	0.294000	1.066772	1000	0.294000	0.294000	0.317381	
1000	0.301000	1.066772	1000	0.301000	0.301000	0.317364	
1000	0.310000	1.066772	1000	0.310000	0.310000	0.317356	
1000	0.330000	1.066772	1000	0.330000	0.330000	0.317369	
1000	0.313000	1.066772	1000	0.313000	0.313000	0.317365	
1000	0.308000	1.066772	1000	0.308000	0.308000	0.317355	
1000	0.309000	1.066772	1000	0.309000	0.309000	0.317346	
1000	0.310000	1.066772	1000	0.310000	0.310000	0.317338	
1000	0.310000	1.066772	1000	0.310000	0.310000	0.317331	
1000	0.302000	1.066772	1000	0.302000	0.302000	0.317315	
1000	0.289000	1.066772	1000	0.289000	0.289000	0.317285	
1000	0.290000	1.066772	1000	0.290000	0.290000	0.317256	
1000	0.317000	1.066772	1000	0.317000	0.317000	0.317256	
1000	0.288000	1.066772	1000	0.288000	0.288000	0.317226	
1000	0.299000	1.066772	1000	0.299000	0.299000	0.317207	
1000	0.281000	1.066772	1000	0.281000	0.281000	0.317169	
1000	0.300000	1.066772	1000	0.300000	0.300000	0.317151	
1000	0.315000	1.066772	1000	0.315000	0.315000	0.317149	
1000	0.340000	1.066772	1000	0.340000	0.340000	0.317173	
1000	0.271000	1.066772	1000	0.271000	0.271000	0.317125	
1000	0.332000	1.066772	1000	0.332000	0.332000	0.317140	
1000	0.337000	1.066772	1000	0.337000	0.337000	0.317161	
1000	0.309000	1.066772	1000	0.309000	0.309000	0.317152	
1000	0.310000	1.066772	1000	0.310000	0.310000	0.317145	
1000	0.315000	1.066772	1000	0.315000	0.315000	0.317143	
1000	0.314000	1.066772	1000	0.314000	0.314000	0.317140	
1000	0.323000	1.066772	1000	0.323000	0.323000	0.317146	
1000	0.335000	1.066772	1000	0.335000	0.335000	0.317164	
1000	0.300000	1.066772	1000	0.300000	0.300000	0.317146	
1000	0.342000	1.066772	1000	0.342000	0.342000	0.317172	
1000	0.310000	1.066772	1000	0.310000	0.310000	0.317164	
1000	0.335000	1.066772	1000	0.335000	0.335000	0.317183	
1000	0.306000	1.066772	1000	0.306000	0.306000	0.317171	
1000	0.322000	1.066772	1000	0.322000	0.322000	0.317176	
1000	0.277000	1.066772	1000	0.277000	0.277000	0.317135	
1000	0.293000	1.066772	1000	0.293000	0.293000	0.317111	
1000	0.336000	1.066772	1000	0.336000	0.336000	0.317130	
1000	0.287000	1.066772	1000	0.287000	0.287000	0.317099	
1000	0.331000	1.066772	1000	0.331000	0.331000	0.317113	
1000	0.325000	1.066772	1000	0.325000	0.325000	0.317121	
1000	0.310000	1.066772	1000	0.310000	0.310000	0.317114	
1000	0.319000	1.066772	1000	0.319000	0.319000	0.317116	
1000	0.312000	1.066772	1000	0.312000	0.312000	0.317111	
1000	0.297000	1.066772	1000	0.297000	0.297000	0.317091	
1000	0.325000	1.066772	1000	0.325000	0.325000	0.317099	
1000	0.315000	1.066772	1000	0.315000	0.315000	0.317096	
1000	0.314000	1.066772	1000	0.314000	0.314000	0.317093	
1000	0.351000	1.066772	1000	0.351000	0.351000	0.317127	
1000	0.313000	1.066772	1000	0.313000	0.313000	0.317123	
1000	0.288000	1.066772	1000	0.288000	0.288000	0.317094	
1000	0.306000	1.066772	1000	0.306000	0.306000	0.317083	
1000	0.344000	1.066772	1000	0.344000	0.344000	0.317110	
1000	0.336000	1.066772	1000	0.336000	0.336000	0.317129	
1000	0.297000	1.066772	1000	0.297000	0.297000	0.317109	
1000	0.348000	1.066772	1000	0.348000	0.348000	0.317140	
1000	0.312000	1.066772	1000	0.312000	0.312000	0.317134	
1000	0.331000	1.066772	1000	0.331000	0.331000	0.317148	
1000	0.328000	1.066772	1000	0.328000	0.328000	0.317159	
1000	0.341000	1.066772	1000	0.341000	0.341000	0.317183	
1000	0.312000	1.066772	1000	0.312000	0.312000	0.317178	
1000	0.314000	1.066772	1000	0.314000	0.314000	0.317174	
1000	0.303000	1.066772	1000	0.303000	0.303000	0.317160	
1000	0.290000	1.066772	1000	0.290000	0.290000	0.317133	
1000	0.296000	1.066772	1000	0.296000	0.296000	0.317113	
