Default schedule
Rate	100.00
Rate Tried	% Accepted	Rates - Dev	Rates - Tried	Rates - Accepted	Sample Ave Acceptance	Total Ave Acceptance	
1000	0.330000	1.106376	1000	0.330000	0.330000	0.162349	
1000	0.312000	1.106376	1000	0.312000	0.312000	0.174819	
1000	0.334000	1.106376	1000	0.334000	0.334000	0.187063	
1000	0.331000	1.106376	1000	0.331000	0.331000	0.197343	
1000	0.329000	1.106376	1000	0.329000	0.329000	0.206120	
1000	0.304000	1.106376	1000	0.304000	0.304000	0.212237	
1000	0.335000	1.106376	1000	0.335000	0.335000	0.219458	
1000	0.305000	1.106376	1000	0.305000	0.305000	0.224210	
1000	0.333000	1.106376	1000	0.333000	0.333000	0.229935	
1000	0.336000	1.106376	1000	0.336000	0.336000	0.235238	
1000	0.283000	1.106376	1000	0.283000	0.283000	0.237512	
1000	0.307000	1.106376	1000	0.307000	0.307000	0.240671	
1000	0.291000	1.106376	1000	0.291000	0.291000	0.242859	
1000	0.359000	1.106376	1000	0.359000	0.359000	0.247698	
1000	0.313000	1.106376	1000	0.313000	0.313000	0.250310	
1000	0.315000	1.106376	1000	0.315000	0.315000	0.252798	
1000	0.330000	1.106376	1000	0.330000	0.330000	0.255657	
1000	0.332000	1.106376	1000	0.332000	0.332000	0.258384	
1000	0.338000	1.106376	1000	0.338000	0.338000	0.261129	
1000	0.350000	1.106376	1000	0.350000	0.350000	0.264091	
1000	0.324000	1.106376	1000	0.324000	0.324000	0.266024	
1000	0.336000	1.106376	1000	0.336000	0.336000	0.268210	
1000	0.297000	1.106376	1000	0.297000	0.297000	0.269083	
1000	0.298000	1.106376	1000	0.298000	0.298000	0.269933	
1000	0.303000	1.106376	1000	0.303000	0.303000	0.270878	
1000	0.327000	1.106376	1000	0.327000	0.327000	0.272437	
1000	0.341000	1.106376	1000	0.341000	0.341000	0.274290	
1000	0.306000	1.106376	1000	0.306000	0.306000	0.275124	
1000	0.326000	1.106376	1000	0.326000	0.326000	0.276429	
1000	0.328000	1.106376	1000	0.328000	0.328000	0.277718	
1000	0.322000	1.106376	1000	0.322000	0.322000	0.278798	
1000	0.323000	1.106376	1000	0.323000	0.323000	0.279850	
1000	0.337000	1.106376	1000	0.337000	0.337000	0.281180	
1000	0.358000	1.106376	1000	0.358000	0.358000	0.282925	
1000	0.339000	1.106376	1000	0.339000	0.339000	0.284171	
1000	0.319000	1.106376	1000	0.319000	0.319000	0.284929	
1000	0.303000	1.106376	1000	0.303000	0.303000	0.285313	
1000	0.299000	1.106376	1000	0.299000	0.299000	0.285598	
1000	0.339000	1.106376	1000	0.339000	0.339000	0.286688	
1000	0.314000	1.106376	1000	0.314000	0.314000	0.287234	
1000	0.368000	1.106376	1000	0.368000	0.368000	0.288818	
1000	0.341000	1.106376	1000	0.341000	0.341000	0.289821	
1000	0.353000	1.106376	1000	0.353000	0.353000	0.291013	
1000	0.328000	1.106376	1000	0.328000	0.328000	0.291698	
1000	0.295000	1.106376	1000	0.295000	0.295000	0.291758	
1000	0.309000	1.106376	1000	0.309000	0.309000	0.292066	
1000	0.294000	1.106376	1000	0.294000	0.294000	0.292100	
1000	0.324000	1.106376	1000	0.324000	0.324000	0.292650	
1000	0.336000	1.106376	1000	0.336000	0.336000	0.293385	
1000	0.319000	1.106376	1000	0.319000	0.319000	0.293812	
1000	0.307000	1.106376	1000	0.307000	0.307000	0.294028	
1000	0.334000	1.106376	1000	0.334000	0.334000	0.294673	
1000	0.366000	1.106376	1000	0.366000	0.366000	0.295805	
1000	0.295000	1.106376	1000	0.295000	0.295000	0.295792	
1000	0.317000	1.106376	1000	0.317000	0.317000	0.296119	
1000	0.342000	1.106376	1000	0.342000	0.342000	0.296814	
1000	0.336000	1.106376	1000	0.336000	0.336000	0.297399	
1000	0.337000	1.106376	1000	0.337000	0.337000	0.297981	
1000	0.337000	1.106376	1000	0.337000	0.337000	0.298546	
1000	0.321000	1.106376	1000	0.321000	0.321000	0.298867	
1000	0.318000	1.106376	1000	0.318000	0.318000	0.299137	
1000	0.286000	1.106376	1000	0.286000	0.286000	0.298954	
1000	0.296000	1.106376	1000	0.296000	0.296000	0.298914	
1000	0.305000	1.106376	1000	0.305000	0.305000	0.298996	
1000	0.312000	1.106376	1000	0.312000	0.312000	0.299169	
1000	0.333000	1.106376	1000	0.333000	0.333000	0.299614	
1000	0.364000	1.106376	1000	0.364000	0.364000	0.300451	
1000	0.345000	1.106376	1000	0.345000	0.345000	0.301022	
1000	0.343000	1.106376	1000	0.343000	0.343000	0.301553	
1000	0.312000	1.106376	1000	0.312000	0.312000	0.301684	
1000	0.332000	1.106376	1000	0.332000	0.332000	0.302058	
1000	0.296000	1.106376	1000	0.296000	0.296000	0.301984	
1000	0.342000	1.106376	1000	0.342000	0.342000	0.302466	
1000	0.290000	1.106376	1000	0.290000	0.290000	0.302318	
1000	0.296000	1.106376	1000	0.296000	0.296000	0.302244	
1000	0.347000	1.106376	1000	0.347000	0.347000	0.302764	
1000	0.342000	1.106376	1000	0.342000	0.342000	0.303215	
1000	0.363000	1.106376	1000	0.363000	0.363000	0.303894	
1000	0.296000	1.106376	1000	0.296000	0.296000	0.303806	
1000	0.376000	1.106376	1000	0.376000	0.376000	0.304608	
1000	0.332000	1.106376	1000	0.332000	0.332000	0.304909	
1000	0.301000	1.106376	1000	0.301000	0.301000	0.304866	
1000	0.339000	1.106376	1000	0.339000	0.339000	0.305233	
1000	0.314000	1.106376	1000	0.314000	0.314000	0.305327	
1000	0.306000	1.106376	1000	0.306000	0.306000	0.305334	
1000	0.323000	1.106376	1000	0.323000	0.323000	0.305518	
1000	0.337000	1.106376	1000	0.337000	0.337000	0.305842	
1000	0.315000	1.106376	1000	0.315000	0.315000	0.305936	
1000	0.311000	1.106376	1000	0.311000	0.311000	0.305987	
1000	0.334000	1.106376	1000	0.334000	0.334000	0.306267	
1000	0.321000	1.106376	1000	0.321000	0.321000	0.306413	
1000	0.296000	1.106376	1000	0.296000	0.296000	0.306311	
1000	0.318000	1.106376	1000	0.318000	0.318000	0.306424	
1000	0.307000	1.106376	1000	0.307000	0.307000	0.306430	
1000	0.321000	1.106376	1000	0.321000	0.321000	0.306569	
1000	0.287000	1.106376	1000	0.287000	0.287000	0.306384	
1000	0.302000	1.106376	1000	0.302000	0.302000	0.306343	
1000	0.322000	1.106376	1000	0.322000	0.322000	0.306488	
1000	0.306000	1.106376	1000	0.306000	0.306000	0.306483	
1000	0.320000	1.106376	1000	0.320000	0.320000	0.306606	
1000	0.315000	1.106376	1000	0.315000	0.315000	0.306682	
1000	0.348000	1.106376	1000	0.348000	0.348000	0.307051	
1000	0.274000	1.106376	1000	0.274000	0.274000	0.306758	
1000	0.324000	1.106376	1000	0.324000	0.324000	0.306910	
1000	0.306000	1.106376	1000	0.306000	0.306000	0.306902	
1000	0.288000	1.106376	1000	0.288000	0.288000	0.306739	
1000	0.315000	1.106376	1000	0.315000	0.315000	0.306809	
1000	0.364000	1.106376	1000	0.364000	0.364000	0.307294	
1000	0.329000	1.106376	1000	0.329000	0.329000	0.307476	
1000	0.308000	1.106376	1000	0.308000	0.308000	0.307481	
1000	0.315000	1.106376	1000	0.315000	0.315000	0.307543	
1000	0.359000	1.106376	1000	0.359000	0.359000	0.307965	
1000	0.339000	1.106376	1000	0.339000	0.339000	0.308217	
1000	0.310000	1.106376	1000	0.310000	0.310000	0.308231	
1000	0.368000	1.106376	1000	0.368000	0.368000	0.308710	
1000	0.355000	1.106376	1000	0.355000	0.355000	0.309077	
1000	0.392000	1.106376	1000	0.392000	0.392000	0.309730	
1000	0.371000	1.106376	1000	0.371000	0.371000	0.310209	
1000	0.299000	1.106376	1000	0.299000	0.299000	0.310122	
1000	0.332000	1.106376	1000	0.332000	0.332000	0.310290	
1000	0.314000	1.106376	1000	0.314000	0.314000	0.310318	
1000	0.314000	1.106376	1000	0.314000	0.314000	0.310346	
1000	0.342000	1.106376	1000	0.342000	0.342000	0.310584	
1000	0.341000	1.106376	1000	0.341000	0.341000	0.310811	
1000	0.327000	1.106376	1000	0.327000	0.327000	0.310931	
1000	0.327000	1.106376	1000	0.327000	0.327000	0.311049	
1000	0.292000	1.106376	1000	0.292000	0.292000	0.310910	
1000	0.294000	1.106376	1000	0.294000	0.294000	0.310788	
1000	0.297000	1.106376	1000	0.297000	0.297000	0.310688	
1000	0.345000	1.106376	1000	0.345000	0.345000	0.310933	
1000	0.320000	1.106376	1000	0.320000	0.320000	0.310998	
1000	0.302000	1.106376	1000	0.302000	0.302000	0.310934	
1000	0.347000	1.106376	1000	0.347000	0.347000	0.311187	
1000	0.317000	1.106376	1000	0.317000	0.317000	0.311227	
1000	0.342000	1.106376	1000	0.342000	0.342000	0.311439	
1000	0.324000	1.106376	1000	0.324000	0.324000	0.311525	
1000	0.318000	1.106376	1000	0.318000	0.318000	0.311569	
1000	0.342000	1.106376	1000	0.342000	0.342000	0.311775	
1000	0.360000	1.106376	1000	0.360000	0.360000	0.312099	
1000	0.357000	1.106376	1000	0.357000	0.357000	0.312398	
1000	0.368000	1.106376	1000	0.368000	0.368000	0.312766	
1000	0.323000	1.106376	1000	0.323000	0.323000	0.312833	
1000	0.316000	1.106376	1000	0.316000	0.316000	0.312854	
1000	0.352000	1.106376	1000	0.352000	0.352000	0.313108	
1000	0.348000	1.106376	1000	0.348000	0.348000	0.313333	
1000	0.327000	1.106376	1000	0.327000	0.327000	0.313421	
1000	0.307000	1.106376	1000	0.307000	0.307000	0.313380	
1000	0.317000	1.106376	1000	0.317000	0.317000	0.313403	
1000	0.300000	1.106376	1000	0.300000	0.300000	0.313319	
1000	0.319000	1.106376	1000	0.319000	0.319000	0.313354	
1000	0.339000	1.106376	1000	0.339000	0.339000	0.313514	
1000	0.320000	1.106376	1000	0.320000	0.320000	0.313554	
1000	0.366000	1.106376	1000	0.366000	0.366000	0.313875	
1000	0.335000	1.106376	1000	0.335000	0.335000	0.314004	
1000	0.336000	1.106376	1000	0.336000	0.336000	0.314137	
1000	0.306000	1.106376	1000	0.306000	0.306000	0.314088	
1000	0.290000	1.106376	1000	0.290000	0.290000	0.313944	
1000	0.322000	1.106376	1000	0.322000	0.322000	0.313992	
1000	0.306000	1.106376	1000	0.306000	0.306000	0.313945	
1000	0.304000	1.106376	1000	0.304000	0.304000	0.313886	
1000	0.305000	1.106376	1000	0.305000	0.305000	0.313834	
1000	0.339000	1.106376	1000	0.339000	0.339000	0.313981	
1000	0.341000	1.106376	1000	0.341000	0.341000	0.314137	
1000	0.288000	1.106376	1000	0.288000	0.288000	0.313987	
1000	0.326000	1.106376	1000	0.326000	0.326000	0.314055	
1000	0.391000	1.106376	1000	0.391000	0.391000	0.314493	
1000	0.318000	1.106376	1000	0.318000	0.318000	0.314512	
1000	0.326000	1.106376	1000	0.326000	0.326000	0.314577	
1000	0.312000	1.106376	1000	0.312000	0.312000	0.314562	
1000	0.345000	1.106376	1000	0.345000	0.345000	0.314732	
1000	0.356000	1.106376	1000	0.356000	0.356000	0.314960	
1000	0.311000	1.106376	1000	0.311000	0.311000	0.314938	
1000	0.315000	1.106376	1000	0.315000	0.315000	0.314938	
1000	0.328000	1.106376	1000	0.328000	0.328000	0.315009	
1000	0.326000	1.106376	1000	0.326000	0.326000	0.315069	
1000	0.322000	1.106376	1000	0.322000	0.322000	0.315106	
1000	0.330000	1.106376	1000	0.330000	0.330000	0.315185	
1000	0.349000	1.106376	1000	0.349000	0.349000	0.315365	
1000	0.306000	1.106376	1000	0.306000	0.306000	0.315316	
1000	0.332000	1.106376	1000	0.332000	0.332000	0.315404	
1000	0.316000	1.106376	1000	0.316000	0.316000	0.315407	
1000	0.355000	1.106376	1000	0.355000	0.355000	0.315613	
1000	0.351000	1.106376	1000	0.351000	0.351000	0.315796	
1000	0.341000	1.106376	1000	0.341000	0.341000	0.315926	
1000	0.332000	1.106376	1000	0.332000	0.332000	0.316009	
1000	0.259000	1.106376	1000	0.259000	0.259000	0.315718	
1000	0.359000	1.106376	1000	0.359000	0.359000	0.315937	
1000	0.300000	1.106376	1000	0.300000	0.300000	0.315857	
1000	0.328000	1.106376	1000	0.328000	0.328000	0.315918	
1000	0.292000	1.106376	1000	0.292000	0.292000	0.315798	
1000	0.306000	1.106376	1000	0.306000	0.306000	0.315750	
1000	0.313000	1.106376	1000	0.313000	0.313000	0.315736	
1000	0.328000	1.106376	1000	0.328000	0.328000	0.315796	
1000	0.289000	1.106376	1000	0.289000	0.289000	0.315665	
1000	0.308000	1.106376	1000	0.308000	0.308000	0.315628	
1000	0.338000	1.106376	1000	0.338000	0.338000	0.315736	
1000	0.313000	1.106376	1000	0.313000	0.313000	0.315723	
1000	0.290000	1.106376	1000	0.290000	0.290000	0.315599	
1000	0.320000	1.106376	1000	0.320000	0.320000	0.315620	
1000	0.312000	1.106376	1000	0.312000	0.312000	0.315603	
1000	0.288000	1.106376	1000	0.288000	0.288000	0.315472	
1000	0.319000	1.106376	1000	0.319000	0.319000	0.315489	
1000	0.320000	1.106376	1000	0.320000	0.320000	0.315510	
1000	0.297000	1.106376	1000	0.297000	0.297000	0.315424	
1000	0.333000	1.106376	1000	0.333000	0.333000	0.315506	
1000	0.323000	1.106376	1000	0.323000	0.323000	0.315540	
1000	0.341000	1.106376	1000	0.341000	0.341000	0.315658	
1000	0.331000	1.106376	1000	0.331000	0.331000	0.315728	
1000	0.318000	1.106376	1000	0.318000	0.318000	0.315738	
1000	0.294000	1.106376	1000	0.294000	0.294000	0.315639	
1000	0.291000	1.106376	1000	0.291000	0.291000	0.315528	
1000	0.288000	1.106376	1000	0.288000	0.288000	0.315404	
1000	0.316000	1.106376	1000	0.316000	0.316000	0.315407	
1000	0.317000	1.106376	1000	0.317000	0.317000	0.315414	
1000	0.323000	1.106376	1000	0.323000	0.323000	0.315447	
1000	0.354000	1.106376	1000	0.354000	0.354000	0.315618	
1000	0.314000	1.106376	1000	0.314000	0.314000	0.315611	
1000	0.355000	1.106376	1000	0.355000	0.355000	0.315784	
1000	0.303000	1.106376	1000	0.303000	0.303000	0.315728	
1000	0.333000	1.106376	1000	0.333000	0.333000	0.315803	
1000	0.327000	1.106376	1000	0.327000	0.327000	0.315851	
1000	0.368000	1.106376	1000	0.368000	0.368000	0.316076	
1000	0.332000	1.106376	1000	0.332000	0.332000	0.316145	
1000	0.325000	1.106376	1000	0.325000	0.325000	0.316182	
1000	0.304000	1.106376	1000	0.304000	0.304000	0.316131	
1000	0.284000	1.106376	1000	0.284000	0.284000	0.315994	
1000	0.327000	1.106376	1000	0.327000	0.327000	0.316041	
1000	0.319000	1.106376	1000	0.319000	0.319000	0.316053	
1000	0.322000	1.106376	1000	0.322000	0.322000	0.316078	
1000	0.349000	1.106376	1000	0.349000	0.349000	0.316215	
1000	0.358000	1.106376	1000	0.358000	0.358000	0.316389	
1000	0.364000	1.106376	1000	0.364000	0.364000	0.316585	
1000	0.345000	1.106376	1000	0.345000	0.345000	0.316702	
1000	0.294000	1.106376	1000	0.294000	0.294000	0.316609	
1000	0.304000	1.106376	1000	0.304000	0.304000	0.316558	
1000	0.321000	1.106376	1000	0.321000	0.321000	0.316576	
1000	0.311000	1.106376	1000	0.311000	0.311000	0.316553	
1000	0.301000	1.106376	1000	0.301000	0.301000	0.316491	
1000	0.314000	1.106376	1000	0.314000	0.314000	0.316481	
1000	0.319000	1.106376	1000	0.319000	0.319000	0.316491	
1000	0.335000	1.106376	1000	0.335000	0.335000	0.316564	
1000	0.356000	1.106376	1000	0.356000	0.356000	0.316721	
1000	0.317000	1.106376	1000	0.317000	0.317000	0.316722	
1000	0.310000	1.106376	1000	0.310000	0.310000	0.316696	
1000	0.289000	1.106376	1000	0.289000	0.289000	0.316587	
1000	0.327000	1.106376	1000	0.327000	0.327000	0.316628	
1000	0.361000	1.106376	1000	0.361000	0.361000	0.316800	
1000	0.327000	1.106376	1000	0.327000	0.327000	0.316840	
1000	0.325000	1.106376	1000	0.325000	0.325000	0.316871	
1000	0.351000	1.106376	1000	0.351000	0.351000	0.317003	
1000	0.299000	1.106376	1000	0.299000	0.299000	0.316934	
1000	0.288000	1.106376	1000	0.288000	0.288000	0.316823	
1000	0.333000	1.106376	1000	0.333000	0.333000	0.316885	
1000	0.282000	1.106376	1000	0.282000	0.282000	0.316753	
1000	0.327000	1.106376	1000	0.327000	0.327000	0.316791	
1000	0.340000	1.106376	1000	0.340000	0.340000	0.316879	
1000	0.317000	1.106376	1000	0.317000	0.317000	0.316879	
1000	0.332000	1.106376	1000	0.332000	0.332000	0.316935	
1000	0.383000	1.106376	1000	0.383000	0.383000	0.317181	
1000	0.359000	1.106376	1000	0.359000	0.359000	0.317336	
1000	0.283000	1.106376	1000	0.283000	0.283000	0.317209	
1000	0.367000	1.106376	1000	0.367000	0.367000	0.317392	
1000	0.334000	1.106376	1000	0.334000	0.334000	0.317453	
1000	0.369000	1.106376	1000	0.369000	0.369000	0.317641	
1000	0.356000	1.106376	1000	0.356000	0.356000	0.317781	
1000	0.314000	1.106376	1000	0.314000	0.314000	0.317767	
1000	0.313000	1.106376	1000	0.313000	0.313000	0.317750	
1000	0.307000	1.106376	1000	0.307000	0.307000	0.317711	
1000	0.320000	1.106376	1000	0.320000	0.320000	0.317719	
1000	0.304000	1.106376	1000	0.304000	0.304000	0.317670	
1000	0.332000	1.106376	1000	0.332000	0.332000	0.317721	
1000	0.371000	1.106376	1000	0.371000	0.371000	0.317910	
1000	0.301000	1.106376	1000	0.301000	0.301000	0.317850	
1000	0.339000	1.106376	1000	0.339000	0.339000	0.317925	
1000	0.316000	1.106376	1000	0.316000	0.316000	0.317918	
1000	0.322000	1.106376	1000	0.322000	0.322000	0.317932	
1000	0.306000	1.106376	1000	0.306000	0.306000	0.317891	
1000	0.300000	1.106376	1000	0.300000	0.300000	0.317829	
1000	0.336000	1.106376	1000	0.336000	0.336000	0.317892	
1000	0.347000	1.106376	1000	0.347000	0.347000	0.317992	
1000	0.283000	1.106376	1000	0.283000	0.283000	0.317872	
1000	0.303000	1.106376	1000	0.303000	0.303000	0.317821	
1000	0.323000	1.106376	1000	0.323000	0.323000	0.317839	
1000	0.322000	1.106376	1000	0.322000	0.322000	0.317853	
1000	0.280000	1.106376	1000	0.280000	0.280000	0.317724	
1000	0.329000	1.106376	1000	0.329000	0.329000	0.317762	
1000	0.332000	1.106376	1000	0.332000	0.332000	0.317810	
1000	0.303000	1.106376	1000	0.303000	0.303000	0.317761	
1000	0.260000	1.106376	1000	0.260000	0.260000	0.317567	
1000	0.294000	1.106376	1000	0.294000	0.294000	0.317489	
1000	0.336000	1.106376	1000	0.336000	0.336000	0.317550	
1000	0.304000	1.106376	1000	0.304000	0.304000	0.317506	
1000	0.325000	1.106376	1000	0.325000	0.325000	0.317530	
1000	0.321000	1.106376	1000	0.321000	0.321000	0.317542	
1000	0.320000	1.106376	1000	0.320000	0.320000	0.317550	
1000	0.322000	1.106376	1000	0.322000	0.322000	0.317564	
1000	0.296000	1.106376	1000	0.296000	0.296000	0.317494	
1000	0.293000	1.106376	1000	0.293000	0.293000	0.317415	
1000	0.333000	1.106376	1000	0.333000	0.333000	0.317465	
1000	0.314000	1.106376	1000	0.314000	0.314000	0.317454	
1000	0.316000	1.106376	1000	0.316000	0.316000	0.317449	
1000	0.307000	1.106376	1000	0.307000	0.307000	0.317416	
1000	0.329000	1.106376	1000	0.329000	0.329000	0.317453	
1000	0.304000	1.106376	1000	0.304000	0.304000	0.317410	
1000	0.303000	1.106376	1000	0.303000	0.303000	0.317364	
1000	0.332000	1.106376	1000	0.332000	0.332000	0.317410	
1000	0.335000	1.106376	1000	0.335000	0.335000	0.317466	
1000	0.311000	1.106376	1000	0.311000	0.311000	0.317446	
1000	0.312000	1.106376	1000	0.312000	0.312000	0.317428	
1000	0.325000	1.106376	1000	0.325000	0.325000	0.317452	
1000	0.303000	1.106376	1000	0.303000	0.303000	0.317407	
1000	0.317000	1.106376	1000	0.317000	0.317000	0.317406	
1000	0.313000	1.106376	1000	0.313000	0.313000	0.317392	
1000	0.292000	1.106376	1000	0.292000	0.292000	0.317314	
1000	0.317000	1.106376	1000	0.317000	0.317000	0.317313	
1000	0.326000	1.106376	1000	0.326000	0.326000	0.317340	
1000	0.312000	1.106376	1000	0.312000	0.312000	0.317323	
1000	0.328000	1.106376	1000	0.328000	0.328000	0.317356	
1000	0.362000	1.106376	1000	0.362000	0.362000	0.317491	
1000	0.330000	1.106376	1000	0.330000	0.330000	0.317529	
1000	0.328000	1.106376	1000	0.328000	0.328000	0.317561	
1000	0.298000	1.106376	1000	0.298000	0.298000	0.317502	
1000	0.336000	1.106376	1000	0.336000	0.336000	0.317558	
1000	0.285000	1.106376	1000	0.285000	0.285000	0.317460	
1000	0.307000	1.106376	1000	0.307000	0.307000	0.317429	
1000	0.330000	1.106376	1000	0.330000	0.330000	0.317466	
1000	0.335000	1.106376	1000	0.335000	0.335000	0.317518	
1000	0.324000	1.106376	1000	0.324000	0.324000	0.317538	
1000	0.320000	1.106376	1000	0.320000	0.320000	0.317545	
1000	0.336000	1.106376	1000	0.336000	0.336000	0.317599	
1000	0.327000	1.106376	1000	0.327000	0.327000	0.317627	
1000	0.322000	1.106376	1000	0.322000	0.322000	0.317639	
1000	0.313000	1.106376	1000	0.313000	0.313000	0.317626	
1000	0.328000	1.106376	1000	0.328000	0.328000	0.317656	
1000	0.277000	1.106376	1000	0.277000	0.277000	0.317538	
1000	0.303000	1.106376	1000	0.303000	0.303000	0.317496	
1000	0.318000	1.106376	1000	0.318000	0.318000	0.317498	
1000	0.323000	1.106376	1000	0.323000	0.323000	0.317513	
1000	0.349000	1.106376	1000	0.349000	0.349000	0.317604	
1000	0.318000	1.106376	1000	0.318000	0.318000	0.317605	
1000	0.328000	1.106376	1000	0.328000	0.328000	0.317634	
1000	0.317000	1.106376	1000	0.317000	0.317000	0.317633	
1000	0.334000	1.106376	1000	0.334000	0.334000	0.317679	
1000	0.329000	1.106376	1000	0.329000	0.329000	0.317711	
1000	0.325000	1.106376	1000	0.325000	0.325000	0.317731	
1000	0.334000	1.106376	1000	0.334000	0.334000	0.317777	
1000	0.311000	1.106376	1000	0.311000	0.311000	0.317758	
1000	0.308000	1.106376	1000	0.308000	0.308000	0.317731	
1000	0.344000	1.106376	1000	0.344000	0.344000	0.317804	
1000	0.318000	1.106376	1000	0.318000	0.318000	0.317805	
1000	0.315000	1.106376	1000	0.315000	0.315000	0.317797	
1000	0.289000	1.106376	1000	0.289000	0.289000	0.317717	
1000	0.309000	1.106376	1000	0.309000	0.309000	0.317693	
1000	0.363000	1.106376	1000	0.363000	0.363000	0.317818	
1000	0.374000	1.106376	1000	0.374000	0.374000	0.317972	
1000	0.322000	1.106376	1000	0.322000	0.322000	0.317983	
1000	0.337000	1.106376	1000	0.337000	0.337000	0.318035	
1000	0.320000	1.106376	1000	0.320000	0.320000	0.318040	
1000	0.284000	1.106376	1000	0.284000	0.284000	0.317948	
1000	0.350000	1.106376	1000	0.350000	0.350000	0.318034	
1000	0.333000	1.106376	1000	0.333000	0.333000	0.318075	
1000	0.311000	1.106376	1000	0.311000	0.311000	0.318056	
1000	0.320000	1.106376	1000	0.320000	0.320000	0.318061	
1000	0.319000	1.106376	1000	0.319000	0.319000	0.318063	
1000	0.331000	1.106376	1000	0.331000	0.331000	0.318098	
1000	0.322000	1.106376	1000	0.322000	0.322000	0.318108	
1000	0.355000	1.106376	1000	0.355000	0.355000	0.318206	
1000	0.333000	1.106376	1000	0.333000	0.333000	0.318245	
1000	0.306000	1.106376	1000	0.306000	0.306000	0.318213	
1000	0.292000	1.106376	1000	0.292000	0.292000	0.318144	
1000	0.319000	1.106376	1000	0.319000	0.319000	0.318146	
1000	0.299000	1.106376	1000	0.299000	0.299000	0.318096	
1000	0.309000	1.106376	1000	0.309000	0.309000	0.318072	
1000	0.324000	1.106376	1000	0.324000	0.324000	0.318088	
1000	0.323000	1.106376	1000	0.323000	0.323000	0.318100	
1000	0.318000	1.106376	1000	0.318000	0.318000	0.318100	
1000	0.326000	1.106376	1000	0.326000	0.326000	0.318121	
1000	0.306000	1.106376	1000	0.306000	0.306000	0.318089	
1000	0.334000	1.106376	1000	0.334000	0.334000	0.318130	
1000	0.323000	1.106376	1000	0.323000	0.323000	0.318143	
1000	0.356000	1.106376	1000	0.356000	0.356000	0.318240	
1000	0.293000	1.106376	1000	0.293000	0.293000	0.318175	
1000	0.329000	1.106376	1000	0.329000	0.329000	0.318203	
1000	0.321000	1.106376	1000	0.321000	0.321000	0.318210	
1000	0.331000	1.106376	1000	0.331000	0.331000	0.318242	
1000	0.313000	1.106376	1000	0.313000	0.313000	0.318229	
1000	0.317000	1.106376	1000	0.317000	0.317000	0.318226	
1000	0.309000	1.106376	1000	0.309000	0.309000	0.318203	
1000	0.329000	1.106376	1000	0.329000	0.329000	0.318230	
1000	0.294000	1.106376	1000	0.294000	0.294000	0.318169	
1000	0.323000	1.106376	1000	0.323000	0.323000	0.318181	
1000	0.290000	1.106376	1000	0.290000	0.290000	0.318111	
1000	0.306000	1.106376	1000	0.306000	0.306000	0.318081	
1000	0.272000	1.106376	1000	0.272000	0.272000	0.317967	
1000	0.327000	1.106376	1000	0.327000	0.327000	0.317989	
1000	0.316000	1.106376	1000	0.316000	0.316000	0.317984	
1000	0.319000	1.106376	1000	0.319000	0.319000	0.317987	
1000	0.320000	1.106376	1000	0.320000	0.320000	0.317992	
1000	0.303000	1.106376	1000	0.303000	0.303000	0.317955	
1000	0.313000	1.106376	1000	0.313000	0.313000	0.317943	
1000	0.274000	1.106376	1000	0.274000	0.274000	0.317836	
1000	0.275000	1.106376	1000	0.275000	0.275000	0.317732	
1000	0.326000	1.106376	1000	0.326000	0.326000	0.317752	
1000	0.314000	1.106376	1000	0.314000	0.314000	0.317743	
1000	0.325000	1.106376	1000	0.325000	0.325000	0.317761	
1000	0.311000	1.106376	1000	0.311000	0.311000	0.317744	
1000	0.331000	1.106376	1000	0.331000	0.331000	0.317776	
1000	0.305000	1.106376	1000	0.305000	0.305000	0.317746	
1000	0.332000	1.106376	1000	0.332000	0.332000	0.317780	
1000	0.330000	1.106376	1000	0.330000	0.330000	0.317809	
1000	0.324000	1.106376	1000	0.324000	0.324000	0.317823	
1000	0.328000	1.106376	1000	0.328000	0.328000	0.317848	
1000	0.317000	1.106376	1000	0.317000	0.317000	0.317846	
1000	0.335000	1.106376	1000	0.335000	0.335000	0.317886	
1000	0.342000	1.106376	1000	0.342000	0.342000	0.317943	
1000	0.309000	1.106376	1000	0.309000	0.309000	0.317922	
1000	0.301000	1.106376	1000	0.301000	0.301000	0.317882	
1000	0.323000	1.106376	1000	0.323000	0.323000	0.317894	
1000	0.330000	1.106376	1000	0.330000	0.330000	0.317922	
1000	0.310000	1.106376	1000	0.310000	0.310000	0.317904	
1000	0.350000	1.106376	1000	0.350000	0.350000	0.317978	
1000	0.320000	1.106376	1000	0.320000	0.320000	0.317983	
1000	0.301000	1.106376	1000	0.301000	0.301000	0.317944	
1000	0.321000	1.106376	1000	0.321000	0.321000	0.317951	
1000	0.326000	1.106376	1000	0.326000	0.326000	0.317969	
1000	0.303000	1.106376	1000	0.303000	0.303000	0.317935	
1000	0.354000	1.106376	1000	0.354000	0.354000	0.318018	
1000	0.314000	1.106376	1000	0.314000	0.314000	0.318008	
1000	0.299000	1.106376	1000	0.299000	0.299000	0.317965	
1000	0.323000	1.106376	1000	0.323000	0.323000	0.317977	
1000	0.318000	1.106376	1000	0.318000	0.318000	0.317977	
1000	0.312000	1.106376	1000	0.312000	0.312000	0.317963	
1000	0.328000	1.106376	1000	0.328000	0.328000	0.317986	
1000	0.302000	1.106376	1000	0.302000	0.302000	0.317950	
1000	0.319000	1.106376	1000	0.319000	0.319000	0.317952	
1000	0.296000	1.106376	1000	0.296000	0.296000	0.317903	
1000	0.314000	1.106376	1000	0.314000	0.314000	0.317894	
1000	0.350000	1.106376	1000	0.350000	0.350000	0.317966	
1000	0.337000	1.106376	1000	0.337000	0.337000	0.318008	
1000	0.325000	1.106376	1000	0.325000	0.325000	0.318024	
1000	0.362000	1.106376	1000	0.362000	0.362000	0.318121	
1000	0.320000	1.106376	1000	0.320000	0.320000	0.318125	
1000	0.358000	1.106376	1000	0.358000	0.358000	0.318213	
1000	0.328000	1.106376	1000	0.328000	0.328000	0.318235	
1000	0.294000	1.106376	1000	0.294000	0.294000	0.318182	
1000	0.298000	1.106376	1000	0.298000	0.298000	0.318137	
1000	0.341000	1.106376	1000	0.341000	0.341000	0.318187	
1000	0.348000	1.106376	1000	0.348000	0.348000	0.318253	
1000	0.336000	1.106376	1000	0.336000	0.336000	0.318291	
1000	0.313000	1.106376	1000	0.313000	0.313000	0.318280	
1000	0.340000	1.106376	1000	0.340000	0.340000	0.318327	
1000	0.319000	1.106376	1000	0.319000	0.319000	0.318328	
1000	0.327000	1.106376	1000	0.327000	0.327000	0.318347	
1000	0.344000	1.106376	1000	0.344000	0.344000	0.318402	
1000	0.313000	1.106376	1000	0.313000	0.313000	0.318391	
1000	0.286000	1.106376	1000	0.286000	0.286000	0.318321	
1000	0.308000	1.106376	1000	0.308000	0.308000	0.318299	
1000	0.323000	1.106376	1000	0.323000	0.323000	0.318309	
1000	0.314000	1.106376	1000	0.314000	0.314000	0.318300	
1000	0.267000	1.106376	1000	0.267000	0.267000	0.318191	
1000	0.345000	1.106376	1000	0.345000	0.345000	0.318248	
1000	0.338000	1.106376	1000	0.338000	0.338000	0.318290	
1000	0.361000	1.106376	1000	0.361000	0.361000	0.318380	
1000	0.315000	1.106376	1000	0.315000	0.315000	0.318373	
1000	0.330000	1.106376	1000	0.330000	0.330000	0.318397	
1000	0.311000	1.106376	1000	0.311000	0.311000	0.318382	
1000	0.317000	1.106376	1000	0.317000	0.317000	0.318379	
1000	0.339000	1.106376	1000	0.339000	0.339000	0.318422	
1000	0.312000	1.106376	1000	0.312000	0.312000	0.318409	
1000	0.338000	1.106376	1000	0.338000	0.338000	0.318449	
1000	0.327000	1.106376	1000	0.327000	0.327000	0.318467	
1000	0.339000	1.106376	1000	0.339000	0.339000	0.318510	
1000	0.310000	1.106376	1000	0.310000	0.310000	0.318492	
1000	0.342000	1.106376	1000	0.342000	0.342000	0.318541	
1000	0.305000	1.106376	1000	0.305000	0.305000	0.318513	
1000	0.328000	1.106376	1000	0.328000	0.328000	0.318532	
1000	0.332000	1.106376	1000	0.332000	0.332000	0.318560	
1000	0.285000	1.106376	1000	0.285000	0.285000	0.318491	
1000	0.312000	1.106376	1000	0.312000	0.312000	0.318478	
1000	0.318000	1.106376	1000	0.318000	0.318000	0.318477	
1000	0.307000	1.106376	1000	0.307000	0.307000	0.318454	
1000	0.312000	1.106376	1000	0.312000	0.312000	0.318440	
1000	0.355000	1.106376	1000	0.355000	0.355000	0.318515	
1000	0.269000	1.106376	1000	0.269000	0.269000	0.318414	
1000	0.321000	1.106376	1000	0.321000	0.321000	0.318420	
1000	0.325000	1.106376	1000	0.325000	0.325000	0.318433	
1000	0.322000	1.106376	1000	0.322000	0.322000	0.318440	
1000	0.307000	1.106376	1000	0.307000	0.307000	0.318417	
1000	0.349000	1.106376	1000	0.349000	0.349000	0.318478	
1000	0.295000	1.106376	1000	0.295000	0.295000	0.318431	
1000	0.309000	1.106376	1000	0.309000	0.309000	0.318413	
1000	0.308000	1.106376	1000	0.308000	0.308000	0.318392	
1000	0.330000	1.106376	1000	0.330000	0.330000	0.318415	
1000	0.326000	1.106376	1000	0.326000	0.326000	0.318430	
1000	0.354000	1.106376	1000	0.354000	0.354000	0.318500	
1000	0.310000	1.106376	1000	0.310000	0.310000	0.318484	
1000	0.303000	1.106376	1000	0.303000	0.303000	0.318453	
1000	0.287000	1.106376	1000	0.287000	0.287000	0.318391	
1000	0.310000	1.106376	1000	0.310000	0.310000	0.318375	
1000	0.360000	1.106376	1000	0.360000	0.360000	0.318456	
1000	0.342000	1.106376	1000	0.342000	0.342000	0.318502	
1000	0.318000	1.106376	1000	0.318000	0.318000	0.318501	
1000	0.324000	1.106376	1000	0.324000	0.324000	0.318512	
1000	0.349000	1.106376	1000	0.349000	0.349000	0.318571	
1000	0.332000	1.106376	1000	0.332000	0.332000	0.318597	
1000	0.332000	1.106376	1000	0.332000	0.332000	0.318623	
1000	0.333000	1.106376	1000	0.333000	0.333000	0.318651	
1000	0.306000	1.106376	1000	0.306000	0.306000	0.318627	
1000	0.303000	1.106376	1000	0.303000	0.303000	0.318597	
1000	0.330000	1.106376	1000	0.330000	0.330000	0.318619	
1000	0.307000	1.106376	1000	0.307000	0.307000	0.318596	
1000	0.343000	1.106376	1000	0.343000	0.343000	0.318643	
1000	0.326000	1.106376	1000	0.326000	0.326000	0.318657	
1000	0.327000	1.106376	1000	0.327000	0.327000	0.318673	
1000	0.298000	1.106376	1000	0.298000	0.298000	0.318634	
1000	0.301000	1.106376	1000	0.301000	0.301000	0.318600	
1000	0.330000	1.106376	1000	0.330000	0.330000	0.318622	
1000	0.321000	1.106376	1000	0.321000	0.321000	0.318626	
1000	0.315000	1.106376	1000	0.315000	0.315000	0.318619	
1000	0.345000	1.106376	1000	0.345000	0.345000	0.318669	
1000	0.274000	1.106376	1000	0.274000	0.274000	0.318585	
1000	0.280000	1.106376	1000	0.280000	0.280000	0.318513	
1000	0.310000	1.106376	1000	0.310000	0.310000	0.318497	
1000	0.312000	1.106376	1000	0.312000	0.312000	0.318484	
1000	0.324000	1.106376	1000	0.324000	0.324000	0.318495	
1000	0.336000	1.106376	1000	0.336000	0.336000	0.318527	
1000	0.335000	1.106376	1000	0.335000	0.335000	0.318558	
1000	0.286000	1.106376	1000	0.286000	0.286000	0.318498	
1000	0.333000	1.106376	1000	0.333000	0.333000	0.318524	
1000	0.330000	1.106376	1000	0.330000	0.330000	0.318546	
1000	0.335000	1.106376	1000	0.335000	0.335000	0.318576	
1000	0.314000	1.106376	1000	0.314000	0.314000	0.318568	
1000	0.307000	1.106376	1000	0.307000	0.307000	0.318546	
1000	0.343000	1.106376	1000	0.343000	0.343000	0.318591	
1000	0.317000	1.106376	1000	0.317000	0.317000	0.318588	
1000	0.320000	1.106376	1000	0.320000	0.320000	0.318591	
1000	0.292000	1.106376	1000	0.292000	0.292000	0.318542	
1000	0.342000	1.106376	1000	0.342000	0.342000	0.318585	
1000	0.308000	1.106376	1000	0.308000	0.308000	0.318566	
1000	0.283000	1.106376	1000	0.283000	0.283000	0.318501	
1000	0.312000	1.106376	1000	0.312000	0.312000	0.318489	
1000	0.274000	1.106376	1000	0.274000	0.274000	0.318409	
1000	0.293000	1.106376	1000	0.293000	0.293000	0.318363	
1000	0.334000	1.106376	1000	0.334000	0.334000	0.318391	
1000	0.335000	1.106376	1000	0.335000	0.335000	0.318421	
1000	0.368000	1.106376	1000	0.368000	0.368000	0.318510	
1000	0.318000	1.106376	1000	0.318000	0.318000	0.318509	
1000	0.348000	1.106376	1000	0.348000	0.348000	0.318562	
1000	0.309000	1.106376	1000	0.309000	0.309000	0.318545	
1000	0.317000	1.106376	1000	0.317000	0.317000	0.318542	
1000	0.309000	1.106376	1000	0.309000	0.309000	0.318525	
1000	0.316000	1.106376	1000	0.316000	0.316000	0.318521	
1000	0.316000	1.106376	1000	0.316000	0.316000	0.318516	
1000	0.308000	1.106376	1000	0.308000	0.308000	0.318498	
1000	0.321000	1.106376	1000	0.321000	0.321000	0.318502	
1000	0.320000	1.106376	1000	0.320000	0.320000	0.318505	
1000	0.313000	1.106376	1000	0.313000	0.313000	0.318495	
1000	0.338000	1.106376	1000	0.338000	0.338000	0.318529	
1000	0.316000	1.106376	1000	0.316000	0.316000	0.318525	
1000	0.312000	1.106376	1000	0.312000	0.312000	0.318513	
1000	0.330000	1.106376	1000	0.330000	0.330000	0.318534	
1000	0.355000	1.106376	1000	0.355000	0.355000	0.318597	
1000	0.278000	1.106376	1000	0.278000	0.278000	0.318526	
1000	0.345000	1.106376	1000	0.345000	0.345000	0.318573	
1000	0.346000	1.106376	1000	0.346000	0.346000	0.318620	
1000	0.322000	1.106376	1000	0.322000	0.322000	0.318626	
1000	0.331000	1.106376	1000	0.331000	0.331000	0.318648	
1000	0.307000	1.106376	1000	0.307000	0.307000	0.318627	
1000	0.319000	1.106376	1000	0.319000	0.319000	0.318628	
1000	0.315000	1.106376	1000	0.315000	0.315000	0.318622	
1000	0.316000	1.106376	1000	0.316000	0.316000	0.318617	
1000	0.320000	1.106376	1000	0.320000	0.320000	0.318620	
1000	0.330000	1.106376	1000	0.330000	0.330000	0.318639	
1000	0.339000	1.106376	1000	0.339000	0.339000	0.318674	
1000	0.316000	1.106376	1000	0.316000	0.316000	0.318670	
1000	0.332000	1.106376	1000	0.332000	0.332000	0.318692	
1000	0.283000	1.106376	1000	0.283000	0.283000	0.318631	
1000	0.337000	1.106376	1000	0.337000	0.337000	0.318663	
1000	0.333000	1.106376	1000	0.333000	0.333000	0.318687	
1000	0.307000	1.106376	1000	0.307000	0.307000	0.318667	
1000	0.317000	1.106376	1000	0.317000	0.317000	0.318664	
1000	0.329000	1.106376	1000	0.329000	0.329000	0.318682	
1000	0.286000	1.106376	1000	0.286000	0.286000	0.318627	
1000	0.307000	1.106376	1000	0.307000	0.307000	0.318607	
1000	0.303000	1.106376	1000	0.303000	0.303000	0.318581	
1000	0.315000	1.106376	1000	0.315000	0.315000	0.318575	
1000	0.325000	1.106376	1000	0.325000	0.325000	0.318586	
1000	0.310000	1.106376	1000	0.310000	0.310000	0.318571	
1000	0.336000	1.106376	1000	0.336000	0.336000	0.318600	
1000	0.365000	1.106376	1000	0.365000	0.365000	0.318678	
1000	0.330000	1.106376	1000	0.330000	0.330000	0.318697	
1000	0.305000	1.106376	1000	0.305000	0.305000	0.318674	
1000	0.288000	1.106376	1000	0.288000	0.288000	0.318623	
1000	0.308000	1.106376	1000	0.308000	0.308000	0.318605	
1000	0.319000	1.106376	1000	0.319000	0.319000	0.318606	
1000	0.295000	1.106376	1000	0.295000	0.295000	0.318567	
1000	0.305000	1.106376	1000	0.305000	0.305000	0.318545	
1000	0.316000	1.106376	1000	0.316000	0.316000	0.318541	
1000	0.364000	1.106376	1000	0.364000	0.364000	0.318615	
1000	0.330000	1.106376	1000	0.330000	0.330000	0.318634	
1000	0.300000	1.106376	1000	0.300000	0.300000	0.318603	
1000	0.337000	1.106376	1000	0.337000	0.337000	0.318633	
1000	0.299000	1.106376	1000	0.299000	0.299000	0.318601	
1000	0.347000	1.106376	1000	0.347000	0.347000	0.318648	
1000	0.310000	1.106376	1000	0.310000	0.310000	0.318634	
1000	0.301000	1.106376	1000	0.301000	0.301000	0.318605	
1000	0.316000	1.106376	1000	0.316000	0.316000	0.318601	
1000	0.315000	1.106376	1000	0.315000	0.315000	0.318595	
1000	0.328000	1.106376	1000	0.328000	0.328000	0.318610	
1000	0.337000	1.106376	1000	0.337000	0.337000	0.318640	
1000	0.352000	1.106376	1000	0.352000	0.352000	0.318694	
1000	0.335000	1.106376	1000	0.335000	0.335000	0.318720	
1000	0.303000	1.106376	1000	0.303000	0.303000	0.318695	
1000	0.298000	1.106376	1000	0.298000	0.298000	0.318661	
1000	0.323000	1.106376	1000	0.323000	0.323000	0.318668	
1000	0.341000	1.106376	1000	0.341000	0.341000	0.318704	
1000	0.313000	1.106376	1000	0.313000	0.313000	0.318695	
1000	0.338000	1.106376	1000	0.338000	0.338000	0.318726	
1000	0.325000	1.106376	1000	0.325000	0.325000	0.318736	
1000	0.342000	1.106376	1000	0.342000	0.342000	0.318773	
1000	0.340000	1.106376	1000	0.340000	0.340000	0.318806	
1000	0.317000	1.106376	1000	0.317000	0.317000	0.318803	
1000	0.300000	1.106376	1000	0.300000	0.300000	0.318774	
1000	0.296000	1.106376	1000	0.296000	0.296000	0.318738	
1000	0.310000	1.106376	1000	0.310000	0.310000	0.318724	
1000	0.317000	1.106376	1000	0.317000	0.317000	0.318721	
1000	0.313000	1.106376	1000	0.313000	0.313000	0.318712	
1000	0.310000	1.106376	1000	0.310000	0.310000	0.318699	
1000	0.328000	1.106376	1000	0.328000	0.328000	0.318713	
1000	0.314000	1.106376	1000	0.314000	0.314000	0.318706	
1000	0.318000	1.106376	1000	0.318000	0.318000	0.318705	
1000	0.295000	1.106376	1000	0.295000	0.295000	0.318668	
1000	0.351000	1.106376	1000	0.351000	0.351000	0.318718	
1000	0.305000	1.106376	1000	0.305000	0.305000	0.318697	
1000	0.318000	1.106376	1000	0.318000	0.318000	0.318696	
1000	0.282000	1.106376	1000	0.282000	0.282000	0.318639	
1000	0.322000	1.106376	1000	0.322000	0.322000	0.318644	
1000	0.323000	1.106376	1000	0.323000	0.323000	0.318651	
1000	0.299000	1.106376	1000	0.299000	0.299000	0.318620	
1000	0.312000	1.106376	1000	0.312000	0.312000	0.318610	
1000	0.309000	1.106376	1000	0.309000	0.309000	0.318596	
1000	0.328000	1.106376	1000	0.328000	0.328000	0.318610	
1000	0.323000	1.106376	1000	0.323000	0.323000	0.318617	
1000	0.324000	1.106376	1000	0.324000	0.324000	0.318625	
1000	0.334000	1.106376	1000	0.334000	0.334000	0.318648	
1000	0.310000	1.106376	1000	0.310000	0.310000	0.318635	
1000	0.302000	1.106376	1000	0.302000	0.302000	0.318610	
1000	0.345000	1.106376	1000	0.345000	0.345000	0.318650	
1000	0.297000	1.106376	1000	0.297000	0.297000	0.318617	
1000	0.343000	1.106376	1000	0.343000	0.343000	0.318654	
1000	0.303000	1.106376	1000	0.303000	0.303000	0.318630	
1000	0.322000	1.106376	1000	0.322000	0.322000	0.318635	
1000	0.284000	1.106376	1000	0.284000	0.284000	0.318583	
1000	0.319000	1.106376	1000	0.319000	0.319000	0.318584	
1000	0.337000	1.106376	1000	0.337000	0.337000	0.318612	
1000	0.323000	1.106376	1000	0.323000	0.323000	0.318618	
1000	0.317000	1.106376	1000	0.317000	0.317000	0.318616	
1000	0.307000	1.106376	1000	0.307000	0.307000	0.318598	
1000	0.323000	1.106376	1000	0.323000	0.323000	0.318605	
1000	0.323000	1.106376	1000	0.323000	0.323000	0.318611	
1000	0.335000	1.106376	1000	0.335000	0.335000	0.318636	
1000	0.361000	1.106376	1000	0.361000	0.361000	0.318699	
1000	0.278000	1.106376	1000	0.278000	0.278000	0.318638	
1000	0.330000	1.106376	1000	0.330000	0.330000	0.318655	
1000	0.311000	1.106376	1000	0.311000	0.311000	0.318644	
1000	0.278000	1.106376	1000	0.278000	0.278000	0.318584	
1000	0.335000	1.106376	1000	0.335000	0.335000	0.318608	
1000	0.312000	1.106376	1000	0.312000	0.312000	0.318598	
1000	0.333000	1.106376	1000	0.333000	0.333000	0.318620	
1000	0.333000	1.106376	1000	0.333000	0.333000	0.318641	
1000	0.371000	1.106376	1000	0.371000	0.371000	0.318718	
1000	0.348000	1.106376	1000	0.348000	0.348000	0.318761	
1000	0.367000	1.106376	1000	0.367000	0.367000	0.318831	
1000	0.335000	1.106376	1000	0.335000	0.335000	0.318855	
1000	0.305000	1.106376	1000	0.305000	0.305000	0.318835	
1000	0.305000	1.106376	1000	0.305000	0.305000	0.318814	
1000	0.315000	1.106376	1000	0.315000	0.315000	0.318809	
1000	0.351000	1.106376	1000	0.351000	0.351000	0.318856	
1000	0.320000	1.106376	1000	0.320000	0.320000	0.318857	
1000	0.309000	1.106376	1000	0.309000	0.309000	0.318843	
1000	0.315000	1.106376	1000	0.315000	0.315000	0.318837	
1000	0.298000	1.106376	1000	0.298000	0.298000	0.318807	
1000	0.288000	1.106376	1000	0.288000	0.288000	0.318763	
1000	0.281000	1.106376	1000	0.281000	0.281000	0.318708	
1000	0.318000	1.106376	1000	0.318000	0.318000	0.318707	
1000	0.295000	1.106376	1000	0.295000	0.295000	0.318673	
1000	0.323000	1.106376	1000	0.323000	0.323000	0.318680	
1000	0.322000	1.106376	1000	0.322000	0.322000	0.318684	
1000	0.331000	1.106376	1000	0.331000	0.331000	0.318702	
1000	0.334000	1.106376	1000	0.334000	0.334000	0.318724	
1000	0.326000	1.106376	1000	0.326000	0.326000	0.318734	
1000	0.327000	1.106376	1000	0.327000	0.327000	0.318746	
1000	0.303000	1.106376	1000	0.303000	0.303000	0.318724	
1000	0.311000	1.106376	1000	0.311000	0.311000	0.318713	
1000	0.322000	1.106376	1000	0.322000	0.322000	0.318717	
1000	0.305000	1.106376	1000	0.305000	0.305000	0.318698	
1000	0.288000	1.106376	1000	0.288000	0.288000	0.318654	
1000	0.306000	1.106376	1000	0.306000	0.306000	0.318637	
1000	0.322000	1.106376	1000	0.322000	0.322000	0.318641	
1000	0.320000	1.106376	1000	0.320000	0.320000	0.318643	
1000	0.328000	1.106376	1000	0.328000	0.328000	0.318656	
1000	0.298000	1.106376	1000	0.298000	0.298000	0.318627	
1000	0.319000	1.106376	1000	0.319000	0.319000	0.318628	
1000	0.316000	1.106376	1000	0.316000	0.316000	0.318624	
1000	0.320000	1.106376	1000	0.320000	0.320000	0.318626	
1000	0.308000	1.106376	1000	0.308000	0.308000	0.318611	
1000	0.360000	1.106376	1000	0.360000	0.360000	0.318669	
1000	0.318000	1.106376	1000	0.318000	0.318000	0.318668	
1000	0.342000	1.106376	1000	0.342000	0.342000	0.318701	
1000	0.346000	1.106376	1000	0.346000	0.346000	0.318738	
1000	0.310000	1.106376	1000	0.310000	0.310000	0.318726	
1000	0.298000	1.106376	1000	0.298000	0.298000	0.318698	
1000	0.319000	1.106376	1000	0.319000	0.319000	0.318698	
1000	0.339000	1.106376	1000	0.339000	0.339000	0.318726	
1000	0.301000	1.106376	1000	0.301000	0.301000	0.318702	
1000	0.322000	1.106376	1000	0.322000	0.322000	0.318706	
1000	0.348000	1.106376	1000	0.348000	0.348000	0.318746	
1000	0.323000	1.106376	1000	0.323000	0.323000	0.318752	
1000	0.314000	1.106376	1000	0.314000	0.314000	0.318746	
1000	0.296000	1.106376	1000	0.296000	0.296000	0.318715	
1000	0.367000	1.106376	1000	0.367000	0.367000	0.318781	
1000	0.347000	1.106376	1000	0.347000	0.347000	0.318819	
1000	0.294000	1.106376	1000	0.294000	0.294000	0.318785	
1000	0.307000	1.106376	1000	0.307000	0.307000	0.318769	
1000	0.317000	1.106376	1000	0.317000	0.317000	0.318767	
1000	0.329000	1.106376	1000	0.329000	0.329000	0.318781	
1000	0.296000	1.106376	1000	0.296000	0.296000	0.318750	
1000	0.289000	1.106376	1000	0.289000	0.289000	0.318710	
1000	0.319000	1.106376	1000	0.319000	0.319000	0.318710	
1000	0.315000	1.106376	1000	0.315000	0.315000	0.318705	
1000	0.335000	1.106376	1000	0.335000	0.335000	0.318727	
1000	0.315000	1.106376	1000	0.315000	0.315000	0.318722	
1000	0.298000	1.106376	1000	0.298000	0.298000	0.318694	
1000	0.297000	1.106376	1000	0.297000	0.297000	0.318665	
1000	0.322000	1.106376	1000	0.322000	0.322000	0.318669	
1000	0.310000	1.106376	1000	0.310000	0.310000	0.318658	
1000	0.337000	1.106376	1000	0.337000	0.337000	0.318682	
1000	0.350000	1.106376	1000	0.350000	0.350000	0.318724	
1000	0.312000	1.106376	1000	0.312000	0.312000	0.318715	
1000	0.351000	1.106376	1000	0.351000	0.351000	0.318758	
1000	0.314000	1.106376	1000	0.314000	0.314000	0.318752	
1000	0.311000	1.106376	1000	0.311000	0.311000	0.318742	
1000	0.297000	1.106376	1000	0.297000	0.297000	0.318713	
1000	0.350000	1.106376	1000	0.350000	0.350000	0.318754	
1000	0.317000	1.106376	1000	0.317000	0.317000	0.318752	
1000	0.317000	1.106376	1000	0.317000	0.317000	0.318750	
1000	0.341000	1.106376	1000	0.341000	0.341000	0.318779	
1000	0.348000	1.106376	1000	0.348000	0.348000	0.318818	
1000	0.290000	1.106376	1000	0.290000	0.290000	0.318780	
1000	0.350000	1.106376	1000	0.350000	0.350000	0.318821	
1000	0.310000	1.106376	1000	0.310000	0.310000	0.318809	
1000	0.322000	1.106376	1000	0.322000	0.322000	0.318813	
1000	0.309000	1.106376	1000	0.309000	0.309000	0.318800	
1000	0.315000	1.106376	1000	0.315000	0.315000	0.318795	
1000	0.309000	1.106376	1000	0.309000	0.309000	0.318783	
1000	0.317000	1.106376	1000	0.317000	0.317000	0.318780	
1000	0.293000	1.106376	1000	0.293000	0.293000	0.318747	
1000	0.298000	1.106376	1000	0.298000	0.298000	0.318720	
1000	0.318000	1.106376	1000	0.318000	0.318000	0.318719	
1000	0.324000	1.106376	1000	0.324000	0.324000	0.318726	
1000	0.311000	1.106376	1000	0.311000	0.311000	0.318716	
1000	0.306000	1.106376	1000	0.306000	0.306000	0.318699	
1000	0.366000	1.106376	1000	0.366000	0.366000	0.318760	
1000	0.356000	1.106376	1000	0.356000	0.356000	0.318808	
1000	0.320000	1.106376	1000	0.320000	0.320000	0.318810	
1000	0.358000	1.106376	1000	0.358000	0.358000	0.318860	
1000	0.321000	1.106376	1000	0.321000	0.321000	0.318863	
1000	0.328000	1.106376	1000	0.328000	0.328000	0.318875	
1000	0.340000	1.106376	1000	0.340000	0.340000	0.318902	
1000	0.300000	1.106376	1000	0.300000	0.300000	0.318878	
1000	0.333000	1.106376	1000	0.333000	0.333000	0.318896	
1000	0.302000	1.106376	1000	0.302000	0.302000	0.318874	
1000	0.316000	1.106376	1000	0.316000	0.316000	0.318871	
1000	0.315000	1.106376	1000	0.315000	0.315000	0.318866	
1000	0.320000	1.106376	1000	0.320000	0.320000	0.318867	
1000	0.322000	1.106376	1000	0.322000	0.322000	0.318871	
1000	0.322000	1.106376	1000	0.322000	0.322000	0.318875	
1000	0.361000	1.106376	1000	0.361000	0.361000	0.318929	
1000	0.281000	1.106376	1000	0.281000	0.281000	0.318880	
1000	0.320000	1.106376	1000	0.320000	0.320000	0.318882	
1000	0.315000	1.106376	1000	0.315000	0.315000	0.318877	
1000	0.297000	1.106376	1000	0.297000	0.297000	0.318849	
1000	0.319000	1.106376	1000	0.319000	0.319000	0.318850	
1000	0.355000	1.106376	1000	0.355000	0.355000	0.318895	
1000	0.328000	1.106376	1000	0.328000	0.328000	0.318907	
1000	0.325000	1.106376	1000	0.325000	0.325000	0.318914	
1000	0.249000	1.106376	1000	0.249000	0.249000	0.318826	
1000	0.286000	1.106376	1000	0.286000	0.286000	0.318785	
1000	0.306000	1.106376	1000	0.306000	0.306000	0.318769	
1000	0.330000	1.106376	1000	0.330000	0.330000	0.318783	
1000	0.319000	1.106376	1000	0.319000	0.319000	0.318784	
1000	0.287000	1.106376	1000	0.287000	0.287000	0.318744	
1000	0.283000	1.106376	1000	0.283000	0.283000	0.318699	
1000	0.321000	1.106376	1000	0.321000	0.321000	0.318702	
1000	0.326000	1.106376	1000	0.326000	0.326000	0.318711	
1000	0.302000	1.106376	1000	0.302000	0.302000	0.318691	
1000	0.328000	1.106376	1000	0.328000	0.328000	0.318702	
1000	0.357000	1.106376	1000	0.357000	0.357000	0.318750	
1000	0.348000	1.106376	1000	0.348000	0.348000	0.318786	
1000	0.294000	1.106376	1000	0.294000	0.294000	0.318755	
1000	0.300000	1.106376	1000	0.300000	0.300000	0.318732	
1000	0.330000	1.106376	1000	0.330000	0.330000	0.318746	
1000	0.324000	1.106376	1000	0.324000	0.324000	0.318752	
1000	0.364000	1.106376	1000	0.364000	0.364000	0.318808	
1000	0.379000	1.106376	1000	0.379000	0.379000	0.318882	
1000	0.325000	1.106376	1000	0.325000	0.325000	0.318889	
1000	0.329000	1.106376	1000	0.329000	0.329000	0.318902	
1000	0.320000	1.106376	1000	0.320000	0.320000	0.318903	
1000	0.303000	1.106376	1000	0.303000	0.303000	0.318884	
1000	0.322000	1.106376	1000	0.322000	0.322000	0.318887	
1000	0.308000	1.106376	1000	0.308000	0.308000	0.318874	
1000	0.342000	1.106376	1000	0.342000	0.342000	0.318902	
1000	0.357000	1.106376	1000	0.357000	0.357000	0.318949	
1000	0.282000	1.106376	1000	0.282000	0.282000	0.318904	
1000	0.304000	1.106376	1000	0.304000	0.304000	0.318886	
1000	0.299000	1.106376	1000	0.299000	0.299000	0.318862	
1000	0.340000	1.106376	1000	0.340000	0.340000	0.318887	
1000	0.317000	1.106376	1000	0.317000	0.317000	0.318885	
1000	0.322000	1.106376	1000	0.322000	0.322000	0.318889	
1000	0.294000	1.106376	1000	0.294000	0.294000	0.318859	
1000	0.323000	1.106376	1000	0.323000	0.323000	0.318864	
1000	0.315000	1.106376	1000	0.315000	0.315000	0.318859	
1000	0.330000	1.106376	1000	0.330000	0.330000	0.318872	
1000	0.317000	1.106376	1000	0.317000	0.317000	0.318870	
1000	0.319000	1.106376	1000	0.319000	0.319000	0.318870	
1000	0.342000	1.106376	1000	0.342000	0.342000	0.318898	
1000	0.359000	1.106376	1000	0.359000	0.359000	0.318946	
1000	0.313000	1.106376	1000	0.313000	0.313000	0.318939	
1000	0.336000	1.106376	1000	0.336000	0.336000	0.318959	
1000	0.331000	1.106376	1000	0.331000	0.331000	0.318973	
1000	0.329000	1.106376	1000	0.329000	0.329000	0.318985	
1000	0.329000	1.106376	1000	0.329000	0.329000	0.318997	
1000	0.342000	1.106376	1000	0.342000	0.342000	0.319025	
1000	0.351000	1.106376	1000	0.351000	0.351000	0.319062	
1000	0.363000	1.106376	1000	0.363000	0.363000	0.319114	
1000	0.323000	1.106376	1000	0.323000	0.323000	0.319119	
1000	0.337000	1.106376	1000	0.337000	0.337000	0.319140	
1000	0.359000	1.106376	1000	0.359000	0.359000	0.319187	
1000	0.368000	1.106376	1000	0.368000	0.368000	0.319245	
1000	0.326000	1.106376	1000	0.326000	0.326000	0.319253	
1000	0.343000	1.106376	1000	0.343000	0.343000	0.319280	
1000	0.320000	1.106376	1000	0.320000	0.320000	0.319281	
1000	0.308000	1.106376	1000	0.308000	0.308000	0.319268	
1000	0.306000	1.106376	1000	0.306000	0.306000	0.319253	
1000	0.336000	1.106376	1000	0.336000	0.336000	0.319272	
1000	0.305000	1.106376	1000	0.305000	0.305000	0.319255	
1000	0.366000	1.106376	1000	0.366000	0.366000	0.319310	
1000	0.363000	1.106376	1000	0.363000	0.363000	0.319361	
1000	0.311000	1.106376	1000	0.311000	0.311000	0.319351	
1000	0.400000	1.106376	1000	0.400000	0.400000	0.319445	
1000	0.354000	1.106376	1000	0.354000	0.354000	0.319485	
1000	0.332000	1.106376	1000	0.332000	0.332000	0.319500	
1000	0.372000	1.106376	1000	0.372000	0.372000	0.319560	
1000	0.352000	1.106376	1000	0.352000	0.352000	0.319598	
1000	0.348000	1.106376	1000	0.348000	0.348000	0.319631	
1000	0.361000	1.106376	1000	0.361000	0.361000	0.319679	
1000	0.360000	1.106376	1000	0.360000	0.360000	0.319725	
1000	0.382000	1.106376	1000	0.382000	0.382000	0.319797	
1000	0.351000	1.106376	1000	0.351000	0.351000	0.319833	
1000	0.345000	1.106376	1000	0.345000	0.345000	0.319862	
1000	0.333000	1.106376	1000	0.333000	0.333000	0.319877	
1000	0.331000	1.106376	1000	0.331000	0.331000	0.319890	
1000	0.313000	1.106376	1000	0.313000	0.313000	0.319882	
1000	0.319000	1.106376	1000	0.319000	0.319000	0.319881	
1000	0.349000	1.106376	1000	0.349000	0.349000	0.319914	
1000	0.326000	1.106376	1000	0.326000	0.326000	0.319921	
1000	0.298000	1.106376	1000	0.298000	0.298000	0.319896	
1000	0.322000	1.106376	1000	0.322000	0.322000	0.319898	
1000	0.353000	1.106376	1000	0.353000	0.353000	0.319936	
1000	0.327000	1.106376	1000	0.327000	0.327000	0.319944	
1000	0.288000	1.106376	1000	0.288000	0.288000	0.319908	
1000	0.334000	1.106376	1000	0.334000	0.334000	0.319924	
1000	0.412000	1.106376	1000	0.412000	0.412000	0.320028	
1000	0.115000	2.102834	1000	0.115000	0.115000	0.319796	
1000	0.194000	1.620812	1000	0.194000	0.194000	0.319654	
1000	0.198000	1.498017	1000	0.198000	0.198000	0.319517	
1000	0.195000	1.496243	1000	0.195000	0.195000	0.319376	
1000	0.255000	1.247682	1000	0.255000	0.255000	0.319304	
1000	0.248000	1.247682	1000	0.248000	0.248000	0.319223	
1000	0.270000	1.247682	1000	0.270000	0.270000	0.319168	
1000	0.309000	1.247682	1000	0.309000	0.309000	0.319157	
1000	0.269000	1.247682	1000	0.269000	0.269000	0.319101	
1000	0.254000	1.247682	1000	0.254000	0.254000	0.319028	
1000	0.273000	1.247682	1000	0.273000	0.273000	0.318976	
1000	0.284000	1.247682	1000	0.284000	0.284000	0.318937	
1000	0.249000	1.247682	1000	0.249000	0.249000	0.318859	
1000	0.289000	1.247682	1000	0.289000	0.289000	0.318826	
1000	0.267000	1.247682	1000	0.267000	0.267000	0.318768	
1000	0.265000	1.247682	1000	0.265000	0.265000	0.318708	
1000	0.253000	1.247682	1000	0.253000	0.253000	0.318635	
1000	0.292000	1.247682	1000	0.292000	0.292000	0.318606	
1000	0.307000	1.247682	1000	0.307000	0.307000	0.318593	
1000	0.308000	1.247682	1000	0.308000	0.308000	0.318581	
1000	0.308000	1.247682	1000	0.308000	0.308000	0.318569	
1000	0.263000	1.247682	1000	0.263000	0.263000	0.318508	
1000	0.282000	1.247682	1000	0.282000	0.282000	0.318468	
1000	0.262000	1.247682	1000	0.262000	0.262000	0.318405	
1000	0.267000	1.247682	1000	0.267000	0.267000	0.318349	
1000	0.278000	1.247682	1000	0.278000	0.278000	0.318304	
1000	0.236000	1.247682	1000	0.236000	0.236000	0.318214	
1000	0.286000	1.247682	1000	0.286000	0.286000	0.318179	
1000	0.242000	1.247682	1000	0.242000	0.242000	0.318095	
1000	0.266000	1.247682	1000	0.266000	0.266000	0.318038	
1000	0.285000	1.247682	1000	0.285000	0.285000	0.318002	
1000	0.278000	1.247682	1000	0.278000	0.278000	0.317958	
1000	0.264000	1.247682	1000	0.264000	0.264000	0.317899	
1000	0.270000	1.247682	1000	0.270000	0.270000	0.317847	
1000	0.300000	1.247682	1000	0.300000	0.300000	0.317828	
1000	0.298000	1.247682	1000	0.298000	0.298000	0.317806	
1000	0.309000	1.247682	1000	0.309000	0.309000	0.317796	
1000	0.281000	1.247682	1000	0.281000	0.281000	0.317756	
1000	0.271000	1.247682	1000	0.271000	0.271000	0.317706	
1000	0.228000	1.247682	1000	0.228000	0.228000	0.317609	
1000	0.254000	1.247682	1000	0.254000	0.254000	0.317540	
1000	0.241000	1.247682	1000	0.241000	0.241000	0.317457	
1000	0.257000	1.247682	1000	0.257000	0.257000	0.317392	
1000	0.252000	1.247682	1000	0.252000	0.252000	0.317321	
1000	0.274000	1.247682	1000	0.274000	0.274000	0.317274	
1000	0.283000	1.247682	1000	0.283000	0.283000	0.317238	
1000	0.277000	1.247682	1000	0.277000	0.277000	0.317194	
1000	0.297000	1.247682	1000	0.297000	0.297000	0.317173	
1000	0.284000	1.247682	1000	0.284000	0.284000	0.317137	
1000	0.266000	1.247682	1000	0.266000	0.266000	0.317082	
1000	0.259000	1.247682	1000	0.259000	0.259000	0.317020	
1000	0.288000	1.247682	1000	0.288000	0.288000	0.316989	
1000	0.254000	1.247682	1000	0.254000	0.254000	0.316922	
1000	0.281000	1.247682	1000	0.281000	0.281000	0.316883	
1000	0.278000	1.247682	1000	0.278000	0.278000	0.316842	
1000	0.290000	1.247682	1000	0.290000	0.290000	0.316813	
1000	0.241000	1.247682	1000	0.241000	0.241000	0.316733	
1000	0.267000	1.247682	1000	0.267000	0.267000	0.316680	
1000	0.274000	1.247682	1000	0.274000	0.274000	0.316634	
1000	0.246000	1.247682	1000	0.246000	0.246000	0.316560	
1000	0.255000	1.247682	1000	0.255000	0.255000	0.316494	
1000	0.315000	1.247682	1000	0.315000	0.315000	0.316493	
1000	0.213000	1.247682	1000	0.213000	0.213000	0.316383	
1000	0.252000	1.247682	1000	0.252000	0.252000	0.316315	
1000	0.291000	1.247682	1000	0.291000	0.291000	0.316289	
1000	0.244000	1.247682	1000	0.244000	0.244000	0.316213	
1000	0.231000	1.247682	1000	0.231000	0.231000	0.316123	
1000	0.262000	1.247682	1000	0.262000	0.262000	0.316066	
1000	0.264000	1.247682	1000	0.264000	0.264000	0.316011	
1000	0.264000	1.247682	1000	0.264000	0.264000	0.315957	
1000	0.268000	1.247682	1000	0.268000	0.268000	0.315906	
1000	0.283000	1.247682	1000	0.283000	0.283000	0.315872	
1000	0.275000	1.247682	1000	0.275000	0.275000	0.315829	
1000	0.284000	1.247682	1000	0.284000	0.284000	0.315796	
1000	0.278000	1.247682	1000	0.278000	0.278000	0.315756	
1000	0.257000	1.247682	1000	0.257000	0.257000	0.315695	
1000	0.231000	1.247682	1000	0.231000	0.231000	0.315607	
1000	0.285000	1.247682	1000	0.285000	0.285000	0.315575	
1000	0.315000	1.247682	1000	0.315000	0.315000	0.315575	
1000	0.302000	1.247682	1000	0.302000	0.302000	0.315560	
1000	0.256000	1.247682	1000	0.256000	0.256000	0.315499	
1000	0.266000	1.247682	1000	0.266000	0.266000	0.315447	
1000	0.272000	1.247682	1000	0.272000	0.272000	0.315402	
1000	0.263000	1.247682	1000	0.263000	0.263000	0.315348	
1000	0.282000	1.247682	1000	0.282000	0.282000	0.315314	
1000	0.303000	1.247682	1000	0.303000	0.303000	0.315301	
1000	0.261000	1.247682	1000	0.261000	0.261000	0.315245	
1000	0.290000	1.247682	1000	0.290000	0.290000	0.315219	
1000	0.262000	1.247682	1000	0.262000	0.262000	0.315164	
1000	0.265000	1.247682	1000	0.265000	0.265000	0.315113	
1000	0.271000	1.247682	1000	0.271000	0.271000	0.315067	
1000	0.277000	1.247682	1000	0.277000	0.277000	0.315028	
1000	0.291000	1.247682	1000	0.291000	0.291000	0.315004	
1000	0.267000	1.247682	1000	0.267000	0.267000	0.314955	
1000	0.272000	1.247682	1000	0.272000	0.272000	0.314911	
1000	0.273000	1.247682	1000	0.273000	0.273000	0.314868	
1000	0.281000	1.247682	1000	0.281000	0.281000	0.314833	
1000	0.248000	1.247682	1000	0.248000	0.248000	0.314765	
1000	0.261000	1.247682	1000	0.261000	0.261000	0.314710	
1000	0.286000	1.247682	1000	0.286000	0.286000	0.314681	
1000	0.252000	1.247682	1000	0.252000	0.252000	0.314618	
1000	0.272000	1.247682	1000	0.272000	0.272000	0.314574	
1000	0.260000	1.247682	1000	0.260000	0.260000	0.314519	
1000	0.267000	1.247682	1000	0.267000	0.267000	0.314471	
1000	0.276000	1.247682	1000	0.276000	0.276000	0.314432	
1000	0.248000	1.247682	1000	0.248000	0.248000	0.314365	
1000	0.284000	1.247682	1000	0.284000	0.284000	0.314334	
1000	0.271000	1.247682	1000	0.271000	0.271000	0.314290	
1000	0.260000	1.247682	1000	0.260000	0.260000	0.314236	
1000	0.255000	1.247682	1000	0.255000	0.255000	0.314176	
1000	0.293000	1.247682	1000	0.293000	0.293000	0.314155	
1000	0.248000	1.247682	1000	0.248000	0.248000	0.314088	
1000	0.257000	1.247682	1000	0.257000	0.257000	0.314031	
1000	0.272000	1.247682	1000	0.272000	0.272000	0.313989	
1000	0.302000	1.247682	1000	0.302000	0.302000	0.313977	
1000	0.261000	1.247682	1000	0.261000	0.261000	0.313924	
1000	0.283000	1.247682	1000	0.283000	0.283000	0.313893	
1000	0.316000	1.247682	1000	0.316000	0.316000	0.313895	
1000	0.280000	1.247682	1000	0.280000	0.280000	0.313861	
1000	0.273000	1.247682	1000	0.273000	0.273000	0.313820	
1000	0.243000	1.247682	1000	0.243000	0.243000	0.313750	
1000	0.257000	1.247682	1000	0.257000	0.257000	0.313693	
1000	0.276000	1.247682	1000	0.276000	0.276000	0.313656	
1000	0.260000	1.247682	1000	0.260000	0.260000	0.313602	
1000	0.310000	1.247682	1000	0.310000	0.310000	0.313599	
1000	0.238000	1.247682	1000	0.238000	0.238000	0.313524	
1000	0.304000	1.247682	1000	0.304000	0.304000	0.313515	
