Default schedule
Rate	100.00
Rate Tried	% Accepted	Rates - Dev	Rates - Tried	Rates - Accepted	Sample Ave Acceptance	Total Ave Acceptance	
1000	0.353000	1.092926	1000	0.353000	0.353000	0.219253	
1000	0.366000	1.092926	1000	0.366000	0.366000	0.231481	
1000	0.334000	1.092926	1000	0.334000	0.334000	0.239366	
1000	0.374000	1.092926	1000	0.374000	0.374000	0.248982	
1000	0.347000	1.092926	1000	0.347000	0.347000	0.255516	
1000	0.349000	1.092926	1000	0.349000	0.349000	0.261359	
1000	0.344000	1.092926	1000	0.344000	0.344000	0.266220	
1000	0.362000	1.092926	1000	0.362000	0.362000	0.271540	
1000	0.346000	1.092926	1000	0.346000	0.346000	0.275459	
1000	0.354000	1.092926	1000	0.354000	0.354000	0.279386	
1000	0.312000	1.092926	1000	0.312000	0.312000	0.280939	
1000	0.338000	1.092926	1000	0.338000	0.338000	0.283533	
1000	0.368000	1.092926	1000	0.368000	0.368000	0.287205	
1000	0.357000	1.092926	1000	0.357000	0.357000	0.290113	
1000	0.371000	1.092926	1000	0.371000	0.371000	0.293348	
1000	0.341000	1.092926	1000	0.341000	0.341000	0.295181	
1000	0.352000	1.092926	1000	0.352000	0.352000	0.297285	
1000	0.321000	1.092926	1000	0.321000	0.321000	0.298132	
1000	0.372000	1.092926	1000	0.372000	0.372000	0.300679	
1000	0.340000	1.092926	1000	0.340000	0.340000	0.301990	
1000	0.367000	1.092926	1000	0.367000	0.367000	0.304087	
1000	0.364000	1.092926	1000	0.364000	0.364000	0.305959	
1000	0.359000	1.092926	1000	0.359000	0.359000	0.307566	
1000	0.348000	1.092926	1000	0.348000	0.348000	0.308756	
1000	0.329000	1.092926	1000	0.329000	0.329000	0.309334	
1000	0.364000	1.092926	1000	0.364000	0.364000	0.310852	
1000	0.329000	1.092926	1000	0.329000	0.329000	0.311343	
1000	0.361000	1.092926	1000	0.361000	0.361000	0.312650	
1000	0.330000	1.092926	1000	0.330000	0.330000	0.313095	
1000	0.333000	1.092926	1000	0.333000	0.333000	0.313592	
1000	0.338000	1.092926	1000	0.338000	0.338000	0.314187	
1000	0.333000	1.092926	1000	0.333000	0.333000	0.314635	
1000	0.347000	1.092926	1000	0.347000	0.347000	0.315388	
1000	0.387000	1.092926	1000	0.387000	0.387000	0.317016	
1000	0.365000	1.092926	1000	0.365000	0.365000	0.318082	
1000	0.376000	1.092926	1000	0.376000	0.376000	0.319341	
1000	0.393000	1.092926	1000	0.393000	0.393000	0.320908	
1000	0.354000	1.092926	1000	0.354000	0.354000	0.321597	
1000	0.349000	1.092926	1000	0.349000	0.349000	0.322157	
1000	0.358000	1.092926	1000	0.358000	0.358000	0.322874	
1000	0.361000	1.092926	1000	0.361000	0.361000	0.323621	
1000	0.306000	1.092926	1000	0.306000	0.306000	0.323282	
1000	0.366000	1.092926	1000	0.366000	0.366000	0.324088	
1000	0.322000	1.092926	1000	0.322000	0.322000	0.324050	
1000	0.335000	1.092926	1000	0.335000	0.335000	0.324249	
1000	0.338000	1.092926	1000	0.338000	0.338000	0.324494	
1000	0.327000	1.092926	1000	0.327000	0.327000	0.324538	
1000	0.374000	1.092926	1000	0.374000	0.374000	0.325391	
1000	0.337000	1.092926	1000	0.337000	0.337000	0.325588	
1000	0.348000	1.092926	1000	0.348000	0.348000	0.325961	
1000	0.365000	1.092926	1000	0.365000	0.365000	0.326601	
1000	0.360000	1.092926	1000	0.360000	0.360000	0.327140	
1000	0.390000	1.092926	1000	0.390000	0.390000	0.328138	
1000	0.378000	1.092926	1000	0.378000	0.378000	0.328917	
1000	0.374000	1.092926	1000	0.374000	0.374000	0.329610	
1000	0.366000	1.092926	1000	0.366000	0.366000	0.330162	
1000	0.355000	1.092926	1000	0.355000	0.355000	0.330532	
1000	0.358000	1.092926	1000	0.358000	0.358000	0.330936	
1000	0.349000	1.092926	1000	0.349000	0.349000	0.331198	
1000	0.356000	1.092926	1000	0.356000	0.356000	0.331552	
1000	0.329000	1.092926	1000	0.329000	0.329000	0.331516	
1000	0.377000	1.092926	1000	0.377000	0.377000	0.332148	
1000	0.333000	1.092926	1000	0.333000	0.333000	0.332160	
1000	0.361000	1.092926	1000	0.361000	0.361000	0.332550	
1000	0.385000	1.092926	1000	0.385000	0.385000	0.333249	
1000	0.351000	1.092926	1000	0.351000	0.351000	0.333482	
1000	0.369000	1.092926	1000	0.369000	0.369000	0.333944	
1000	0.348000	1.092926	1000	0.348000	0.348000	0.334124	
1000	0.341000	1.092926	1000	0.341000	0.341000	0.334211	
1000	0.333000	1.092926	1000	0.333000	0.333000	0.334196	
1000	0.321000	1.092926	1000	0.321000	0.321000	0.334033	
1000	0.376000	1.092926	1000	0.376000	0.376000	0.334545	
1000	0.339000	1.092926	1000	0.339000	0.339000	0.334598	
1000	0.332000	1.092926	1000	0.332000	0.332000	0.334567	
1000	0.355000	1.092926	1000	0.355000	0.355000	0.334808	
1000	0.337000	1.092926	1000	0.337000	0.337000	0.334833	
1000	0.391000	1.092926	1000	0.391000	0.391000	0.335479	
1000	0.362000	1.092926	1000	0.362000	0.362000	0.335780	
1000	0.360000	1.092926	1000	0.360000	0.360000	0.336052	
1000	0.355000	1.092926	1000	0.355000	0.355000	0.336263	
1000	0.341000	1.092926	1000	0.341000	0.341000	0.336315	
1000	0.338000	1.092926	1000	0.338000	0.338000	0.336333	
1000	0.335000	1.092926	1000	0.335000	0.335000	0.336319	
1000	0.347000	1.092926	1000	0.347000	0.347000	0.336433	
1000	0.364000	1.092926	1000	0.364000	0.364000	0.336723	
1000	0.336000	1.092926	1000	0.336000	0.336000	0.336715	
1000	0.369000	1.092926	1000	0.369000	0.369000	0.337048	
1000	0.347000	1.092926	1000	0.347000	0.347000	0.337150	
1000	0.336000	1.092926	1000	0.336000	0.336000	0.337138	
1000	0.348000	1.092926	1000	0.348000	0.348000	0.337247	
1000	0.356000	1.092926	1000	0.356000	0.356000	0.337432	
1000	0.363000	1.092926	1000	0.363000	0.363000	0.337683	
1000	0.378000	1.092926	1000	0.378000	0.378000	0.338074	
1000	0.351000	1.092926	1000	0.351000	0.351000	0.338199	
1000	0.345000	1.092926	1000	0.345000	0.345000	0.338263	
1000	0.344000	1.092926	1000	0.344000	0.344000	0.338318	
1000	0.376000	1.092926	1000	0.376000	0.376000	0.338670	
1000	0.350000	1.092926	1000	0.350000	0.350000	0.338775	
1000	0.357000	1.092926	1000	0.357000	0.357000	0.338942	
1000	0.356000	1.092926	1000	0.356000	0.356000	0.339097	
1000	0.371000	1.092926	1000	0.371000	0.371000	0.339384	
1000	0.331000	1.092926	1000	0.331000	0.331000	0.339309	
1000	0.352000	1.092926	1000	0.352000	0.352000	0.339422	
1000	0.339000	1.092926	1000	0.339000	0.339000	0.339418	
1000	0.366000	1.092926	1000	0.366000	0.366000	0.339649	
1000	0.368000	1.092926	1000	0.368000	0.368000	0.339894	
1000	0.377000	1.092926	1000	0.377000	0.377000	0.340211	
1000	0.351000	1.092926	1000	0.351000	0.351000	0.340302	
1000	0.345000	1.092926	1000	0.345000	0.345000	0.340342	
1000	0.358000	1.092926	1000	0.358000	0.358000	0.340489	
1000	0.367000	1.092926	1000	0.367000	0.367000	0.340708	
1000	0.342000	1.092926	1000	0.342000	0.342000	0.340719	
1000	0.367000	1.092926	1000	0.367000	0.367000	0.340932	
1000	0.397000	1.092926	1000	0.397000	0.397000	0.341384	
1000	0.321000	1.092926	1000	0.321000	0.321000	0.341221	
1000	0.342000	1.092926	1000	0.342000	0.342000	0.341227	
1000	0.337000	1.092926	1000	0.337000	0.337000	0.341194	
1000	0.324000	1.092926	1000	0.324000	0.324000	0.341060	
1000	0.346000	1.092926	1000	0.346000	0.346000	0.341098	
1000	0.336000	1.092926	1000	0.336000	0.336000	0.341059	
1000	0.354000	1.092926	1000	0.354000	0.354000	0.341158	
1000	0.349000	1.092926	1000	0.349000	0.349000	0.341217	
1000	0.372000	1.092926	1000	0.372000	0.372000	0.341449	
1000	0.351000	1.092926	1000	0.351000	0.351000	0.341520	
1000	0.368000	1.092926	1000	0.368000	0.368000	0.341716	
1000	0.345000	1.092926	1000	0.345000	0.345000	0.341740	
1000	0.357000	1.092926	1000	0.357000	0.357000	0.341852	
1000	0.348000	1.092926	1000	0.348000	0.348000	0.341896	
1000	0.337000	1.092926	1000	0.337000	0.337000	0.341861	
1000	0.349000	1.092926	1000	0.349000	0.349000	0.341912	
1000	0.357000	1.092926	1000	0.357000	0.357000	0.342019	
1000	0.345000	1.092926	1000	0.345000	0.345000	0.342040	
1000	0.342000	1.092926	1000	0.342000	0.342000	0.342040	
1000	0.341000	1.092926	1000	0.341000	0.341000	0.342032	
1000	0.330000	1.092926	1000	0.330000	0.330000	0.341949	
1000	0.349000	1.092926	1000	0.349000	0.349000	0.341998	
1000	0.371000	1.092926	1000	0.371000	0.371000	0.342195	
1000	0.372000	1.092926	1000	0.372000	0.372000	0.342396	
1000	0.370000	1.092926	1000	0.370000	0.370000	0.342582	
1000	0.346000	1.092926	1000	0.346000	0.346000	0.342604	
1000	0.355000	1.092926	1000	0.355000	0.355000	0.342686	
1000	0.346000	1.092926	1000	0.346000	0.346000	0.342708	
1000	0.368000	1.092926	1000	0.368000	0.368000	0.342874	
1000	0.339000	1.092926	1000	0.339000	0.339000	0.342848	
1000	0.336000	1.092926	1000	0.336000	0.336000	0.342804	
1000	0.352000	1.092926	1000	0.352000	0.352000	0.342863	
1000	0.338000	1.092926	1000	0.338000	0.338000	0.342832	
1000	0.331000	1.092926	1000	0.331000	0.331000	0.342757	
1000	0.363000	1.092926	1000	0.363000	0.363000	0.342885	
1000	0.366000	1.092926	1000	0.366000	0.366000	0.343029	
1000	0.360000	1.092926	1000	0.360000	0.360000	0.343135	
1000	0.372000	1.092926	1000	0.372000	0.372000	0.343313	
1000	0.347000	1.092926	1000	0.347000	0.347000	0.343335	
1000	0.337000	1.092926	1000	0.337000	0.337000	0.343297	
1000	0.370000	1.092926	1000	0.370000	0.370000	0.343459	
1000	0.357000	1.092926	1000	0.357000	0.357000	0.343540	
1000	0.359000	1.092926	1000	0.359000	0.359000	0.343633	
1000	0.368000	1.092926	1000	0.368000	0.368000	0.343778	
1000	0.385000	1.092926	1000	0.385000	0.385000	0.344022	
1000	0.368000	1.092926	1000	0.368000	0.368000	0.344163	
1000	0.371000	1.092926	1000	0.371000	0.371000	0.344320	
1000	0.385000	1.092926	1000	0.385000	0.385000	0.344556	
1000	0.332000	1.092926	1000	0.332000	0.332000	0.344484	
1000	0.354000	1.092926	1000	0.354000	0.354000	0.344538	
1000	0.327000	1.092926	1000	0.327000	0.327000	0.344438	
1000	0.349000	1.092926	1000	0.349000	0.349000	0.344464	
1000	0.368000	1.092926	1000	0.368000	0.368000	0.344597	
1000	0.360000	1.092926	1000	0.360000	0.360000	0.344683	
1000	0.358000	1.092926	1000	0.358000	0.358000	0.344758	
1000	0.327000	1.092926	1000	0.327000	0.327000	0.344659	
1000	0.381000	1.092926	1000	0.381000	0.381000	0.344860	
1000	0.334000	1.092926	1000	0.334000	0.334000	0.344800	
1000	0.364000	1.092926	1000	0.364000	0.364000	0.344905	
1000	0.357000	1.092926	1000	0.357000	0.357000	0.344971	
1000	0.357000	1.092926	1000	0.357000	0.357000	0.345036	
1000	0.373000	1.092926	1000	0.373000	0.373000	0.345186	
1000	0.362000	1.092926	1000	0.362000	0.362000	0.345276	
1000	0.359000	1.092926	1000	0.359000	0.359000	0.345349	
1000	0.355000	1.092926	1000	0.355000	0.355000	0.345400	
1000	0.357000	1.092926	1000	0.357000	0.357000	0.345461	
1000	0.369000	1.092926	1000	0.369000	0.369000	0.345585	
1000	0.336000	1.092926	1000	0.336000	0.336000	0.345535	
1000	0.367000	1.092926	1000	0.367000	0.367000	0.345646	
1000	0.329000	1.092926	1000	0.329000	0.329000	0.345560	
1000	0.355000	1.092926	1000	0.355000	0.355000	0.345608	
1000	0.365000	1.092926	1000	0.365000	0.365000	0.345707	
1000	0.377000	1.092926	1000	0.377000	0.377000	0.345866	
1000	0.356000	1.092926	1000	0.356000	0.356000	0.345917	
1000	0.395000	1.092926	1000	0.395000	0.395000	0.346164	
1000	0.340000	1.092926	1000	0.340000	0.340000	0.346133	
1000	0.331000	1.092926	1000	0.331000	0.331000	0.346058	
1000	0.327000	1.092926	1000	0.327000	0.327000	0.345964	
1000	0.349000	1.092926	1000	0.349000	0.349000	0.345979	
1000	0.354000	1.092926	1000	0.354000	0.354000	0.346018	
1000	0.363000	1.092926	1000	0.363000	0.363000	0.346101	
1000	0.371000	1.092926	1000	0.371000	0.371000	0.346222	
1000	0.351000	1.092926	1000	0.351000	0.351000	0.346245	
1000	0.390000	1.092926	1000	0.390000	0.390000	0.346455	
1000	0.336000	1.092926	1000	0.336000	0.336000	0.346405	
1000	0.377000	1.092926	1000	0.377000	0.377000	0.346551	
1000	0.354000	1.092926	1000	0.354000	0.354000	0.346586	
1000	0.328000	1.092926	1000	0.328000	0.328000	0.346498	
1000	0.333000	1.092926	1000	0.333000	0.333000	0.346435	
1000	0.345000	1.092926	1000	0.345000	0.345000	0.346428	
1000	0.340000	1.092926	1000	0.340000	0.340000	0.346398	
1000	0.356000	1.092926	1000	0.356000	0.356000	0.346443	
1000	0.370000	1.092926	1000	0.370000	0.370000	0.346551	
1000	0.361000	1.092926	1000	0.361000	0.361000	0.346618	
1000	0.327000	1.092926	1000	0.327000	0.327000	0.346528	
1000	0.327000	1.092926	1000	0.327000	0.327000	0.346439	
1000	0.343000	1.092926	1000	0.343000	0.343000	0.346424	
1000	0.363000	1.092926	1000	0.363000	0.363000	0.346498	
1000	0.353000	1.092926	1000	0.353000	0.353000	0.346528	
1000	0.396000	1.092926	1000	0.396000	0.396000	0.346748	
1000	0.333000	1.092926	1000	0.333000	0.333000	0.346687	
1000	0.340000	1.092926	1000	0.340000	0.340000	0.346658	
1000	0.348000	1.092926	1000	0.348000	0.348000	0.346664	
1000	0.366000	1.092926	1000	0.366000	0.366000	0.346748	
1000	0.345000	1.092926	1000	0.345000	0.345000	0.346741	
1000	0.382000	1.092926	1000	0.382000	0.382000	0.346894	
1000	0.343000	1.092926	1000	0.343000	0.343000	0.346877	
1000	0.350000	1.092926	1000	0.350000	0.350000	0.346891	
1000	0.329000	1.092926	1000	0.329000	0.329000	0.346814	
1000	0.331000	1.092926	1000	0.331000	0.331000	0.346746	
1000	0.331000	1.092926	1000	0.331000	0.331000	0.346679	
1000	0.351000	1.092926	1000	0.351000	0.351000	0.346698	
1000	0.351000	1.092926	1000	0.351000	0.351000	0.346716	
1000	0.327000	1.092926	1000	0.327000	0.327000	0.346633	
1000	0.382000	1.092926	1000	0.382000	0.382000	0.346781	
1000	0.383000	1.092926	1000	0.383000	0.383000	0.346932	
1000	0.357000	1.092926	1000	0.357000	0.357000	0.346974	
1000	0.330000	1.092926	1000	0.330000	0.330000	0.346904	
1000	0.319000	1.092926	1000	0.319000	0.319000	0.346789	
1000	0.357000	1.092926	1000	0.357000	0.357000	0.346831	
1000	0.357000	1.092926	1000	0.357000	0.357000	0.346872	
1000	0.364000	1.092926	1000	0.364000	0.364000	0.346942	
1000	0.367000	1.092926	1000	0.367000	0.367000	0.347023	
1000	0.369000	1.092926	1000	0.369000	0.369000	0.347112	
1000	0.367000	1.092926	1000	0.367000	0.367000	0.347191	
1000	0.379000	1.092926	1000	0.379000	0.379000	0.347319	
1000	0.389000	1.092926	1000	0.389000	0.389000	0.347485	
1000	0.382000	1.092926	1000	0.382000	0.382000	0.347622	
1000	0.383000	1.092926	1000	0.383000	0.383000	0.347761	
1000	0.343000	1.092926	1000	0.343000	0.343000	0.347743	
1000	0.335000	1.092926	1000	0.335000	0.335000	0.347693	
1000	0.344000	1.092926	1000	0.344000	0.344000	0.347678	
1000	0.339000	1.092926	1000	0.339000	0.339000	0.347645	
1000	0.350000	1.092926	1000	0.350000	0.350000	0.347654	
1000	0.353000	1.092926	1000	0.353000	0.353000	0.347674	
1000	0.335000	1.092926	1000	0.335000	0.335000	0.347626	
1000	0.355000	1.092926	1000	0.355000	0.355000	0.347654	
1000	0.349000	1.092926	1000	0.349000	0.349000	0.347659	
1000	0.348000	1.092926	1000	0.348000	0.348000	0.347660	
1000	0.350000	1.092926	1000	0.350000	0.350000	0.347669	
1000	0.383000	1.092926	1000	0.383000	0.383000	0.347802	
1000	0.353000	1.092926	1000	0.353000	0.353000	0.347822	
1000	0.355000	1.092926	1000	0.355000	0.355000	0.347849	
1000	0.331000	1.092926	1000	0.331000	0.331000	0.347786	
1000	0.381000	1.092926	1000	0.381000	0.381000	0.347909	
1000	0.346000	1.092926	1000	0.346000	0.346000	0.347902	
1000	0.330000	1.092926	1000	0.330000	0.330000	0.347836	
1000	0.350000	1.092926	1000	0.350000	0.350000	0.347844	
1000	0.347000	1.092926	1000	0.347000	0.347000	0.347841	
1000	0.331000	1.092926	1000	0.331000	0.331000	0.347780	
1000	0.390000	1.092926	1000	0.390000	0.390000	0.347933	
1000	0.332000	1.092926	1000	0.332000	0.332000	0.347876	
1000	0.378000	1.092926	1000	0.378000	0.378000	0.347984	
1000	0.353000	1.092926	1000	0.353000	0.353000	0.348002	
1000	0.358000	1.092926	1000	0.358000	0.358000	0.348038	
1000	0.349000	1.092926	1000	0.349000	0.349000	0.348042	
1000	0.376000	1.092926	1000	0.376000	0.376000	0.348141	
1000	0.354000	1.092926	1000	0.354000	0.354000	0.348162	
1000	0.320000	1.092926	1000	0.320000	0.320000	0.348062	
1000	0.354000	1.092926	1000	0.354000	0.354000	0.348083	
1000	0.361000	1.092926	1000	0.361000	0.361000	0.348129	
1000	0.364000	1.092926	1000	0.364000	0.364000	0.348184	
1000	0.329000	1.092926	1000	0.329000	0.329000	0.348117	
1000	0.356000	1.092926	1000	0.356000	0.356000	0.348145	
1000	0.367000	1.092926	1000	0.367000	0.367000	0.348210	
1000	0.373000	1.092926	1000	0.373000	0.373000	0.348295	
1000	0.334000	1.092926	1000	0.334000	0.334000	0.348246	
1000	0.342000	1.092926	1000	0.342000	0.342000	0.348225	
1000	0.339000	1.092926	1000	0.339000	0.339000	0.348193	
1000	0.357000	1.092926	1000	0.357000	0.357000	0.348223	
1000	0.316000	1.092926	1000	0.316000	0.316000	0.348114	
1000	0.373000	1.092926	1000	0.373000	0.373000	0.348198	
1000	0.337000	1.092926	1000	0.337000	0.337000	0.348160	
1000	0.351000	1.092926	1000	0.351000	0.351000	0.348170	
1000	0.354000	1.092926	1000	0.354000	0.354000	0.348189	
1000	0.365000	1.092926	1000	0.365000	0.365000	0.348246	
1000	0.351000	1.092926	1000	0.351000	0.351000	0.348255	
1000	0.353000	1.092926	1000	0.353000	0.353000	0.348270	
1000	0.365000	1.092926	1000	0.365000	0.365000	0.348326	
1000	0.341000	1.092926	1000	0.341000	0.341000	0.348301	
1000	0.362000	1.092926	1000	0.362000	0.362000	0.348346	
1000	0.349000	1.092926	1000	0.349000	0.349000	0.348349	
1000	0.337000	1.092926	1000	0.337000	0.337000	0.348312	
1000	0.350000	1.092926	1000	0.350000	0.350000	0.348317	
1000	0.370000	1.092926	1000	0.370000	0.370000	0.348387	
1000	0.371000	1.092926	1000	0.371000	0.371000	0.348460	
1000	0.364000	1.092926	1000	0.364000	0.364000	0.348510	
1000	0.364000	1.092926	1000	0.364000	0.364000	0.348560	
1000	0.329000	1.092926	1000	0.329000	0.329000	0.348497	
1000	0.346000	1.092926	1000	0.346000	0.346000	0.348489	
1000	0.362000	1.092926	1000	0.362000	0.362000	0.348532	
1000	0.378000	1.092926	1000	0.378000	0.378000	0.348625	
1000	0.350000	1.092926	1000	0.350000	0.350000	0.348630	
1000	0.339000	1.092926	1000	0.339000	0.339000	0.348600	
1000	0.330000	1.092926	1000	0.330000	0.330000	0.348541	
1000	0.341000	1.092926	1000	0.341000	0.341000	0.348518	
1000	0.374000	1.092926	1000	0.374000	0.374000	0.348597	
1000	0.325000	1.092926	1000	0.325000	0.325000	0.348524	
1000	0.339000	1.092926	1000	0.339000	0.339000	0.348494	
1000	0.330000	1.092926	1000	0.330000	0.330000	0.348437	
1000	0.363000	1.092926	1000	0.363000	0.363000	0.348482	
1000	0.342000	1.092926	1000	0.342000	0.342000	0.348462	
1000	0.355000	1.092926	1000	0.355000	0.355000	0.348482	
1000	0.345000	1.092926	1000	0.345000	0.345000	0.348471	
1000	0.360000	1.092926	1000	0.360000	0.360000	0.348507	
1000	0.330000	1.092926	1000	0.330000	0.330000	0.348450	
1000	0.358000	1.092926	1000	0.358000	0.358000	0.348479	
1000	0.363000	1.092926	1000	0.363000	0.363000	0.348523	
1000	0.350000	1.092926	1000	0.350000	0.350000	0.348527	
1000	0.370000	1.092926	1000	0.370000	0.370000	0.348592	
1000	0.355000	1.092926	1000	0.355000	0.355000	0.348611	
1000	0.339000	1.092926	1000	0.339000	0.339000	0.348582	
1000	0.362000	1.092926	1000	0.362000	0.362000	0.348622	
1000	0.341000	1.092926	1000	0.341000	0.341000	0.348600	
1000	0.353000	1.092926	1000	0.353000	0.353000	0.348613	
1000	0.367000	1.092926	1000	0.367000	0.367000	0.348667	
1000	0.362000	1.092926	1000	0.362000	0.362000	0.348706	
1000	0.359000	1.092926	1000	0.359000	0.359000	0.348736	
1000	0.319000	1.092926	1000	0.319000	0.319000	0.348649	
1000	0.391000	1.092926	1000	0.391000	0.391000	0.348772	
1000	0.369000	1.092926	1000	0.369000	0.369000	0.348831	
1000	0.356000	1.092926	1000	0.356000	0.356000	0.348852	
1000	0.385000	1.092926	1000	0.385000	0.385000	0.348956	
1000	0.360000	1.092926	1000	0.360000	0.360000	0.348988	
1000	0.353000	1.092926	1000	0.353000	0.353000	0.348999	
1000	0.371000	1.092926	1000	0.371000	0.371000	0.349062	
1000	0.369000	1.092926	1000	0.369000	0.369000	0.349119	
1000	0.351000	1.092926	1000	0.351000	0.351000	0.349124	
1000	0.340000	1.092926	1000	0.340000	0.340000	0.349098	
1000	0.356000	1.092926	1000	0.356000	0.356000	0.349118	
1000	0.349000	1.092926	1000	0.349000	0.349000	0.349117	
1000	0.353000	1.092926	1000	0.353000	0.353000	0.349128	
1000	0.326000	1.092926	1000	0.326000	0.326000	0.349063	
1000	0.359000	1.092926	1000	0.359000	0.359000	0.349091	
1000	0.380000	1.092926	1000	0.380000	0.380000	0.349177	
1000	0.383000	1.092926	1000	0.383000	0.383000	0.349271	
1000	0.349000	1.092926	1000	0.349000	0.349000	0.349271	
1000	0.359000	1.092926	1000	0.359000	0.359000	0.349297	
1000	0.345000	1.092926	1000	0.345000	0.345000	0.349286	
1000	0.338000	1.092926	1000	0.338000	0.338000	0.349255	
1000	0.323000	1.092926	1000	0.323000	0.323000	0.349183	
1000	0.338000	1.092926	1000	0.338000	0.338000	0.349152	
1000	0.336000	1.092926	1000	0.336000	0.336000	0.349116	
1000	0.350000	1.092926	1000	0.350000	0.350000	0.349119	
1000	0.356000	1.092926	1000	0.356000	0.356000	0.349137	
1000	0.348000	1.092926	1000	0.348000	0.348000	0.349134	
1000	0.351000	1.092926	1000	0.351000	0.351000	0.349139	
1000	0.364000	1.092926	1000	0.364000	0.364000	0.349179	
1000	0.357000	1.092926	1000	0.357000	0.357000	0.349200	
1000	0.351000	1.092926	1000	0.351000	0.351000	0.349205	
1000	0.361000	1.092926	1000	0.361000	0.361000	0.349236	
1000	0.350000	1.092926	1000	0.350000	0.350000	0.349238	
1000	0.356000	1.092926	1000	0.356000	0.356000	0.349256	
1000	0.338000	1.092926	1000	0.338000	0.338000	0.349227	
1000	0.352000	1.092926	1000	0.352000	0.352000	0.349234	
1000	0.363000	1.092926	1000	0.363000	0.363000	0.349270	
1000	0.364000	1.092926	1000	0.364000	0.364000	0.349309	
1000	0.356000	1.092926	1000	0.356000	0.356000	0.349326	
1000	0.330000	1.092926	1000	0.330000	0.330000	0.349276	
1000	0.324000	1.092926	1000	0.324000	0.324000	0.349210	
1000	0.335000	1.092926	1000	0.335000	0.335000	0.349173	
1000	0.344000	1.092926	1000	0.344000	0.344000	0.349160	
1000	0.351000	1.092926	1000	0.351000	0.351000	0.349164	
1000	0.346000	1.092926	1000	0.346000	0.346000	0.349156	
1000	0.306000	1.092926	1000	0.306000	0.306000	0.349045	
1000	0.342000	1.092926	1000	0.342000	0.342000	0.349027	
1000	0.325000	1.092926	1000	0.325000	0.325000	0.348966	
1000	0.332000	1.092926	1000	0.332000	0.332000	0.348923	
1000	0.341000	1.092926	1000	0.341000	0.341000	0.348902	
1000	0.354000	1.092926	1000	0.354000	0.354000	0.348915	
1000	0.394000	1.092926	1000	0.394000	0.394000	0.349029	
1000	0.350000	1.092926	1000	0.350000	0.350000	0.349032	
1000	0.348000	1.092926	1000	0.348000	0.348000	0.349029	
1000	0.362000	1.092926	1000	0.362000	0.362000	0.349062	
1000	0.336000	1.092926	1000	0.336000	0.336000	0.349029	
1000	0.336000	1.092926	1000	0.336000	0.336000	0.348997	
1000	0.348000	1.092926	1000	0.348000	0.348000	0.348994	
1000	0.364000	1.092926	1000	0.364000	0.364000	0.349031	
1000	0.375000	1.092926	1000	0.375000	0.375000	0.349096	
1000	0.340000	1.092926	1000	0.340000	0.340000	0.349073	
1000	0.343000	1.092926	1000	0.343000	0.343000	0.349058	
1000	0.354000	1.092926	1000	0.354000	0.354000	0.349071	
1000	0.322000	1.092926	1000	0.322000	0.322000	0.349004	
1000	0.351000	1.092926	1000	0.351000	0.351000	0.349009	
1000	0.359000	1.092926	1000	0.359000	0.359000	0.349033	
1000	0.382000	1.092926	1000	0.382000	0.382000	0.349114	
1000	0.366000	1.092926	1000	0.366000	0.366000	0.349155	
1000	0.328000	1.092926	1000	0.328000	0.328000	0.349104	
1000	0.358000	1.092926	1000	0.358000	0.358000	0.349125	
1000	0.334000	1.092926	1000	0.334000	0.334000	0.349089	
1000	0.336000	1.092926	1000	0.336000	0.336000	0.349057	
1000	0.395000	1.092926	1000	0.395000	0.395000	0.349167	
1000	0.402000	1.092926	1000	0.402000	0.402000	0.349294	
1000	0.186000	1.684753	1000	0.186000	0.186000	0.348903	
1000	0.286000	1.357222	1000	0.286000	0.286000	0.348753	
1000	0.285000	1.357222	1000	0.285000	0.285000	0.348602	
1000	0.246000	1.357222	1000	0.246000	0.246000	0.348358	
1000	0.274000	1.357222	1000	0.274000	0.274000	0.348182	
1000	0.278000	1.357222	1000	0.278000	0.278000	0.348016	
1000	0.241000	1.357222	1000	0.241000	0.241000	0.347763	
1000	0.262000	1.357222	1000	0.262000	0.262000	0.347562	
1000	0.273000	1.357222	1000	0.273000	0.273000	0.347387	
1000	0.266000	1.357222	1000	0.266000	0.266000	0.347196	
1000	0.231000	1.357222	1000	0.231000	0.231000	0.346924	
1000	0.284000	1.357222	1000	0.284000	0.284000	0.346778	
1000	0.262000	1.357222	1000	0.262000	0.262000	0.346581	
1000	0.253000	1.357222	1000	0.253000	0.253000	0.346363	
1000	0.268000	1.357222	1000	0.268000	0.268000	0.346182	
1000	0.249000	1.357222	1000	0.249000	0.249000	0.345958	
1000	0.288000	1.357222	1000	0.288000	0.288000	0.345824	
1000	0.276000	1.357222	1000	0.276000	0.276000	0.345664	
1000	0.257000	1.357222	1000	0.257000	0.257000	0.345460	
1000	0.275000	1.357222	1000	0.275000	0.275000	0.345299	
1000	0.253000	1.357222	1000	0.253000	0.253000	0.345088	
1000	0.257000	1.357222	1000	0.257000	0.257000	0.344888	
1000	0.275000	1.357222	1000	0.275000	0.275000	0.344729	
1000	0.284000	1.357222	1000	0.284000	0.284000	0.344591	
1000	0.273000	1.357222	1000	0.273000	0.273000	0.344429	
1000	0.294000	1.357222	1000	0.294000	0.294000	0.344315	
1000	0.282000	1.357222	1000	0.282000	0.282000	0.344175	
1000	0.243000	1.357222	1000	0.243000	0.243000	0.343948	
1000	0.281000	1.357222	1000	0.281000	0.281000	0.343806	
1000	0.278000	1.357222	1000	0.278000	0.278000	0.343659	
1000	0.308000	1.357222	1000	0.308000	0.308000	0.343580	
1000	0.264000	1.357222	1000	0.264000	0.264000	0.343402	
1000	0.249000	1.357222	1000	0.249000	0.249000	0.343193	
1000	0.252000	1.357222	1000	0.252000	0.252000	0.342990	
1000	0.294000	1.357222	1000	0.294000	0.294000	0.342882	
1000	0.246000	1.357222	1000	0.246000	0.246000	0.342668	
1000	0.257000	1.357222	1000	0.257000	0.257000	0.342479	
1000	0.283000	1.357222	1000	0.283000	0.283000	0.342349	
1000	0.244000	1.357222	1000	0.244000	0.244000	0.342133	
1000	0.274000	1.357222	1000	0.274000	0.274000	0.341984	
1000	0.279000	1.357222	1000	0.279000	0.279000	0.341846	
1000	0.288000	1.357222	1000	0.288000	0.288000	0.341729	
1000	0.282000	1.357222	1000	0.282000	0.282000	0.341599	
1000	0.249000	1.357222	1000	0.249000	0.249000	0.341398	
1000	0.281000	1.357222	1000	0.281000	0.281000	0.341268	
1000	0.280000	1.357222	1000	0.280000	0.280000	0.341135	
1000	0.287000	1.357222	1000	0.287000	0.287000	0.341019	
1000	0.270000	1.357222	1000	0.270000	0.270000	0.340866	
1000	0.255000	1.357222	1000	0.255000	0.255000	0.340682	
1000	0.260000	1.357222	1000	0.260000	0.260000	0.340509	
1000	0.282000	1.357222	1000	0.282000	0.282000	0.340384	
1000	0.257000	1.357222	1000	0.257000	0.257000	0.340206	
1000	0.279000	1.357222	1000	0.279000	0.279000	0.340076	
1000	0.247000	1.357222	1000	0.247000	0.247000	0.339878	
1000	0.285000	1.357222	1000	0.285000	0.285000	0.339762	
1000	0.286000	1.357222	1000	0.286000	0.286000	0.339648	
1000	0.287000	1.357222	1000	0.287000	0.287000	0.339537	
1000	0.230000	1.357222	1000	0.230000	0.230000	0.339307	
1000	0.261000	1.357222	1000	0.261000	0.261000	0.339142	
1000	0.260000	1.357222	1000	0.260000	0.260000	0.338976	
1000	0.271000	1.357222	1000	0.271000	0.271000	0.338834	
1000	0.265000	1.357222	1000	0.265000	0.265000	0.338680	
1000	0.256000	1.357222	1000	0.256000	0.256000	0.338508	
1000	0.254000	1.357222	1000	0.254000	0.254000	0.338332	
1000	0.257000	1.357222	1000	0.257000	0.257000	0.338163	
1000	0.268000	1.357222	1000	0.268000	0.268000	0.338018	
1000	0.289000	1.357222	1000	0.289000	0.289000	0.337917	
1000	0.265000	1.357222	1000	0.265000	0.265000	0.337766	
1000	0.269000	1.357222	1000	0.269000	0.269000	0.337625	
1000	0.257000	1.357222	1000	0.257000	0.257000	0.337459	
1000	0.277000	1.357222	1000	0.277000	0.277000	0.337335	
1000	0.266000	1.357222	1000	0.266000	0.266000	0.337189	
1000	0.268000	1.357222	1000	0.268000	0.268000	0.337048	
1000	0.263000	1.357222	1000	0.263000	0.263000	0.336897	
1000	0.270000	1.357222	1000	0.270000	0.270000	0.336762	
1000	0.263000	1.357222	1000	0.263000	0.263000	0.336612	
1000	0.275000	1.357222	1000	0.275000	0.275000	0.336487	
1000	0.288000	1.357222	1000	0.288000	0.288000	0.336389	
1000	0.247000	1.357222	1000	0.247000	0.247000	0.336209	
1000	0.296000	1.357222	1000	0.296000	0.296000	0.336128	
1000	0.263000	1.357222	1000	0.263000	0.263000	0.335981	
1000	0.273000	1.357222	1000	0.273000	0.273000	0.335855	
1000	0.289000	1.357222	1000	0.289000	0.289000	0.335761	
1000	0.270000	1.357222	1000	0.270000	0.270000	0.335630	
1000	0.289000	1.357222	1000	0.289000	0.289000	0.335537	
1000	0.264000	1.357222	1000	0.264000	0.264000	0.335395	
1000	0.284000	1.357222	1000	0.284000	0.284000	0.335293	
1000	0.295000	1.357222	1000	0.295000	0.295000	0.335213	
1000	0.278000	1.357222	1000	0.278000	0.278000	0.335100	
1000	0.246000	1.357222	1000	0.246000	0.246000	0.334924	
1000	0.284000	1.357222	1000	0.284000	0.284000	0.334824	
1000	0.247000	1.357222	1000	0.247000	0.247000	0.334652	
1000	0.278000	1.357222	1000	0.278000	0.278000	0.334541	
1000	0.289000	1.357222	1000	0.289000	0.289000	0.334451	
1000	0.271000	1.357222	1000	0.271000	0.271000	0.334327	
1000	0.290000	1.357222	1000	0.290000	0.290000	0.334241	
1000	0.286000	1.357222	1000	0.286000	0.286000	0.334147	
1000	0.267000	1.357222	1000	0.267000	0.267000	0.334017	
1000	0.262000	1.357222	1000	0.262000	0.262000	0.333877	
1000	0.285000	1.357222	1000	0.285000	0.285000	0.333783	
1000	0.273000	1.357222	1000	0.273000	0.273000	0.333665	
1000	0.282000	1.357222	1000	0.282000	0.282000	0.333566	
1000	0.272000	1.357222	1000	0.272000	0.272000	0.333447	
1000	0.282000	1.357222	1000	0.282000	0.282000	0.333349	
1000	0.298000	1.357222	1000	0.298000	0.298000	0.333281	
1000	0.284000	1.357222	1000	0.284000	0.284000	0.333187	
1000	0.275000	1.357222	1000	0.275000	0.275000	0.333076	
1000	0.236000	1.357222	1000	0.236000	0.236000	0.332891	
1000	0.283000	1.357222	1000	0.283000	0.283000	0.332796	
1000	0.252000	1.357222	1000	0.252000	0.252000	0.332643	
1000	0.263000	1.357222	1000	0.263000	0.263000	0.332511	
1000	0.252000	1.357222	1000	0.252000	0.252000	0.332359	
1000	0.271000	1.357222	1000	0.271000	0.271000	0.332243	
1000	0.256000	1.357222	1000	0.256000	0.256000	0.332099	
1000	0.279000	1.357222	1000	0.279000	0.279000	0.331999	
1000	0.277000	1.357222	1000	0.277000	0.277000	0.331896	
1000	0.270000	1.357222	1000	0.270000	0.270000	0.331780	
1000	0.275000	1.357222	1000	0.275000	0.275000	0.331674	
1000	0.252000	1.357222	1000	0.252000	0.252000	0.331526	
1000	0.295000	1.357222	1000	0.295000	0.295000	0.331457	
1000	0.272000	1.357222	1000	0.272000	0.272000	0.331347	
1000	0.242000	1.357222	1000	0.242000	0.242000	0.331181	
1000	0.263000	1.357222	1000	0.263000	0.263000	0.331055	
1000	0.284000	1.357222	1000	0.284000	0.284000	0.330968	
1000	0.281000	1.357222	1000	0.281000	0.281000	0.330876	
1000	0.244000	1.357222	1000	0.244000	0.244000	0.330716	
1000	0.256000	1.357222	1000	0.256000	0.256000	0.330578	
1000	0.300000	1.357222	1000	0.300000	0.300000	0.330522	
1000	0.256000	1.357222	1000	0.256000	0.256000	0.330386	
1000	0.294000	1.357222	1000	0.294000	0.294000	0.330319	
1000	0.292000	1.357222	1000	0.292000	0.292000	0.330249	
1000	0.255000	1.357222	1000	0.255000	0.255000	0.330112	
1000	0.288000	1.357222	1000	0.288000	0.288000	0.330036	
1000	0.300000	1.357222	1000	0.300000	0.300000	0.329981	
1000	0.305000	1.357222	1000	0.305000	0.305000	0.329936	
1000	0.246000	1.357222	1000	0.246000	0.246000	0.329784	
1000	0.299000	1.357222	1000	0.299000	0.299000	0.329729	
1000	0.263000	1.357222	1000	0.263000	0.263000	0.329608	
1000	0.250000	1.357222	1000	0.250000	0.250000	0.329465	
1000	0.247000	1.357222	1000	0.247000	0.247000	0.329317	
1000	0.254000	1.357222	1000	0.254000	0.254000	0.329182	
1000	0.281000	1.357222	1000	0.281000	0.281000	0.329096	
1000	0.252000	1.357222	1000	0.252000	0.252000	0.328958	
1000	0.286000	1.357222	1000	0.286000	0.286000	0.328882	
1000	0.243000	1.357222	1000	0.243000	0.243000	0.328729	
1000	0.299000	1.357222	1000	0.299000	0.299000	0.328676	
1000	0.268000	1.357222	1000	0.268000	0.268000	0.328569	
1000	0.269000	1.357222	1000	0.269000	0.269000	0.328463	
1000	0.271000	1.357222	1000	0.271000	0.271000	0.328362	
1000	0.273000	1.357222	1000	0.273000	0.273000	0.328264	
1000	0.276000	1.357222	1000	0.276000	0.276000	0.328172	
1000	0.275000	1.357222	1000	0.275000	0.275000	0.328079	
1000	0.271000	1.357222	1000	0.271000	0.271000	0.327978	
1000	0.272000	1.357222	1000	0.272000	0.272000	0.327880	
1000	0.289000	1.357222	1000	0.289000	0.289000	0.327812	
1000	0.328000	1.357222	1000	0.328000	0.328000	0.327813	
1000	0.278000	1.357222	1000	0.278000	0.278000	0.327726	
1000	0.258000	1.357222	1000	0.258000	0.258000	0.327605	
1000	0.284000	1.357222	1000	0.284000	0.284000	0.327529	
1000	0.260000	1.357222	1000	0.260000	0.260000	0.327412	
1000	0.289000	1.357222	1000	0.289000	0.289000	0.327345	
1000	0.281000	1.357222	1000	0.281000	0.281000	0.327265	
1000	0.274000	1.357222	1000	0.274000	0.274000	0.327174	
1000	0.263000	1.357222	1000	0.263000	0.263000	0.327063	
1000	0.278000	1.357222	1000	0.278000	0.278000	0.326979	
1000	0.237000	1.357222	1000	0.237000	0.237000	0.326824	
1000	0.266000	1.357222	1000	0.266000	0.266000	0.326720	
1000	0.303000	1.357222	1000	0.303000	0.303000	0.326680	
1000	0.291000	1.357222	1000	0.291000	0.291000	0.326619	
1000	0.241000	1.357222	1000	0.241000	0.241000	0.326473	
1000	0.267000	1.357222	1000	0.267000	0.267000	0.326372	
1000	0.271000	1.357222	1000	0.271000	0.271000	0.326278	
1000	0.276000	1.357222	1000	0.276000	0.276000	0.326193	
1000	0.256000	1.357222	1000	0.256000	0.256000	0.326074	
1000	0.308000	1.357222	1000	0.308000	0.308000	0.326043	
1000	0.299000	1.357222	1000	0.299000	0.299000	0.325998	
1000	0.263000	1.357222	1000	0.263000	0.263000	0.325892	
1000	0.279000	1.357222	1000	0.279000	0.279000	0.325813	
1000	0.271000	1.357222	1000	0.271000	0.271000	0.325721	
1000	0.283000	1.357222	1000	0.283000	0.283000	0.325649	
1000	0.275000	1.357222	1000	0.275000	0.275000	0.325565	
1000	0.269000	1.357222	1000	0.269000	0.269000	0.325470	
1000	0.261000	1.357222	1000	0.261000	0.261000	0.325363	
1000	0.252000	1.357222	1000	0.252000	0.252000	0.325241	
1000	0.248000	1.357222	1000	0.248000	0.248000	0.325112	
1000	0.279000	1.357222	1000	0.279000	0.279000	0.325036	
1000	0.249000	1.357222	1000	0.249000	0.249000	0.324910	
1000	0.273000	1.357222	1000	0.273000	0.273000	0.324824	
1000	0.267000	1.357222	1000	0.267000	0.267000	0.324729	
1000	0.265000	1.357222	1000	0.265000	0.265000	0.324630	
1000	0.245000	1.357222	1000	0.245000	0.245000	0.324499	
1000	0.289000	1.357222	1000	0.289000	0.289000	0.324441	
1000	0.254000	1.357222	1000	0.254000	0.254000	0.324326	
1000	0.259000	1.357222	1000	0.259000	0.259000	0.324219	
1000	0.288000	1.357222	1000	0.288000	0.288000	0.324160	
1000	0.258000	1.357222	1000	0.258000	0.258000	0.324052	
1000	0.291000	1.357222	1000	0.291000	0.291000	0.323998	
1000	0.301000	1.357222	1000	0.301000	0.301000	0.323960	
1000	0.250000	1.357222	1000	0.250000	0.250000	0.323840	
1000	0.270000	1.357222	1000	0.270000	0.270000	0.323753	
1000	0.256000	1.357222	1000	0.256000	0.256000	0.323643	
1000	0.246000	1.357222	1000	0.246000	0.246000	0.323518	
1000	0.285000	1.357222	1000	0.285000	0.285000	0.323456	
1000	0.282000	1.357222	1000	0.282000	0.282000	0.323389	
1000	0.275000	1.357222	1000	0.275000	0.275000	0.323311	
1000	0.264000	1.357222	1000	0.264000	0.264000	0.323216	
1000	0.247000	1.357222	1000	0.247000	0.247000	0.323094	
1000	0.280000	1.357222	1000	0.280000	0.280000	0.323025	
1000	0.290000	1.357222	1000	0.290000	0.290000	0.322972	
1000	0.256000	1.357222	1000	0.256000	0.256000	0.322866	
1000	0.266000	1.357222	1000	0.266000	0.266000	0.322775	
1000	0.266000	1.357222	1000	0.266000	0.266000	0.322685	
1000	0.277000	1.357222	1000	0.277000	0.277000	0.322612	
1000	0.269000	1.357222	1000	0.269000	0.269000	0.322527	
1000	0.264000	1.357222	1000	0.264000	0.264000	0.322435	
1000	0.243000	1.357222	1000	0.243000	0.243000	0.322309	
1000	0.263000	1.357222	1000	0.263000	0.263000	0.322216	
1000	0.277000	1.357222	1000	0.277000	0.277000	0.322144	
1000	0.264000	1.357222	1000	0.264000	0.264000	0.322053	
1000	0.281000	1.357222	1000	0.281000	0.281000	0.321989	
1000	0.253000	1.357222	1000	0.253000	0.253000	0.321880	
1000	0.297000	1.357222	1000	0.297000	0.297000	0.321841	
1000	0.247000	1.357222	1000	0.247000	0.247000	0.321724	
1000	0.258000	1.357222	1000	0.258000	0.258000	0.321625	
1000	0.262000	1.357222	1000	0.262000	0.262000	0.321532	
1000	0.272000	1.357222	1000	0.272000	0.272000	0.321455	
1000	0.254000	1.357222	1000	0.254000	0.254000	0.321350	
1000	0.277000	1.357222	1000	0.277000	0.277000	0.321282	
1000	0.286000	1.357222	1000	0.286000	0.286000	0.321227	
1000	0.304000	1.357222	1000	0.304000	0.304000	0.321200	
1000	0.284000	1.357222	1000	0.284000	0.284000	0.321143	
1000	0.261000	1.357222	1000	0.261000	0.261000	0.321050	
1000	0.261000	1.357222	1000	0.261000	0.261000	0.320958	
1000	0.248000	1.357222	1000	0.248000	0.248000	0.320846	
1000	0.286000	1.357222	1000	0.286000	0.286000	0.320792	
1000	0.252000	1.357222	1000	0.252000	0.252000	0.320687	
1000	0.251000	1.357222	1000	0.251000	0.251000	0.320581	
1000	0.241000	1.357222	1000	0.241000	0.241000	0.320459	
1000	0.261000	1.357222	1000	0.261000	0.261000	0.320368	
1000	0.275000	1.357222	1000	0.275000	0.275000	0.320299	
1000	0.251000	1.357222	1000	0.251000	0.251000	0.320194	
1000	0.277000	1.357222	1000	0.277000	0.277000	0.320128	
1000	0.263000	1.357222	1000	0.263000	0.263000	0.320042	
1000	0.265000	1.357222	1000	0.265000	0.265000	0.319959	
1000	0.278000	1.357222	1000	0.278000	0.278000	0.319895	
1000	0.267000	1.357222	1000	0.267000	0.267000	0.319816	
1000	0.304000	1.357222	1000	0.304000	0.304000	0.319792	
1000	0.248000	1.357222	1000	0.248000	0.248000	0.319684	
1000	0.289000	1.357222	1000	0.289000	0.289000	0.319638	
1000	0.271000	1.357222	1000	0.271000	0.271000	0.319565	
1000	0.260000	1.357222	1000	0.260000	0.260000	0.319476	
1000	0.250000	1.357222	1000	0.250000	0.250000	0.319372	
1000	0.268000	1.357222	1000	0.268000	0.268000	0.319295	
1000	0.264000	1.357222	1000	0.264000	0.264000	0.319213	
1000	0.279000	1.357222	1000	0.279000	0.279000	0.319153	
1000	0.313000	1.357222	1000	0.313000	0.313000	0.319144	
1000	0.272000	1.357222	1000	0.272000	0.272000	0.319074	
1000	0.267000	1.357222	1000	0.267000	0.267000	0.318997	
1000	0.278000	1.357222	1000	0.278000	0.278000	0.318936	
1000	0.285000	1.357222	1000	0.285000	0.285000	0.318886	
1000	0.285000	1.357222	1000	0.285000	0.285000	0.318836	
1000	0.229000	1.357222	1000	0.229000	0.229000	0.318704	
1000	0.258000	1.357222	1000	0.258000	0.258000	0.318614	
1000	0.267000	1.357222	1000	0.267000	0.267000	0.318538	
1000	0.274000	1.357222	1000	0.274000	0.274000	0.318473	
1000	0.254000	1.357222	1000	0.254000	0.254000	0.318379	
1000	0.293000	1.357222	1000	0.293000	0.293000	0.318342	
1000	0.291000	1.357222	1000	0.291000	0.291000	0.318302	
1000	0.245000	1.357222	1000	0.245000	0.245000	0.318195	
1000	0.238000	1.357222	1000	0.238000	0.238000	0.318078	
1000	0.279000	1.357222	1000	0.279000	0.279000	0.318021	
1000	0.262000	1.357222	1000	0.262000	0.262000	0.317940	
1000	0.267000	1.357222	1000	0.267000	0.267000	0.317866	
1000	0.285000	1.357222	1000	0.285000	0.285000	0.317819	
1000	0.263000	1.357222	1000	0.263000	0.263000	0.317739	
1000	0.264000	1.357222	1000	0.264000	0.264000	0.317662	
1000	0.275000	1.357222	1000	0.275000	0.275000	0.317600	
1000	0.302000	1.357222	1000	0.302000	0.302000	0.317578	
1000	0.281000	1.357222	1000	0.281000	0.281000	0.317525	
1000	0.258000	1.357222	1000	0.258000	0.258000	0.317440	
1000	0.250000	1.357222	1000	0.250000	0.250000	0.317343	
1000	0.252000	1.357222	1000	0.252000	0.252000	0.317250	
1000	0.252000	1.357222	1000	0.252000	0.252000	0.317157	
1000	0.265000	1.357222	1000	0.265000	0.265000	0.317082	
1000	0.287000	1.357222	1000	0.287000	0.287000	0.317039	
1000	0.262000	1.357222	1000	0.262000	0.262000	0.316961	
1000	0.265000	1.357222	1000	0.265000	0.265000	0.316887	
1000	0.276000	1.357222	1000	0.276000	0.276000	0.316829	
1000	0.258000	1.357222	1000	0.258000	0.258000	0.316746	
1000	0.265000	1.357222	1000	0.265000	0.265000	0.316673	
1000	0.244000	1.357222	1000	0.244000	0.244000	0.316570	
1000	0.254000	1.357222	1000	0.254000	0.254000	0.316482	
1000	0.257000	1.357222	1000	0.257000	0.257000	0.316398	
1000	0.281000	1.357222	1000	0.281000	0.281000	0.316348	
1000	0.307000	1.357222	1000	0.307000	0.307000	0.316335	
1000	0.282000	1.357222	1000	0.282000	0.282000	0.316287	
1000	0.276000	1.357222	1000	0.276000	0.276000	0.316231	
1000	0.254000	1.357222	1000	0.254000	0.254000	0.316144	
1000	0.294000	1.357222	1000	0.294000	0.294000	0.316113	
1000	0.267000	1.357222	1000	0.267000	0.267000	0.316044	
1000	0.273000	1.357222	1000	0.273000	0.273000	0.315984	
1000	0.280000	1.357222	1000	0.280000	0.280000	0.315934	
1000	0.285000	1.357222	1000	0.285000	0.285000	0.315891	
1000	0.262000	1.357222	1000	0.262000	0.262000	0.315816	
1000	0.285000	1.357222	1000	0.285000	0.285000	0.315774	
1000	0.280000	1.357222	1000	0.280000	0.280000	0.315724	
1000	0.294000	1.357222	1000	0.294000	0.294000	0.315694	
1000	0.271000	1.357222	1000	0.271000	0.271000	0.315633	
1000	0.269000	1.357222	1000	0.269000	0.269000	0.315568	
1000	0.272000	1.357222	1000	0.272000	0.272000	0.315509	
1000	0.267000	1.357222	1000	0.267000	0.267000	0.315442	
1000	0.273000	1.357222	1000	0.273000	0.273000	0.315384	
1000	0.253000	1.357222	1000	0.253000	0.253000	0.315298	
1000	0.276000	1.357222	1000	0.276000	0.276000	0.315244	
1000	0.291000	1.357222	1000	0.291000	0.291000	0.315211	
1000	0.256000	1.357222	1000	0.256000	0.256000	0.315131	
1000	0.272000	1.357222	1000	0.272000	0.272000	0.315072	
1000	0.271000	1.357222	1000	0.271000	0.271000	0.315012	
1000	0.281000	1.357222	1000	0.281000	0.281000	0.314966	
1000	0.271000	1.357222	1000	0.271000	0.271000	0.314906	
1000	0.278000	1.357222	1000	0.278000	0.278000	0.314856	
1000	0.271000	1.357222	1000	0.271000	0.271000	0.314797	
1000	0.257000	1.357222	1000	0.257000	0.257000	0.314718	
1000	0.290000	1.357222	1000	0.290000	0.290000	0.314685	
1000	0.253000	1.357222	1000	0.253000	0.253000	0.314602	
1000	0.265000	1.357222	1000	0.265000	0.265000	0.314535	
1000	0.260000	1.357222	1000	0.260000	0.260000	0.314462	
1000	0.271000	1.357222	1000	0.271000	0.271000	0.314404	
1000	0.247000	1.357222	1000	0.247000	0.247000	0.314313	
1000	0.253000	1.357222	1000	0.253000	0.253000	0.314231	
1000	0.251000	1.357222	1000	0.251000	0.251000	0.314147	
1000	0.263000	1.357222	1000	0.263000	0.263000	0.314078	
1000	0.250000	1.357222	1000	0.250000	0.250000	0.313993	
1000	0.276000	1.357222	1000	0.276000	0.276000	0.313942	
1000	0.256000	1.357222	1000	0.256000	0.256000	0.313865	
1000	0.301000	1.357222	1000	0.301000	0.301000	0.313848	
1000	0.287000	1.357222	1000	0.287000	0.287000	0.313813	
1000	0.265000	1.357222	1000	0.265000	0.265000	0.313748	
1000	0.249000	1.357222	1000	0.249000	0.249000	0.313662	
1000	0.244000	1.357222	1000	0.244000	0.244000	0.313570	
1000	0.255000	1.357222	1000	0.255000	0.255000	0.313493	
1000	0.241000	1.357222	1000	0.241000	0.241000	0.313397	
1000	0.301000	1.357222	1000	0.301000	0.301000	0.313381	
1000	0.287000	1.357222	1000	0.287000	0.287000	0.313347	
1000	0.285000	1.357222	1000	0.285000	0.285000	0.313309	
1000	0.277000	1.357222	1000	0.277000	0.277000	0.313262	
1000	0.245000	1.357222	1000	0.245000	0.245000	0.313172	
1000	0.251000	1.357222	1000	0.251000	0.251000	0.313091	
1000	0.280000	1.357222	1000	0.280000	0.280000	0.313048	
1000	0.275000	1.357222	1000	0.275000	0.275000	0.312998	
1000	0.285000	1.357222	1000	0.285000	0.285000	0.312962	
1000	0.272000	1.357222	1000	0.272000	0.272000	0.312909	
1000	0.259000	1.357222	1000	0.259000	0.259000	0.312839	
1000	0.273000	1.357222	1000	0.273000	0.273000	0.312787	
1000	0.240000	1.357222	1000	0.240000	0.240000	0.312693	
1000	0.276000	1.357222	1000	0.276000	0.276000	0.312645	
1000	0.285000	1.357222	1000	0.285000	0.285000	0.312609	
1000	0.267000	1.357222	1000	0.267000	0.267000	0.312551	
1000	0.271000	1.357222	1000	0.271000	0.271000	0.312497	
1000	0.287000	1.357222	1000	0.287000	0.287000	0.312464	
1000	0.291000	1.357222	1000	0.291000	0.291000	0.312437	
1000	0.232000	1.357222	1000	0.232000	0.232000	0.312333	
1000	0.291000	1.357222	1000	0.291000	0.291000	0.312306	
1000	0.258000	1.357222	1000	0.258000	0.258000	0.312236	
1000	0.296000	1.357222	1000	0.296000	0.296000	0.312216	
1000	0.278000	1.357222	1000	0.278000	0.278000	0.312172	
1000	0.279000	1.357222	1000	0.279000	0.279000	0.312130	
1000	0.302000	1.357222	1000	0.302000	0.302000	0.312117	
1000	0.272000	1.357222	1000	0.272000	0.272000	0.312066	
1000	0.285000	1.357222	1000	0.285000	0.285000	0.312031	
1000	0.246000	1.357222	1000	0.246000	0.246000	0.311948	
1000	0.271000	1.357222	1000	0.271000	0.271000	0.311896	
1000	0.274000	1.357222	1000	0.274000	0.274000	0.311848	
1000	0.285000	1.357222	1000	0.285000	0.285000	0.311814	
1000	0.251000	1.357222	1000	0.251000	0.251000	0.311737	
1000	0.288000	1.357222	1000	0.288000	0.288000	0.311707	
1000	0.262000	1.357222	1000	0.262000	0.262000	0.311644	
1000	0.252000	1.357222	1000	0.252000	0.252000	0.311569	
1000	0.284000	1.357222	1000	0.284000	0.284000	0.311535	
1000	0.289000	1.357222	1000	0.289000	0.289000	0.311507	
1000	0.282000	1.357222	1000	0.282000	0.282000	0.311470	
1000	0.294000	1.357222	1000	0.294000	0.294000	0.311448	
1000	0.254000	1.357222	1000	0.254000	0.254000	0.311376	
1000	0.238000	1.357222	1000	0.238000	0.238000	0.311284	
1000	0.266000	1.357222	1000	0.266000	0.266000	0.311228	
1000	0.273000	1.357222	1000	0.273000	0.273000	0.311180	
1000	0.282000	1.357222	1000	0.282000	0.282000	0.311144	
1000	0.265000	1.357222	1000	0.265000	0.265000	0.311087	
1000	0.272000	1.357222	1000	0.272000	0.272000	0.311038	
1000	0.267000	1.357222	1000	0.267000	0.267000	0.310984	
1000	0.273000	1.357222	1000	0.273000	0.273000	0.310936	
1000	0.262000	1.357222	1000	0.262000	0.262000	0.310876	
1000	0.277000	1.357222	1000	0.277000	0.277000	0.310834	
1000	0.275000	1.357222	1000	0.275000	0.275000	0.310790	
1000	0.268000	1.357222	1000	0.268000	0.268000	0.310737	
1000	0.285000	1.357222	1000	0.285000	0.285000	0.310706	
1000	0.251000	1.357222	1000	0.251000	0.251000	0.310632	
1000	0.273000	1.357222	1000	0.273000	0.273000	0.310586	
1000	0.273000	1.357222	1000	0.273000	0.273000	0.310540	
1000	0.246000	1.357222	1000	0.246000	0.246000	0.310461	
1000	0.293000	1.357222	1000	0.293000	0.293000	0.310440	
1000	0.250000	1.357222	1000	0.250000	0.250000	0.310366	
1000	0.265000	1.357222	1000	0.265000	0.265000	0.310311	
1000	0.253000	1.357222	1000	0.253000	0.253000	0.310241	
1000	0.287000	1.357222	1000	0.287000	0.287000	0.310213	
1000	0.271000	1.357222	1000	0.271000	0.271000	0.310165	
1000	0.261000	1.357222	1000	0.261000	0.261000	0.310105	
1000	0.298000	1.357222	1000	0.298000	0.298000	0.310091	
1000	0.253000	1.357222	1000	0.253000	0.253000	0.310021	
1000	0.264000	1.357222	1000	0.264000	0.264000	0.309966	
1000	0.252000	1.357222	1000	0.252000	0.252000	0.309896	
1000	0.286000	1.357222	1000	0.286000	0.286000	0.309867	
1000	0.284000	1.357222	1000	0.284000	0.284000	0.309836	
1000	0.271000	1.357222	1000	0.271000	0.271000	0.309789	
1000	0.294000	1.357222	1000	0.294000	0.294000	0.309770	
1000	0.288000	1.357222	1000	0.288000	0.288000	0.309744	
1000	0.276000	1.357222	1000	0.276000	0.276000	0.309703	
1000	0.261000	1.357222	1000	0.261000	0.261000	0.309645	
1000	0.239000	1.357222	1000	0.239000	0.239000	0.309561	
1000	0.223000	1.357222	1000	0.223000	0.223000	0.309457	
1000	0.286000	1.357222	1000	0.286000	0.286000	0.309429	
1000	0.247000	1.357222	1000	0.247000	0.247000	0.309355	
1000	0.270000	1.357222	1000	0.270000	0.270000	0.309308	
1000	0.280000	1.357222	1000	0.280000	0.280000	0.309273	
1000	0.277000	1.357222	1000	0.277000	0.277000	0.309235	
1000	0.290000	1.357222	1000	0.290000	0.290000	0.309212	
1000	0.252000	1.357222	1000	0.252000	0.252000	0.309144	
1000	0.281000	1.357222	1000	0.281000	0.281000	0.309111	
1000	0.249000	1.357222	1000	0.249000	0.249000	0.309040	
1000	0.277000	1.357222	1000	0.277000	0.277000	0.309002	
1000	0.299000	1.357222	1000	0.299000	0.299000	0.308990	
1000	0.272000	1.357222	1000	0.272000	0.272000	0.308947	
1000	0.269000	1.357222	1000	0.269000	0.269000	0.308900	
1000	0.268000	1.357222	1000	0.268000	0.268000	0.308852	
1000	0.264000	1.357222	1000	0.264000	0.264000	0.308799	
1000	0.260000	1.357222	1000	0.260000	0.260000	0.308742	
1000	0.255000	1.357222	1000	0.255000	0.255000	0.308679	
1000	0.258000	1.357222	1000	0.258000	0.258000	0.308620	
1000	0.248000	1.357222	1000	0.248000	0.248000	0.308549	
1000	0.291000	1.357222	1000	0.291000	0.291000	0.308528	
1000	0.278000	1.357222	1000	0.278000	0.278000	0.308493	
1000	0.273000	1.357222	1000	0.273000	0.273000	0.308451	
1000	0.277000	1.357222	1000	0.277000	0.277000	0.308415	
1000	0.257000	1.357222	1000	0.257000	0.257000	0.308355	
1000	0.261000	1.357222	1000	0.261000	0.261000	0.308300	
1000	0.271000	1.357222	1000	0.271000	0.271000	0.308257	
1000	0.263000	1.357222	1000	0.263000	0.263000	0.308205	
1000	0.265000	1.357222	1000	0.265000	0.265000	0.308155	
1000	0.305000	1.357222	1000	0.305000	0.305000	0.308151	
1000	0.277000	1.357222	1000	0.277000	0.277000	0.308115	
1000	0.274000	1.357222	1000	0.274000	0.274000	0.308076	
1000	0.285000	1.357222	1000	0.285000	0.285000	0.308049	
1000	0.249000	1.357222	1000	0.249000	0.249000	0.307981	
1000	0.284000	1.357222	1000	0.284000	0.284000	0.307954	
1000	0.281000	1.357222	1000	0.281000	0.281000	0.307923	
1000	0.292000	1.357222	1000	0.292000	0.292000	0.307905	
1000	0.253000	1.357222	1000	0.253000	0.253000	0.307842	
1000	0.230000	1.357222	1000	0.230000	0.230000	0.307753	
1000	0.257000	1.357222	1000	0.257000	0.257000	0.307695	
1000	0.265000	1.357222	1000	0.265000	0.265000	0.307646	
1000	0.258000	1.357222	1000	0.258000	0.258000	0.307590	
1000	0.273000	1.357222	1000	0.273000	0.273000	0.307550	
1000	0.265000	1.357222	1000	0.265000	0.265000	0.307502	
1000	0.275000	1.357222	1000	0.275000	0.275000	0.307465	
1000	0.263000	1.357222	1000	0.263000	0.263000	0.307415	
1000	0.281000	1.357222	1000	0.281000	0.281000	0.307385	
1000	0.264000	1.357222	1000	0.264000	0.264000	0.307336	
1000	0.273000	1.357222	1000	0.273000	0.273000	0.307297	
1000	0.276000	1.357222	1000	0.276000	0.276000	0.307262	
1000	0.285000	1.357222	1000	0.285000	0.285000	0.307236	
1000	0.260000	1.357222	1000	0.260000	0.260000	0.307183	
1000	0.250000	1.357222	1000	0.250000	0.250000	0.307119	
1000	0.248000	1.357222	1000	0.248000	0.248000	0.307052	
1000	0.268000	1.357222	1000	0.268000	0.268000	0.307009	
1000	0.283000	1.357222	1000	0.283000	0.283000	0.306982	
1000	0.243000	1.357222	1000	0.243000	0.243000	0.306910	
1000	0.276000	1.357222	1000	0.276000	0.276000	0.306875	
1000	0.296000	1.357222	1000	0.296000	0.296000	0.306863	
1000	0.277000	1.357222	1000	0.277000	0.277000	0.306830	
1000	0.291000	1.357222	1000	0.291000	0.291000	0.306812	
1000	0.291000	1.357222	1000	0.291000	0.291000	0.306795	
1000	0.271000	1.357222	1000	0.271000	0.271000	0.306755	
1000	0.247000	1.357222	1000	0.247000	0.247000	0.306689	
1000	0.278000	1.357222	1000	0.278000	0.278000	0.306657	
1000	0.273000	1.357222	1000	0.273000	0.273000	0.306619	
1000	0.290000	1.357222	1000	0.290000	0.290000	0.306601	
1000	0.235000	1.357222	1000	0.235000	0.235000	0.306522	
1000	0.266000	1.357222	1000	0.266000	0.266000	0.306477	
1000	0.239000	1.357222	1000	0.239000	0.239000	0.306403	
1000	0.258000	1.357222	1000	0.258000	0.258000	0.306349	
1000	0.297000	1.357222	1000	0.297000	0.297000	0.306339	
1000	0.265000	1.357222	1000	0.265000	0.265000	0.306293	
1000	0.245000	1.357222	1000	0.245000	0.245000	0.306226	
1000	0.258000	1.357222	1000	0.258000	0.258000	0.306173	
1000	0.293000	1.357222	1000	0.293000	0.293000	0.306159	
1000	0.276000	1.357222	1000	0.276000	0.276000	0.306126	
1000	0.277000	1.357222	1000	0.277000	0.277000	0.306094	
1000	0.284000	1.357222	1000	0.284000	0.284000	0.306070	
1000	0.293000	1.357222	1000	0.293000	0.293000	0.306055	
1000	0.291000	1.357222	1000	0.291000	0.291000	0.306039	
1000	0.289000	1.357222	1000	0.289000	0.289000	0.306020	
1000	0.246000	1.357222	1000	0.246000	0.246000	0.305955	
1000	0.270000	1.357222	1000	0.270000	0.270000	0.305916	
1000	0.275000	1.357222	1000	0.275000	0.275000	0.305882	
1000	0.305000	1.357222	1000	0.305000	0.305000	0.305881	
1000	0.275000	1.357222	1000	0.275000	0.275000	0.305848	
1000	0.267000	1.357222	1000	0.267000	0.267000	0.305806	
1000	0.272000	1.357222	1000	0.272000	0.272000	0.305769	
1000	0.277000	1.357222	1000	0.277000	0.277000	0.305738	
1000	0.280000	1.357222	1000	0.280000	0.280000	0.305711	
1000	0.272000	1.357222	1000	0.272000	0.272000	0.305674	
1000	0.257000	1.357222	1000	0.257000	0.257000	0.305622	
1000	0.279000	1.357222	1000	0.279000	0.279000	0.305593	
1000	0.291000	1.357222	1000	0.291000	0.291000	0.305578	
1000	0.284000	1.357222	1000	0.284000	0.284000	0.305554	
1000	0.272000	1.357222	1000	0.272000	0.272000	0.305518	
1000	0.278000	1.357222	1000	0.278000	0.278000	0.305489	
1000	0.284000	1.357222	1000	0.284000	0.284000	0.305466	
1000	0.268000	1.357222	1000	0.268000	0.268000	0.305426	
1000	0.254000	1.357222	1000	0.254000	0.254000	0.305371	
1000	0.259000	1.357222	1000	0.259000	0.259000	0.305322	
1000	0.267000	1.357222	1000	0.267000	0.267000	0.305281	
1000	0.262000	1.357222	1000	0.262000	0.262000	0.305235	
1000	0.281000	1.357222	1000	0.281000	0.281000	0.305209	
1000	0.228000	1.357222	1000	0.228000	0.228000	0.305127	
1000	0.254000	1.357222	1000	0.254000	0.254000	0.305073	
1000	0.272000	1.357222	1000	0.272000	0.272000	0.305038	
1000	0.256000	1.357222	1000	0.256000	0.256000	0.304986	
1000	0.271000	1.357222	1000	0.271000	0.271000	0.304950	
1000	0.295000	1.357222	1000	0.295000	0.295000	0.304939	
1000	0.254000	1.357222	1000	0.254000	0.254000	0.304886	
1000	0.260000	1.357222	1000	0.260000	0.260000	0.304838	
1000	0.274000	1.357222	1000	0.274000	0.274000	0.304806	
1000	0.263000	1.357222	1000	0.263000	0.263000	0.304762	
1000	0.282000	1.357222	1000	0.282000	0.282000	0.304738	
1000	0.260000	1.357222	1000	0.260000	0.260000	0.304691	
1000	0.282000	1.357222	1000	0.282000	0.282000	0.304667	
1000	0.288000	1.357222	1000	0.288000	0.288000	0.304650	
1000	0.258000	1.357222	1000	0.258000	0.258000	0.304601	
1000	0.265000	1.357222	1000	0.265000	0.265000	0.304560	
1000	0.283000	1.357222	1000	0.283000	0.283000	0.304537	
1000	0.288000	1.357222	1000	0.288000	0.288000	0.304520	
1000	0.283000	1.357222	1000	0.283000	0.283000	0.304498	
1000	0.275000	1.357222	1000	0.275000	0.275000	0.304467	
1000	0.253000	1.357222	1000	0.253000	0.253000	0.304413	
1000	0.264000	1.357222	1000	0.264000	0.264000	0.304371	
1000	0.262000	1.357222	1000	0.262000	0.262000	0.304327	
1000	0.249000	1.357222	1000	0.249000	0.249000	0.304270	
1000	0.262000	1.357222	1000	0.262000	0.262000	0.304226	
1000	0.268000	1.357222	1000	0.268000	0.268000	0.304189	
1000	0.271000	1.357222	1000	0.271000	0.271000	0.304155	
1000	0.279000	1.357222	1000	0.279000	0.279000	0.304129	
1000	0.256000	1.357222	1000	0.256000	0.256000	0.304079	
1000	0.292000	1.357222	1000	0.292000	0.292000	0.304067	
1000	0.280000	1.357222	1000	0.280000	0.280000	0.304042	
1000	0.270000	1.357222	1000	0.270000	0.270000	0.304007	
1000	0.257000	1.357222	1000	0.257000	0.257000	0.303959	
1000	0.282000	1.357222	1000	0.282000	0.282000	0.303936	
1000	0.299000	1.357222	1000	0.299000	0.299000	0.303931	
1000	0.248000	1.357222	1000	0.248000	0.248000	0.303874	
1000	0.307000	1.357222	1000	0.307000	0.307000	0.303877	
1000	0.285000	1.357222	1000	0.285000	0.285000	0.303858	
1000	0.284000	1.357222	1000	0.284000	0.284000	0.303837	
1000	0.282000	1.357222	1000	0.282000	0.282000	0.303815	
1000	0.237000	1.357222	1000	0.237000	0.237000	0.303747	
1000	0.270000	1.357222	1000	0.270000	0.270000	0.303713	
1000	0.290000	1.357222	1000	0.290000	0.290000	0.303699	
1000	0.271000	1.357222	1000	0.271000	0.271000	0.303666	
1000	0.301000	1.357222	1000	0.301000	0.301000	0.303663	
1000	0.283000	1.357222	1000	0.283000	0.283000	0.303642	
1000	0.265000	1.357222	1000	0.265000	0.265000	0.303603	
1000	0.274000	1.357222	1000	0.274000	0.274000	0.303573	
1000	0.281000	1.357222	1000	0.281000	0.281000	0.303550	
1000	0.276000	1.357222	1000	0.276000	0.276000	0.303522	
1000	0.245000	1.357222	1000	0.245000	0.245000	0.303463	
1000	0.263000	1.357222	1000	0.263000	0.263000	0.303423	
1000	0.254000	1.357222	1000	0.254000	0.254000	0.303373	
1000	0.251000	1.357222	1000	0.251000	0.251000	0.303320	
1000	0.267000	1.357222	1000	0.267000	0.267000	0.303284	
1000	0.288000	1.357222	1000	0.288000	0.288000	0.303269	
1000	0.280000	1.357222	1000	0.280000	0.280000	0.303245	
1000	0.270000	1.357222	1000	0.270000	0.270000	0.303212	
1000	0.276000	1.357222	1000	0.276000	0.276000	0.303185	
1000	0.268000	1.357222	1000	0.268000	0.268000	0.303150	
1000	0.293000	1.357222	1000	0.293000	0.293000	0.303139	
1000	0.249000	1.357222	1000	0.249000	0.249000	0.303085	
1000	0.243000	1.357222	1000	0.243000	0.243000	0.303026	
1000	0.286000	1.357222	1000	0.286000	0.286000	0.303009	
1000	0.259000	1.357222	1000	0.259000	0.259000	0.302965	
1000	0.255000	1.357222	1000	0.255000	0.255000	0.302917	
1000	0.265000	1.357222	1000	0.265000	0.265000	0.302880	
1000	0.262000	1.357222	1000	0.262000	0.262000	0.302839	
1000	0.271000	1.357222	1000	0.271000	0.271000	0.302808	
