Default schedule
Rate	100.00
Rate Tried	% Accepted	Rates - Dev	Rates - Tried	Rates - Accepted	Sample Ave Acceptance	Total Ave Acceptance	
1000	0.269000	1.485339	1000	0.269000	0.269000	0.145260	
1000	0.272000	1.485339	1000	0.272000	0.272000	0.155820	
1000	0.299000	1.485339	1000	0.299000	0.299000	0.166833	
1000	0.299000	1.485339	1000	0.299000	0.299000	0.176273	
1000	0.323000	1.485339	1000	0.323000	0.323000	0.186054	
1000	0.298000	1.485339	1000	0.298000	0.298000	0.193050	
1000	0.277000	1.485339	1000	0.277000	0.277000	0.197988	
1000	0.310000	1.485339	1000	0.310000	0.310000	0.204211	
1000	0.302000	1.485339	1000	0.302000	0.302000	0.209357	
1000	0.244000	1.485339	1000	0.244000	0.244000	0.211089	
1000	0.255000	1.485339	1000	0.255000	0.255000	0.213180	
1000	0.235000	1.485339	1000	0.235000	0.235000	0.214172	
1000	0.267000	1.485339	1000	0.267000	0.267000	0.216469	
1000	0.308000	1.485339	1000	0.308000	0.308000	0.220282	
1000	0.309000	1.485339	1000	0.309000	0.309000	0.223831	
1000	0.316000	1.485339	1000	0.316000	0.316000	0.227376	
1000	0.321000	1.485339	1000	0.321000	0.321000	0.230843	
1000	0.264000	1.485339	1000	0.264000	0.264000	0.232027	
1000	0.308000	1.485339	1000	0.308000	0.308000	0.234647	
1000	0.276000	1.485339	1000	0.276000	0.276000	0.236025	
1000	0.290000	1.485339	1000	0.290000	0.290000	0.237767	
1000	0.285000	1.485339	1000	0.285000	0.285000	0.239243	
1000	0.307000	1.485339	1000	0.307000	0.307000	0.241296	
1000	0.347000	1.485339	1000	0.347000	0.347000	0.244405	
1000	0.208000	1.485339	1000	0.208000	0.208000	0.243364	
1000	0.261000	1.485339	1000	0.261000	0.261000	0.243854	
1000	0.289000	1.485339	1000	0.289000	0.289000	0.245074	
1000	0.221000	1.485339	1000	0.221000	0.221000	0.244441	
1000	0.245000	1.485339	1000	0.245000	0.245000	0.244455	
1000	0.298000	1.485339	1000	0.298000	0.298000	0.245794	
1000	0.282000	1.485339	1000	0.282000	0.282000	0.246677	
1000	0.214000	1.485339	1000	0.214000	0.214000	0.245899	
1000	0.292000	1.485339	1000	0.292000	0.292000	0.246971	
1000	0.321000	1.485339	1000	0.321000	0.321000	0.248653	
1000	0.316000	1.485339	1000	0.316000	0.316000	0.250150	
1000	0.258000	1.485339	1000	0.258000	0.258000	0.250321	
1000	0.225000	1.485339	1000	0.225000	0.225000	0.249782	
1000	0.285000	1.485339	1000	0.285000	0.285000	0.250516	
1000	0.282000	1.485339	1000	0.282000	0.282000	0.251158	
1000	0.276000	1.485339	1000	0.276000	0.276000	0.251655	
1000	0.268000	1.485339	1000	0.268000	0.268000	0.251975	
1000	0.295000	1.485339	1000	0.295000	0.295000	0.252803	
1000	0.280000	1.485339	1000	0.280000	0.280000	0.253316	
1000	0.306000	1.485339	1000	0.306000	0.306000	0.254292	
1000	0.347000	1.485339	1000	0.347000	0.347000	0.255977	
1000	0.272000	1.485339	1000	0.272000	0.272000	0.256263	
1000	0.330000	1.485339	1000	0.330000	0.330000	0.257557	
1000	0.309000	1.485339	1000	0.309000	0.309000	0.258444	
1000	0.269000	1.485339	1000	0.269000	0.269000	0.258623	
1000	0.262000	1.485339	1000	0.262000	0.262000	0.258679	
1000	0.267000	1.485339	1000	0.267000	0.267000	0.258815	
1000	0.332000	1.485339	1000	0.332000	0.332000	0.259996	
1000	0.334000	1.485339	1000	0.334000	0.334000	0.261170	
1000	0.296000	1.485339	1000	0.296000	0.296000	0.261715	
1000	0.296000	1.485339	1000	0.296000	0.296000	0.262242	
1000	0.328000	1.485339	1000	0.328000	0.328000	0.263238	
1000	0.309000	1.485339	1000	0.309000	0.309000	0.263921	
1000	0.259000	1.485339	1000	0.259000	0.259000	0.263849	
1000	0.269000	1.485339	1000	0.269000	0.269000	0.263924	
1000	0.226000	1.485339	1000	0.226000	0.226000	0.263382	
1000	0.239000	1.485339	1000	0.239000	0.239000	0.263039	
1000	0.235000	1.485339	1000	0.235000	0.235000	0.262649	
1000	0.313000	1.485339	1000	0.313000	0.313000	0.263339	
1000	0.231000	1.485339	1000	0.231000	0.231000	0.262902	
1000	0.276000	1.485339	1000	0.276000	0.276000	0.263076	
1000	0.321000	1.485339	1000	0.321000	0.321000	0.263839	
1000	0.266000	1.485339	1000	0.266000	0.266000	0.263867	
1000	0.220000	1.485339	1000	0.220000	0.220000	0.263304	
1000	0.298000	1.485339	1000	0.298000	0.298000	0.263743	
1000	0.291000	1.485339	1000	0.291000	0.291000	0.264084	
1000	0.312000	1.485339	1000	0.312000	0.312000	0.264676	
1000	0.354000	1.485339	1000	0.354000	0.354000	0.265765	
1000	0.276000	1.485339	1000	0.276000	0.276000	0.265888	
1000	0.301000	1.485339	1000	0.301000	0.301000	0.266306	
1000	0.242000	1.485339	1000	0.242000	0.242000	0.266020	
1000	0.332000	1.485339	1000	0.332000	0.332000	0.266788	
1000	0.332000	1.485339	1000	0.332000	0.332000	0.267537	
1000	0.343000	1.485339	1000	0.343000	0.343000	0.268395	
1000	0.303000	1.485339	1000	0.303000	0.303000	0.268783	
1000	0.265000	1.485339	1000	0.265000	0.265000	0.268741	
1000	0.285000	1.485339	1000	0.285000	0.285000	0.268920	
1000	0.316000	1.485339	1000	0.316000	0.316000	0.269432	
1000	0.304000	1.485339	1000	0.304000	0.304000	0.269804	
1000	0.279000	1.485339	1000	0.279000	0.279000	0.269901	
1000	0.283000	1.485339	1000	0.283000	0.283000	0.270039	
1000	0.278000	1.485339	1000	0.278000	0.278000	0.270122	
1000	0.264000	1.485339	1000	0.264000	0.264000	0.270059	
1000	0.260000	1.485339	1000	0.260000	0.260000	0.269956	
1000	0.222000	1.485339	1000	0.222000	0.222000	0.269472	
1000	0.240000	1.485339	1000	0.240000	0.240000	0.269177	
1000	0.244000	1.485339	1000	0.244000	0.244000	0.268928	
1000	0.265000	1.485339	1000	0.265000	0.265000	0.268890	
1000	0.299000	1.485339	1000	0.299000	0.299000	0.269182	
1000	0.204000	1.485339	1000	0.204000	0.204000	0.268555	
1000	0.273000	1.485339	1000	0.273000	0.273000	0.268597	
1000	0.289000	1.485339	1000	0.289000	0.289000	0.268790	
1000	0.298000	1.485339	1000	0.298000	0.298000	0.269063	
1000	0.297000	1.485339	1000	0.297000	0.297000	0.269322	
1000	0.269000	1.485339	1000	0.269000	0.269000	0.269319	
1000	0.238000	1.485339	1000	0.238000	0.238000	0.269034	
1000	0.215000	1.485339	1000	0.215000	0.215000	0.268547	
1000	0.184000	1.485339	1000	0.184000	0.184000	0.267792	
1000	0.400000	0.977939	1000	0.400000	0.400000	0.268962	
1000	0.456000	0.977939	1000	0.456000	0.456000	0.270603	
1000	0.313000	1.363047	1000	0.313000	0.313000	0.270972	
1000	0.300000	1.363047	1000	0.300000	0.300000	0.271222	
1000	0.337000	1.363047	1000	0.337000	0.337000	0.271784	
1000	0.315000	1.363047	1000	0.315000	0.315000	0.272150	
1000	0.352000	1.363047	1000	0.352000	0.352000	0.272821	
1000	0.281000	1.363047	1000	0.281000	0.281000	0.272889	
1000	0.340000	1.363047	1000	0.340000	0.340000	0.273444	
1000	0.314000	1.363047	1000	0.314000	0.314000	0.273776	
1000	0.299000	1.363047	1000	0.299000	0.299000	0.273982	
1000	0.283000	1.363047	1000	0.283000	0.283000	0.274054	
1000	0.290000	1.363047	1000	0.290000	0.290000	0.274182	
1000	0.295000	1.363047	1000	0.295000	0.295000	0.274347	
1000	0.333000	1.363047	1000	0.333000	0.333000	0.274809	
1000	0.321000	1.363047	1000	0.321000	0.321000	0.275170	
1000	0.303000	1.363047	1000	0.303000	0.303000	0.275385	
1000	0.299000	1.363047	1000	0.299000	0.299000	0.275567	
1000	0.213000	1.363047	1000	0.213000	0.213000	0.275090	
1000	0.347000	1.363047	1000	0.347000	0.347000	0.275634	
1000	0.312000	1.363047	1000	0.312000	0.312000	0.275908	
1000	0.328000	1.363047	1000	0.328000	0.328000	0.276296	
1000	0.303000	1.363047	1000	0.303000	0.303000	0.276494	
1000	0.298000	1.363047	1000	0.298000	0.298000	0.276652	
1000	0.319000	1.363047	1000	0.319000	0.319000	0.276961	
1000	0.305000	1.363047	1000	0.305000	0.305000	0.277165	
1000	0.360000	1.363047	1000	0.360000	0.360000	0.277761	
1000	0.329000	1.363047	1000	0.329000	0.329000	0.278127	
1000	0.281000	1.363047	1000	0.281000	0.281000	0.278147	
1000	0.299000	1.363047	1000	0.299000	0.299000	0.278294	
1000	0.294000	1.363047	1000	0.294000	0.294000	0.278404	
1000	0.305000	1.363047	1000	0.305000	0.305000	0.278588	
1000	0.302000	1.363047	1000	0.302000	0.302000	0.278750	
1000	0.283000	1.363047	1000	0.283000	0.283000	0.278779	
1000	0.345000	1.363047	1000	0.345000	0.345000	0.279229	
1000	0.312000	1.363047	1000	0.312000	0.312000	0.279451	
1000	0.369000	1.363047	1000	0.369000	0.369000	0.280052	
1000	0.293000	1.363047	1000	0.293000	0.293000	0.280138	
1000	0.298000	1.363047	1000	0.298000	0.298000	0.280256	
1000	0.302000	1.363047	1000	0.302000	0.302000	0.280399	
1000	0.318000	1.363047	1000	0.318000	0.318000	0.280645	
1000	0.349000	1.363047	1000	0.349000	0.349000	0.281089	
1000	0.322000	1.363047	1000	0.322000	0.322000	0.281353	
1000	0.299000	1.363047	1000	0.299000	0.299000	0.281466	
1000	0.331000	1.363047	1000	0.331000	0.331000	0.281782	
1000	0.260000	1.363047	1000	0.260000	0.260000	0.281644	
1000	0.243000	1.363047	1000	0.243000	0.243000	0.281401	
1000	0.282000	1.363047	1000	0.282000	0.282000	0.281404	
1000	0.358000	1.363047	1000	0.358000	0.358000	0.281880	
1000	0.345000	1.363047	1000	0.345000	0.345000	0.282270	
1000	0.332000	1.363047	1000	0.332000	0.332000	0.282575	
1000	0.366000	1.363047	1000	0.366000	0.366000	0.283084	
1000	0.350000	1.363047	1000	0.350000	0.350000	0.283489	
1000	0.286000	1.363047	1000	0.286000	0.286000	0.283504	
1000	0.318000	1.363047	1000	0.318000	0.318000	0.283711	
1000	0.357000	1.363047	1000	0.357000	0.357000	0.284147	
1000	0.351000	1.363047	1000	0.351000	0.351000	0.284543	
1000	0.355000	1.363047	1000	0.355000	0.355000	0.284957	
1000	0.355000	1.363047	1000	0.355000	0.355000	0.285367	
1000	0.334000	1.363047	1000	0.334000	0.334000	0.285650	
1000	0.365000	1.363047	1000	0.365000	0.365000	0.286108	
1000	0.340000	1.363047	1000	0.340000	0.340000	0.286418	
1000	0.326000	1.363047	1000	0.326000	0.326000	0.286644	
1000	0.274000	1.363047	1000	0.274000	0.274000	0.286572	
1000	0.312000	1.363047	1000	0.312000	0.312000	0.286716	
1000	0.311000	1.363047	1000	0.311000	0.311000	0.286852	
1000	0.323000	1.363047	1000	0.323000	0.323000	0.287054	
1000	0.363000	1.363047	1000	0.363000	0.363000	0.287476	
1000	0.321000	1.363047	1000	0.321000	0.321000	0.287661	
1000	0.284000	1.363047	1000	0.284000	0.284000	0.287641	
1000	0.328000	1.363047	1000	0.328000	0.328000	0.287862	
1000	0.310000	1.363047	1000	0.310000	0.310000	0.287982	
1000	0.334000	1.363047	1000	0.334000	0.334000	0.288231	
1000	0.363000	1.363047	1000	0.363000	0.363000	0.288633	
1000	0.346000	1.363047	1000	0.346000	0.346000	0.288940	
1000	0.385000	1.363047	1000	0.385000	0.385000	0.289451	
1000	0.343000	1.363047	1000	0.343000	0.343000	0.289734	
1000	0.391000	1.363047	1000	0.391000	0.391000	0.290267	
1000	0.381000	1.363047	1000	0.381000	0.381000	0.290742	
1000	0.277000	1.363047	1000	0.277000	0.277000	0.290670	
1000	0.291000	1.363047	1000	0.291000	0.291000	0.290672	
1000	0.301000	1.363047	1000	0.301000	0.301000	0.290725	
1000	0.289000	1.363047	1000	0.289000	0.289000	0.290716	
1000	0.317000	1.363047	1000	0.317000	0.317000	0.290851	
1000	0.323000	1.363047	1000	0.323000	0.323000	0.291014	
1000	0.308000	1.363047	1000	0.308000	0.308000	0.291100	
1000	0.320000	1.363047	1000	0.320000	0.320000	0.291245	
1000	0.329000	1.363047	1000	0.329000	0.329000	0.291434	
1000	0.287000	1.363047	1000	0.287000	0.287000	0.291411	
1000	0.250000	1.363047	1000	0.250000	0.250000	0.291206	
1000	0.331000	1.363047	1000	0.331000	0.331000	0.291403	
1000	0.349000	1.363047	1000	0.349000	0.349000	0.291685	
1000	0.335000	1.363047	1000	0.335000	0.335000	0.291896	
1000	0.298000	1.363047	1000	0.298000	0.298000	0.291926	
1000	0.314000	1.363047	1000	0.314000	0.314000	0.292032	
1000	0.349000	1.363047	1000	0.349000	0.349000	0.292306	
1000	0.330000	1.363047	1000	0.330000	0.330000	0.292487	
1000	0.242000	1.363047	1000	0.242000	0.242000	0.292246	
1000	0.294000	1.363047	1000	0.294000	0.294000	0.292255	
1000	0.378000	1.363047	1000	0.378000	0.378000	0.292659	
1000	0.359000	1.363047	1000	0.359000	0.359000	0.292970	
1000	0.322000	1.363047	1000	0.322000	0.322000	0.293106	
1000	0.385000	1.363047	1000	0.385000	0.385000	0.293534	
1000	0.389000	1.363047	1000	0.389000	0.389000	0.293975	
1000	0.295000	1.363047	1000	0.295000	0.295000	0.293980	
1000	0.299000	1.363047	1000	0.299000	0.299000	0.294003	
1000	0.384000	1.363047	1000	0.384000	0.384000	0.294414	
1000	0.324000	1.363047	1000	0.324000	0.324000	0.294549	
1000	0.317000	1.363047	1000	0.317000	0.317000	0.294650	
1000	0.318000	1.363047	1000	0.318000	0.318000	0.294755	
1000	0.337000	1.363047	1000	0.337000	0.337000	0.294945	
1000	0.332000	1.363047	1000	0.332000	0.332000	0.295110	
1000	0.329000	1.363047	1000	0.329000	0.329000	0.295261	
1000	0.315000	1.363047	1000	0.315000	0.315000	0.295348	
1000	0.325000	1.363047	1000	0.325000	0.325000	0.295479	
1000	0.411000	1.363047	1000	0.411000	0.411000	0.295986	
1000	0.300000	1.499548	1000	0.300000	0.300000	0.296003	
1000	0.305000	1.499548	1000	0.305000	0.305000	0.296042	
1000	0.290000	1.499548	1000	0.290000	0.290000	0.296016	
1000	0.314000	1.499548	1000	0.314000	0.314000	0.296094	
1000	0.319000	1.499548	1000	0.319000	0.319000	0.296192	
1000	0.313000	1.499548	1000	0.313000	0.313000	0.296264	
1000	0.270000	1.499548	1000	0.270000	0.270000	0.296152	
1000	0.286000	1.499548	1000	0.286000	0.286000	0.296109	
1000	0.272000	1.499548	1000	0.272000	0.272000	0.296007	
1000	0.329000	1.499548	1000	0.329000	0.329000	0.296146	
1000	0.306000	1.499548	1000	0.306000	0.306000	0.296187	
1000	0.308000	1.499548	1000	0.308000	0.308000	0.296236	
1000	0.311000	1.499548	1000	0.311000	0.311000	0.296298	
1000	0.310000	1.499548	1000	0.310000	0.310000	0.296354	
1000	0.262000	1.499548	1000	0.262000	0.262000	0.296213	
1000	0.307000	1.499548	1000	0.307000	0.307000	0.296257	
1000	0.302000	1.499548	1000	0.302000	0.302000	0.296280	
1000	0.277000	1.499548	1000	0.277000	0.277000	0.296202	
1000	0.270000	1.499548	1000	0.270000	0.270000	0.296096	
1000	0.319000	1.499548	1000	0.319000	0.319000	0.296188	
1000	0.333000	1.499548	1000	0.333000	0.333000	0.296336	
1000	0.267000	1.499548	1000	0.267000	0.267000	0.296219	
1000	0.308000	1.499548	1000	0.308000	0.308000	0.296266	
1000	0.285000	1.499548	1000	0.285000	0.285000	0.296221	
1000	0.325000	1.499548	1000	0.325000	0.325000	0.296335	
1000	0.324000	1.499548	1000	0.324000	0.324000	0.296444	
1000	0.287000	1.499548	1000	0.287000	0.287000	0.296407	
1000	0.285000	1.499548	1000	0.285000	0.285000	0.296362	
1000	0.267000	1.499548	1000	0.267000	0.267000	0.296248	
1000	0.244000	1.499548	1000	0.244000	0.244000	0.296045	
1000	0.321000	1.499548	1000	0.321000	0.321000	0.296142	
1000	0.264000	1.499548	1000	0.264000	0.264000	0.296018	
1000	0.207000	1.499548	1000	0.207000	0.207000	0.295677	
1000	0.253000	1.499548	1000	0.253000	0.253000	0.295514	
1000	0.205000	1.499548	1000	0.205000	0.205000	0.295170	
1000	0.222000	1.499548	1000	0.222000	0.222000	0.294893	
1000	0.250000	1.499548	1000	0.250000	0.250000	0.294723	
1000	0.299000	1.499548	1000	0.299000	0.299000	0.294739	
1000	0.310000	1.499548	1000	0.310000	0.310000	0.294797	
1000	0.296000	1.499548	1000	0.296000	0.296000	0.294801	
1000	0.261000	1.499548	1000	0.261000	0.261000	0.294675	
1000	0.284000	1.499548	1000	0.284000	0.284000	0.294636	
1000	0.218000	1.499548	1000	0.218000	0.218000	0.294353	
1000	0.307000	1.499548	1000	0.307000	0.307000	0.294400	
1000	0.267000	1.499548	1000	0.267000	0.267000	0.294299	
1000	0.268000	1.499548	1000	0.268000	0.268000	0.294203	
1000	0.313000	1.499548	1000	0.313000	0.313000	0.294272	
1000	0.264000	1.499548	1000	0.264000	0.264000	0.294162	
1000	0.190000	1.499548	1000	0.190000	0.190000	0.293786	
1000	0.270000	1.449515	1000	0.270000	0.270000	0.293700	
1000	0.302000	1.449515	1000	0.302000	0.302000	0.293730	
1000	0.295000	1.449515	1000	0.295000	0.295000	0.293735	
1000	0.288000	1.449515	1000	0.288000	0.288000	0.293714	
1000	0.231000	1.449515	1000	0.231000	0.231000	0.293492	
1000	0.284000	1.449515	1000	0.284000	0.284000	0.293458	
1000	0.281000	1.449515	1000	0.281000	0.281000	0.293414	
1000	0.356000	1.449515	1000	0.356000	0.356000	0.293634	
1000	0.278000	1.449515	1000	0.278000	0.278000	0.293579	
1000	0.212000	1.449515	1000	0.212000	0.212000	0.293295	
1000	0.270000	1.449515	1000	0.270000	0.270000	0.293214	
1000	0.274000	1.449515	1000	0.274000	0.274000	0.293148	
1000	0.304000	1.449515	1000	0.304000	0.304000	0.293185	
1000	0.338000	1.449515	1000	0.338000	0.338000	0.293339	
1000	0.331000	1.449515	1000	0.331000	0.331000	0.293468	
1000	0.312000	1.449515	1000	0.312000	0.312000	0.293531	
1000	0.297000	1.449515	1000	0.297000	0.297000	0.293543	
1000	0.308000	1.449515	1000	0.308000	0.308000	0.293592	
1000	0.353000	1.449515	1000	0.353000	0.353000	0.293793	
1000	0.262000	1.449515	1000	0.262000	0.262000	0.293686	
1000	0.346000	1.449515	1000	0.346000	0.346000	0.293861	
1000	0.255000	1.449515	1000	0.255000	0.255000	0.293731	
1000	0.286000	1.449515	1000	0.286000	0.286000	0.293706	
1000	0.308000	1.449515	1000	0.308000	0.308000	0.293753	
1000	0.265000	1.449515	1000	0.265000	0.265000	0.293658	
1000	0.310000	1.449515	1000	0.310000	0.310000	0.293712	
1000	0.340000	1.449515	1000	0.340000	0.340000	0.293864	
1000	0.312000	1.449515	1000	0.312000	0.312000	0.293924	
1000	0.273000	1.449515	1000	0.273000	0.273000	0.293855	
1000	0.277000	1.449515	1000	0.277000	0.277000	0.293800	
1000	0.229000	1.449515	1000	0.229000	0.229000	0.293590	
1000	0.198000	1.449515	1000	0.198000	0.198000	0.293281	
1000	0.231000	1.427043	1000	0.231000	0.231000	0.293080	
1000	0.327000	1.427043	1000	0.327000	0.327000	0.293189	
1000	0.355000	1.427043	1000	0.355000	0.355000	0.293387	
1000	0.325000	1.427043	1000	0.325000	0.325000	0.293488	
1000	0.295000	1.427043	1000	0.295000	0.295000	0.293493	
1000	0.305000	1.427043	1000	0.305000	0.305000	0.293529	
1000	0.331000	1.427043	1000	0.331000	0.331000	0.293648	
1000	0.320000	1.427043	1000	0.320000	0.320000	0.293731	
1000	0.319000	1.427043	1000	0.319000	0.319000	0.293810	
1000	0.311000	1.427043	1000	0.311000	0.311000	0.293864	
1000	0.261000	1.427043	1000	0.261000	0.261000	0.293762	
1000	0.310000	1.427043	1000	0.310000	0.310000	0.293812	
1000	0.276000	1.427043	1000	0.276000	0.276000	0.293757	
1000	0.311000	1.427043	1000	0.311000	0.311000	0.293810	
1000	0.274000	1.427043	1000	0.274000	0.274000	0.293749	
1000	0.220000	1.427043	1000	0.220000	0.220000	0.293522	
1000	0.304000	1.427043	1000	0.304000	0.304000	0.293554	
1000	0.273000	1.427043	1000	0.273000	0.273000	0.293491	
1000	0.284000	1.427043	1000	0.284000	0.284000	0.293463	
1000	0.322000	1.427043	1000	0.322000	0.322000	0.293549	
1000	0.261000	1.427043	1000	0.261000	0.261000	0.293451	
1000	0.272000	1.427043	1000	0.272000	0.272000	0.293386	
1000	0.296000	1.427043	1000	0.296000	0.296000	0.293394	
1000	0.302000	1.427043	1000	0.302000	0.302000	0.293420	
1000	0.317000	1.427043	1000	0.317000	0.317000	0.293490	
1000	0.335000	1.427043	1000	0.335000	0.335000	0.293614	
1000	0.302000	1.427043	1000	0.302000	0.302000	0.293639	
1000	0.297000	1.427043	1000	0.297000	0.297000	0.293649	
1000	0.270000	1.427043	1000	0.270000	0.270000	0.293579	
1000	0.290000	1.427043	1000	0.290000	0.290000	0.293568	
1000	0.284000	1.427043	1000	0.284000	0.284000	0.293540	
1000	0.261000	1.427043	1000	0.261000	0.261000	0.293445	
1000	0.272000	1.427043	1000	0.272000	0.272000	0.293382	
1000	0.297000	1.427043	1000	0.297000	0.297000	0.293393	
1000	0.360000	1.427043	1000	0.360000	0.360000	0.293586	
1000	0.332000	1.427043	1000	0.332000	0.332000	0.293698	
1000	0.281000	1.427043	1000	0.281000	0.281000	0.293661	
1000	0.313000	1.427043	1000	0.313000	0.313000	0.293717	
1000	0.334000	1.427043	1000	0.334000	0.334000	0.293832	
1000	0.342000	1.427043	1000	0.342000	0.342000	0.293971	
1000	0.312000	1.427043	1000	0.312000	0.312000	0.294022	
1000	0.320000	1.427043	1000	0.320000	0.320000	0.294096	
1000	0.298000	1.427043	1000	0.298000	0.298000	0.294107	
1000	0.217000	1.427043	1000	0.217000	0.217000	0.293889	
1000	0.248000	1.427043	1000	0.248000	0.248000	0.293759	
1000	0.316000	1.427043	1000	0.316000	0.316000	0.293822	
1000	0.324000	1.427043	1000	0.324000	0.324000	0.293906	
1000	0.317000	1.427043	1000	0.317000	0.317000	0.293971	
1000	0.300000	1.427043	1000	0.300000	0.300000	0.293988	
1000	0.249000	1.427043	1000	0.249000	0.249000	0.293863	
1000	0.271000	1.427043	1000	0.271000	0.271000	0.293799	
1000	0.271000	1.427043	1000	0.271000	0.271000	0.293736	
1000	0.293000	1.427043	1000	0.293000	0.293000	0.293734	
1000	0.308000	1.427043	1000	0.308000	0.308000	0.293773	
1000	0.292000	1.427043	1000	0.292000	0.292000	0.293768	
1000	0.304000	1.427043	1000	0.304000	0.304000	0.293796	
1000	0.310000	1.427043	1000	0.310000	0.310000	0.293841	
1000	0.323000	1.427043	1000	0.323000	0.323000	0.293920	
1000	0.309000	1.427043	1000	0.309000	0.309000	0.293961	
1000	0.273000	1.427043	1000	0.273000	0.273000	0.293904	
1000	0.283000	1.427043	1000	0.283000	0.283000	0.293875	
1000	0.318000	1.427043	1000	0.318000	0.318000	0.293940	
1000	0.312000	1.427043	1000	0.312000	0.312000	0.293988	
1000	0.341000	1.427043	1000	0.341000	0.341000	0.294114	
1000	0.281000	1.427043	1000	0.281000	0.281000	0.294079	
1000	0.325000	1.427043	1000	0.325000	0.325000	0.294162	
1000	0.327000	1.427043	1000	0.327000	0.327000	0.294249	
1000	0.314000	1.427043	1000	0.314000	0.314000	0.294302	
1000	0.267000	1.427043	1000	0.267000	0.267000	0.294229	
1000	0.256000	1.427043	1000	0.256000	0.256000	0.294129	
1000	0.291000	1.427043	1000	0.291000	0.291000	0.294120	
1000	0.308000	1.427043	1000	0.308000	0.308000	0.294157	
1000	0.300000	1.427043	1000	0.300000	0.300000	0.294172	
1000	0.326000	1.427043	1000	0.326000	0.326000	0.294255	
1000	0.253000	1.427043	1000	0.253000	0.253000	0.294148	
1000	0.279000	1.427043	1000	0.279000	0.279000	0.294108	
1000	0.318000	1.427043	1000	0.318000	0.318000	0.294170	
1000	0.306000	1.427043	1000	0.306000	0.306000	0.294201	
1000	0.300000	1.427043	1000	0.300000	0.300000	0.294216	
1000	0.307000	1.427043	1000	0.307000	0.307000	0.294249	
1000	0.307000	1.427043	1000	0.307000	0.307000	0.294281	
1000	0.295000	1.427043	1000	0.295000	0.295000	0.294283	
1000	0.319000	1.427043	1000	0.319000	0.319000	0.294346	
1000	0.300000	1.427043	1000	0.300000	0.300000	0.294361	
1000	0.305000	1.427043	1000	0.305000	0.305000	0.294388	
1000	0.271000	1.427043	1000	0.271000	0.271000	0.294328	
1000	0.296000	1.427043	1000	0.296000	0.296000	0.294333	
1000	0.285000	1.427043	1000	0.285000	0.285000	0.294309	
1000	0.310000	1.427043	1000	0.310000	0.310000	0.294349	
1000	0.297000	1.427043	1000	0.297000	0.297000	0.294355	
1000	0.292000	1.427043	1000	0.292000	0.292000	0.294349	
1000	0.281000	1.427043	1000	0.281000	0.281000	0.294316	
1000	0.307000	1.427043	1000	0.307000	0.307000	0.294348	
1000	0.309000	1.427043	1000	0.309000	0.309000	0.294384	
1000	0.312000	1.427043	1000	0.312000	0.312000	0.294427	
1000	0.320000	1.427043	1000	0.320000	0.320000	0.294491	
1000	0.370000	1.427043	1000	0.370000	0.370000	0.294677	
1000	0.334000	1.427043	1000	0.334000	0.334000	0.294773	
1000	0.331000	1.427043	1000	0.331000	0.331000	0.294862	
1000	0.327000	1.427043	1000	0.327000	0.327000	0.294941	
1000	0.294000	1.427043	1000	0.294000	0.294000	0.294938	
1000	0.271000	1.427043	1000	0.271000	0.271000	0.294880	
1000	0.285000	1.427043	1000	0.285000	0.285000	0.294856	
1000	0.316000	1.427043	1000	0.316000	0.316000	0.294907	
1000	0.279000	1.427043	1000	0.279000	0.279000	0.294869	
1000	0.330000	1.427043	1000	0.330000	0.330000	0.294954	
1000	0.346000	1.427043	1000	0.346000	0.346000	0.295076	
1000	0.292000	1.427043	1000	0.292000	0.292000	0.295069	
1000	0.299000	1.427043	1000	0.299000	0.299000	0.295078	
1000	0.285000	1.427043	1000	0.285000	0.285000	0.295054	
1000	0.328000	1.427043	1000	0.328000	0.328000	0.295133	
1000	0.351000	1.427043	1000	0.351000	0.351000	0.295265	
1000	0.388000	1.427043	1000	0.388000	0.388000	0.295485	
1000	0.349000	1.427043	1000	0.349000	0.349000	0.295612	
1000	0.266000	1.427043	1000	0.266000	0.266000	0.295542	
1000	0.394000	1.427043	1000	0.394000	0.394000	0.295773	
1000	0.301000	1.427043	1000	0.301000	0.301000	0.295786	
1000	0.225000	1.427043	1000	0.225000	0.225000	0.295620	
1000	0.288000	1.427043	1000	0.288000	0.288000	0.295602	
1000	0.301000	1.427043	1000	0.301000	0.301000	0.295615	
1000	0.278000	1.427043	1000	0.278000	0.278000	0.295574	
1000	0.278000	1.427043	1000	0.278000	0.278000	0.295533	
1000	0.266000	1.427043	1000	0.266000	0.266000	0.295465	
1000	0.290000	1.427043	1000	0.290000	0.290000	0.295452	
1000	0.270000	1.427043	1000	0.270000	0.270000	0.295393	
1000	0.209000	1.427043	1000	0.209000	0.209000	0.295195	
1000	0.293000	1.427043	1000	0.293000	0.293000	0.295190	
1000	0.344000	1.427043	1000	0.344000	0.344000	0.295301	
1000	0.327000	1.427043	1000	0.327000	0.327000	0.295374	
1000	0.277000	1.427043	1000	0.277000	0.277000	0.295332	
1000	0.315000	1.427043	1000	0.315000	0.315000	0.295377	
1000	0.343000	1.427043	1000	0.343000	0.343000	0.295485	
1000	0.343000	1.427043	1000	0.343000	0.343000	0.295592	
1000	0.293000	1.427043	1000	0.293000	0.293000	0.295586	
1000	0.294000	1.427043	1000	0.294000	0.294000	0.295583	
1000	0.284000	1.427043	1000	0.284000	0.284000	0.295557	
1000	0.391000	1.427043	1000	0.391000	0.391000	0.295771	
1000	0.324000	1.427043	1000	0.324000	0.324000	0.295834	
1000	0.343000	1.427043	1000	0.343000	0.343000	0.295939	
1000	0.337000	1.427043	1000	0.337000	0.337000	0.296031	
1000	0.312000	1.427043	1000	0.312000	0.312000	0.296066	
1000	0.327000	1.427043	1000	0.327000	0.327000	0.296135	
1000	0.303000	1.427043	1000	0.303000	0.303000	0.296150	
1000	0.283000	1.427043	1000	0.283000	0.283000	0.296121	
1000	0.351000	1.427043	1000	0.351000	0.351000	0.296242	
1000	0.309000	1.427043	1000	0.309000	0.309000	0.296270	
1000	0.286000	1.427043	1000	0.286000	0.286000	0.296247	
1000	0.308000	1.427043	1000	0.308000	0.308000	0.296273	
1000	0.283000	1.427043	1000	0.283000	0.283000	0.296244	
1000	0.284000	1.427043	1000	0.284000	0.284000	0.296217	
1000	0.320000	1.427043	1000	0.320000	0.320000	0.296269	
1000	0.337000	1.427043	1000	0.337000	0.337000	0.296357	
1000	0.311000	1.427043	1000	0.311000	0.311000	0.296389	
1000	0.331000	1.427043	1000	0.331000	0.331000	0.296464	
1000	0.314000	1.427043	1000	0.314000	0.314000	0.296502	
1000	0.299000	1.427043	1000	0.299000	0.299000	0.296507	
1000	0.348000	1.427043	1000	0.348000	0.348000	0.296617	
1000	0.314000	1.427043	1000	0.314000	0.314000	0.296655	
1000	0.288000	1.427043	1000	0.288000	0.288000	0.296636	
1000	0.227000	1.427043	1000	0.227000	0.227000	0.296488	
1000	0.240000	1.427043	1000	0.240000	0.240000	0.296367	
1000	0.304000	1.427043	1000	0.304000	0.304000	0.296384	
1000	0.304000	1.427043	1000	0.304000	0.304000	0.296400	
1000	0.267000	1.427043	1000	0.267000	0.267000	0.296338	
1000	0.319000	1.427043	1000	0.319000	0.319000	0.296385	
1000	0.329000	1.427043	1000	0.329000	0.329000	0.296454	
1000	0.254000	1.427043	1000	0.254000	0.254000	0.296365	
1000	0.276000	1.427043	1000	0.276000	0.276000	0.296322	
1000	0.285000	1.427043	1000	0.285000	0.285000	0.296299	
1000	0.350000	1.427043	1000	0.350000	0.350000	0.296411	
1000	0.299000	1.427043	1000	0.299000	0.299000	0.296416	
1000	0.202000	1.427043	1000	0.202000	0.202000	0.296220	
1000	0.293000	1.427043	1000	0.293000	0.293000	0.296213	
1000	0.317000	1.427043	1000	0.317000	0.317000	0.296256	
1000	0.307000	1.427043	1000	0.307000	0.307000	0.296278	
1000	0.330000	1.427043	1000	0.330000	0.330000	0.296348	
1000	0.296000	1.427043	1000	0.296000	0.296000	0.296347	
1000	0.253000	1.427043	1000	0.253000	0.253000	0.296258	
1000	0.315000	1.427043	1000	0.315000	0.315000	0.296297	
1000	0.327000	1.427043	1000	0.327000	0.327000	0.296359	
1000	0.300000	1.427043	1000	0.300000	0.300000	0.296367	
1000	0.360000	1.427043	1000	0.360000	0.360000	0.296496	
1000	0.317000	1.427043	1000	0.317000	0.317000	0.296538	
1000	0.377000	1.427043	1000	0.377000	0.377000	0.296701	
1000	0.259000	1.427043	1000	0.259000	0.259000	0.296625	
1000	0.304000	1.427043	1000	0.304000	0.304000	0.296640	
1000	0.279000	1.427043	1000	0.279000	0.279000	0.296604	
1000	0.261000	1.427043	1000	0.261000	0.261000	0.296533	
1000	0.319000	1.427043	1000	0.319000	0.319000	0.296578	
1000	0.263000	1.427043	1000	0.263000	0.263000	0.296510	
1000	0.288000	1.427043	1000	0.288000	0.288000	0.296493	
1000	0.314000	1.427043	1000	0.314000	0.314000	0.296528	
1000	0.324000	1.427043	1000	0.324000	0.324000	0.296583	
1000	0.370000	1.427043	1000	0.370000	0.370000	0.296729	
1000	0.300000	1.427043	1000	0.300000	0.300000	0.296736	
1000	0.291000	1.427043	1000	0.291000	0.291000	0.296724	
1000	0.313000	1.427043	1000	0.313000	0.313000	0.296756	
1000	0.328000	1.427043	1000	0.328000	0.328000	0.296818	
1000	0.297000	1.427043	1000	0.297000	0.297000	0.296818	
1000	0.240000	1.427043	1000	0.240000	0.240000	0.296707	
1000	0.235000	1.427043	1000	0.235000	0.235000	0.296586	
1000	0.277000	1.427043	1000	0.277000	0.277000	0.296547	
1000	0.342000	1.427043	1000	0.342000	0.342000	0.296636	
1000	0.354000	1.427043	1000	0.354000	0.354000	0.296748	
1000	0.304000	1.427043	1000	0.304000	0.304000	0.296762	
1000	0.210000	1.427043	1000	0.210000	0.210000	0.296594	
1000	0.223000	1.427043	1000	0.223000	0.223000	0.296451	
1000	0.259000	1.427043	1000	0.259000	0.259000	0.296379	
1000	0.319000	1.427043	1000	0.319000	0.319000	0.296422	
1000	0.284000	1.427043	1000	0.284000	0.284000	0.296398	
1000	0.309000	1.427043	1000	0.309000	0.309000	0.296423	
1000	0.293000	1.427043	1000	0.293000	0.293000	0.296416	
1000	0.309000	1.427043	1000	0.309000	0.309000	0.296440	
1000	0.363000	1.427043	1000	0.363000	0.363000	0.296567	
1000	0.324000	1.427043	1000	0.324000	0.324000	0.296620	
1000	0.306000	1.427043	1000	0.306000	0.306000	0.296638	
1000	0.297000	1.427043	1000	0.297000	0.297000	0.296638	
1000	0.341000	1.427043	1000	0.341000	0.341000	0.296722	
1000	0.313000	1.427043	1000	0.313000	0.313000	0.296753	
1000	0.285000	1.427043	1000	0.285000	0.285000	0.296731	
1000	0.335000	1.427043	1000	0.335000	0.335000	0.296803	
1000	0.277000	1.427043	1000	0.277000	0.277000	0.296766	
1000	0.335000	1.427043	1000	0.335000	0.335000	0.296838	
1000	0.258000	1.427043	1000	0.258000	0.258000	0.296765	
1000	0.362000	1.427043	1000	0.362000	0.362000	0.296887	
1000	0.312000	1.427043	1000	0.312000	0.312000	0.296915	
1000	0.314000	1.427043	1000	0.314000	0.314000	0.296947	
1000	0.280000	1.427043	1000	0.280000	0.280000	0.296916	
1000	0.313000	1.427043	1000	0.313000	0.313000	0.296946	
1000	0.319000	1.427043	1000	0.319000	0.319000	0.296986	
1000	0.285000	1.427043	1000	0.285000	0.285000	0.296964	
1000	0.263000	1.427043	1000	0.263000	0.263000	0.296901	
1000	0.310000	1.427043	1000	0.310000	0.310000	0.296926	
1000	0.339000	1.427043	1000	0.339000	0.339000	0.297003	
1000	0.265000	1.427043	1000	0.265000	0.265000	0.296944	
1000	0.279000	1.427043	1000	0.279000	0.279000	0.296911	
1000	0.339000	1.427043	1000	0.339000	0.339000	0.296988	
1000	0.276000	1.427043	1000	0.276000	0.276000	0.296950	
1000	0.277000	1.427043	1000	0.277000	0.277000	0.296914	
1000	0.232000	1.427043	1000	0.232000	0.232000	0.296795	
1000	0.251000	1.427043	1000	0.251000	0.251000	0.296712	
1000	0.330000	1.427043	1000	0.330000	0.330000	0.296773	
1000	0.276000	1.427043	1000	0.276000	0.276000	0.296735	
1000	0.191000	1.427043	1000	0.191000	0.191000	0.296544	
1000	0.489000	0.726936	1000	0.489000	0.489000	0.296891	
1000	0.348000	0.987695	1000	0.348000	0.348000	0.296983	
1000	0.348000	0.987695	1000	0.348000	0.348000	0.297075	
1000	0.372000	0.987695	1000	0.372000	0.372000	0.297210	
1000	0.406000	0.987695	1000	0.406000	0.406000	0.297404	
1000	0.343000	1.293032	1000	0.343000	0.343000	0.297486	
1000	0.334000	1.293032	1000	0.334000	0.334000	0.297551	
1000	0.230000	1.293032	1000	0.230000	0.230000	0.297431	
1000	0.386000	1.293032	1000	0.386000	0.386000	0.297588	
1000	0.327000	1.293032	1000	0.327000	0.327000	0.297641	
1000	0.314000	1.293032	1000	0.314000	0.314000	0.297670	
1000	0.330000	1.293032	1000	0.330000	0.330000	0.297727	
1000	0.347000	1.293032	1000	0.347000	0.347000	0.297814	
1000	0.345000	1.293032	1000	0.345000	0.345000	0.297897	
1000	0.341000	1.293032	1000	0.341000	0.341000	0.297973	
1000	0.346000	1.293032	1000	0.346000	0.346000	0.298057	
1000	0.293000	1.293032	1000	0.293000	0.293000	0.298049	
1000	0.391000	1.293032	1000	0.391000	0.391000	0.298211	
1000	0.432000	1.293032	1000	0.432000	0.432000	0.298445	
1000	0.354000	1.427844	1000	0.354000	0.354000	0.298542	
1000	0.342000	1.427844	1000	0.342000	0.342000	0.298618	
1000	0.357000	1.427844	1000	0.357000	0.357000	0.298719	
1000	0.299000	1.427844	1000	0.299000	0.299000	0.298720	
1000	0.296000	1.427844	1000	0.296000	0.296000	0.298715	
1000	0.281000	1.427844	1000	0.281000	0.281000	0.298685	
1000	0.289000	1.427844	1000	0.289000	0.289000	0.298668	
1000	0.295000	1.427844	1000	0.295000	0.295000	0.298662	
1000	0.264000	1.427844	1000	0.264000	0.264000	0.298602	
1000	0.302000	1.427844	1000	0.302000	0.302000	0.298608	
1000	0.316000	1.427844	1000	0.316000	0.316000	0.298638	
1000	0.323000	1.427844	1000	0.323000	0.323000	0.298679	
1000	0.341000	1.427844	1000	0.341000	0.341000	0.298752	
1000	0.319000	1.427844	1000	0.319000	0.319000	0.298786	
1000	0.265000	1.427844	1000	0.265000	0.265000	0.298729	
1000	0.291000	1.427844	1000	0.291000	0.291000	0.298715	
1000	0.273000	1.427844	1000	0.273000	0.273000	0.298672	
1000	0.266000	1.427844	1000	0.266000	0.266000	0.298616	
1000	0.306000	1.427844	1000	0.306000	0.306000	0.298629	
1000	0.295000	1.427844	1000	0.295000	0.295000	0.298623	
1000	0.298000	1.427844	1000	0.298000	0.298000	0.298622	
1000	0.279000	1.427844	1000	0.279000	0.279000	0.298589	
1000	0.290000	1.427844	1000	0.290000	0.290000	0.298574	
1000	0.296000	1.427844	1000	0.296000	0.296000	0.298570	
1000	0.321000	1.427844	1000	0.321000	0.321000	0.298608	
1000	0.311000	1.427844	1000	0.311000	0.311000	0.298628	
1000	0.325000	1.427844	1000	0.325000	0.325000	0.298672	
1000	0.228000	1.427844	1000	0.228000	0.228000	0.298555	
1000	0.255000	1.427844	1000	0.255000	0.255000	0.298482	
1000	0.353000	1.427844	1000	0.353000	0.353000	0.298573	
1000	0.259000	1.427844	1000	0.259000	0.259000	0.298507	
1000	0.237000	1.427844	1000	0.237000	0.237000	0.298405	
1000	0.237000	1.427844	1000	0.237000	0.237000	0.298304	
1000	0.306000	1.427844	1000	0.306000	0.306000	0.298316	
1000	0.286000	1.427844	1000	0.286000	0.286000	0.298296	
1000	0.339000	1.427844	1000	0.339000	0.339000	0.298363	
1000	0.299000	1.427844	1000	0.299000	0.299000	0.298364	
1000	0.262000	1.427844	1000	0.262000	0.262000	0.298304	
1000	0.301000	1.427844	1000	0.301000	0.301000	0.298309	
1000	0.336000	1.427844	1000	0.336000	0.336000	0.298370	
1000	0.374000	1.427844	1000	0.374000	0.374000	0.298494	
1000	0.315000	1.427844	1000	0.315000	0.315000	0.298521	
1000	0.356000	1.427844	1000	0.356000	0.356000	0.298614	
1000	0.341000	1.427844	1000	0.341000	0.341000	0.298683	
1000	0.294000	1.427844	1000	0.294000	0.294000	0.298675	
1000	0.307000	1.427844	1000	0.307000	0.307000	0.298689	
1000	0.297000	1.427844	1000	0.297000	0.297000	0.298686	
1000	0.283000	1.427844	1000	0.283000	0.283000	0.298661	
1000	0.229000	1.427844	1000	0.229000	0.229000	0.298549	
1000	0.256000	1.427844	1000	0.256000	0.256000	0.298480	
1000	0.309000	1.427844	1000	0.309000	0.309000	0.298497	
1000	0.352000	1.427844	1000	0.352000	0.352000	0.298583	
1000	0.284000	1.427844	1000	0.284000	0.284000	0.298560	
1000	0.382000	1.427844	1000	0.382000	0.382000	0.298693	
1000	0.331000	1.427844	1000	0.331000	0.331000	0.298744	
1000	0.351000	1.427844	1000	0.351000	0.351000	0.298828	
1000	0.339000	1.427844	1000	0.339000	0.339000	0.298891	
1000	0.315000	1.427844	1000	0.315000	0.315000	0.298917	
1000	0.278000	1.427844	1000	0.278000	0.278000	0.298884	
1000	0.352000	1.427844	1000	0.352000	0.352000	0.298968	
1000	0.307000	1.427844	1000	0.307000	0.307000	0.298981	
1000	0.304000	1.427844	1000	0.304000	0.304000	0.298988	
1000	0.286000	1.427844	1000	0.286000	0.286000	0.298968	
1000	0.304000	1.427844	1000	0.304000	0.304000	0.298976	
1000	0.255000	1.427844	1000	0.255000	0.255000	0.298907	
1000	0.291000	1.427844	1000	0.291000	0.291000	0.298895	
1000	0.288000	1.427844	1000	0.288000	0.288000	0.298877	
1000	0.280000	1.427844	1000	0.280000	0.280000	0.298848	
1000	0.330000	1.427844	1000	0.330000	0.330000	0.298897	
1000	0.347000	1.427844	1000	0.347000	0.347000	0.298971	
1000	0.310000	1.427844	1000	0.310000	0.310000	0.298989	
1000	0.308000	1.427844	1000	0.308000	0.308000	0.299003	
1000	0.268000	1.427844	1000	0.268000	0.268000	0.298955	
1000	0.261000	1.427844	1000	0.261000	0.261000	0.298896	
1000	0.292000	1.427844	1000	0.292000	0.292000	0.298885	
1000	0.316000	1.427844	1000	0.316000	0.316000	0.298912	
1000	0.331000	1.427844	1000	0.331000	0.331000	0.298961	
1000	0.317000	1.427844	1000	0.317000	0.317000	0.298989	
1000	0.313000	1.427844	1000	0.313000	0.313000	0.299010	
1000	0.322000	1.427844	1000	0.322000	0.322000	0.299046	
1000	0.290000	1.427844	1000	0.290000	0.290000	0.299032	
1000	0.294000	1.427844	1000	0.294000	0.294000	0.299024	
1000	0.295000	1.427844	1000	0.295000	0.295000	0.299018	
1000	0.243000	1.427844	1000	0.243000	0.243000	0.298932	
1000	0.246000	1.427844	1000	0.246000	0.246000	0.298852	
1000	0.328000	1.427844	1000	0.328000	0.328000	0.298896	
1000	0.279000	1.427844	1000	0.279000	0.279000	0.298866	
1000	0.317000	1.427844	1000	0.317000	0.317000	0.298893	
1000	0.336000	1.427844	1000	0.336000	0.336000	0.298950	
1000	0.339000	1.427844	1000	0.339000	0.339000	0.299010	
1000	0.306000	1.427844	1000	0.306000	0.306000	0.299021	
1000	0.334000	1.427844	1000	0.334000	0.334000	0.299073	
1000	0.302000	1.427844	1000	0.302000	0.302000	0.299078	
1000	0.340000	1.427844	1000	0.340000	0.340000	0.299139	
1000	0.301000	1.427844	1000	0.301000	0.301000	0.299142	
1000	0.325000	1.427844	1000	0.325000	0.325000	0.299181	
1000	0.319000	1.427844	1000	0.319000	0.319000	0.299210	
1000	0.279000	1.427844	1000	0.279000	0.279000	0.299180	
1000	0.297000	1.427844	1000	0.297000	0.297000	0.299177	
1000	0.310000	1.427844	1000	0.310000	0.310000	0.299193	
1000	0.303000	1.427844	1000	0.303000	0.303000	0.299199	
1000	0.353000	1.427844	1000	0.353000	0.353000	0.299278	
1000	0.327000	1.427844	1000	0.327000	0.327000	0.299320	
1000	0.260000	1.427844	1000	0.260000	0.260000	0.299261	
1000	0.272000	1.427844	1000	0.272000	0.272000	0.299221	
1000	0.268000	1.427844	1000	0.268000	0.268000	0.299175	
1000	0.296000	1.427844	1000	0.296000	0.296000	0.299170	
1000	0.312000	1.427844	1000	0.312000	0.312000	0.299189	
1000	0.250000	1.427844	1000	0.250000	0.250000	0.299117	
1000	0.268000	1.427844	1000	0.268000	0.268000	0.299071	
1000	0.338000	1.427844	1000	0.338000	0.338000	0.299128	
1000	0.277000	1.427844	1000	0.277000	0.277000	0.299096	
1000	0.274000	1.427844	1000	0.274000	0.274000	0.299059	
1000	0.282000	1.427844	1000	0.282000	0.282000	0.299035	
1000	0.297000	1.427844	1000	0.297000	0.297000	0.299032	
1000	0.315000	1.427844	1000	0.315000	0.315000	0.299055	
1000	0.322000	1.427844	1000	0.322000	0.322000	0.299088	
1000	0.297000	1.427844	1000	0.297000	0.297000	0.299085	
1000	0.345000	1.427844	1000	0.345000	0.345000	0.299152	
1000	0.282000	1.427844	1000	0.282000	0.282000	0.299127	
1000	0.289000	1.427844	1000	0.289000	0.289000	0.299112	
1000	0.302000	1.427844	1000	0.302000	0.302000	0.299116	
1000	0.292000	1.427844	1000	0.292000	0.292000	0.299106	
1000	0.306000	1.427844	1000	0.306000	0.306000	0.299116	
1000	0.216000	1.427844	1000	0.216000	0.216000	0.298997	
1000	0.216000	1.427844	1000	0.216000	0.216000	0.298878	
1000	0.281000	1.427844	1000	0.281000	0.281000	0.298852	
1000	0.312000	1.427844	1000	0.312000	0.312000	0.298871	
1000	0.312000	1.427844	1000	0.312000	0.312000	0.298890	
1000	0.301000	1.427844	1000	0.301000	0.301000	0.298893	
1000	0.338000	1.427844	1000	0.338000	0.338000	0.298948	
1000	0.301000	1.427844	1000	0.301000	0.301000	0.298951	
1000	0.292000	1.427844	1000	0.292000	0.292000	0.298941	
1000	0.295000	1.427844	1000	0.295000	0.295000	0.298936	
1000	0.305000	1.427844	1000	0.305000	0.305000	0.298944	
1000	0.339000	1.427844	1000	0.339000	0.339000	0.299001	
1000	0.289000	1.427844	1000	0.289000	0.289000	0.298987	
1000	0.223000	1.427844	1000	0.223000	0.223000	0.298880	
1000	0.332000	1.427844	1000	0.332000	0.332000	0.298926	
1000	0.351000	1.427844	1000	0.351000	0.351000	0.299000	
1000	0.318000	1.427844	1000	0.318000	0.318000	0.299026	
1000	0.309000	1.427844	1000	0.309000	0.309000	0.299040	
1000	0.344000	1.427844	1000	0.344000	0.344000	0.299103	
1000	0.340000	1.427844	1000	0.340000	0.340000	0.299160	
1000	0.293000	1.427844	1000	0.293000	0.293000	0.299152	
1000	0.313000	1.427844	1000	0.313000	0.313000	0.299171	
1000	0.262000	1.427844	1000	0.262000	0.262000	0.299119	
1000	0.356000	1.427844	1000	0.356000	0.356000	0.299198	
1000	0.368000	1.427844	1000	0.368000	0.368000	0.299294	
1000	0.347000	1.427844	1000	0.347000	0.347000	0.299360	
1000	0.293000	1.427844	1000	0.293000	0.293000	0.299351	
1000	0.288000	1.427844	1000	0.288000	0.288000	0.299335	
1000	0.329000	1.427844	1000	0.329000	0.329000	0.299376	
1000	0.309000	1.427844	1000	0.309000	0.309000	0.299389	
1000	0.346000	1.427844	1000	0.346000	0.346000	0.299454	
1000	0.306000	1.427844	1000	0.306000	0.306000	0.299463	
1000	0.315000	1.427844	1000	0.315000	0.315000	0.299484	
1000	0.313000	1.427844	1000	0.313000	0.313000	0.299502	
1000	0.240000	1.427844	1000	0.240000	0.240000	0.299421	
1000	0.231000	1.427844	1000	0.231000	0.231000	0.299327	
1000	0.313000	1.427844	1000	0.313000	0.313000	0.299346	
1000	0.255000	1.427844	1000	0.255000	0.255000	0.299286	
1000	0.254000	1.427844	1000	0.254000	0.254000	0.299224	
1000	0.376000	1.427844	1000	0.376000	0.376000	0.299328	
1000	0.297000	1.427844	1000	0.297000	0.297000	0.299325	
1000	0.346000	1.427844	1000	0.346000	0.346000	0.299388	
1000	0.284000	1.427844	1000	0.284000	0.284000	0.299368	
1000	0.333000	1.427844	1000	0.333000	0.333000	0.299413	
1000	0.273000	1.427844	1000	0.273000	0.273000	0.299377	
1000	0.310000	1.427844	1000	0.310000	0.310000	0.299392	
1000	0.303000	1.427844	1000	0.303000	0.303000	0.299397	
1000	0.301000	1.427844	1000	0.301000	0.301000	0.299399	
1000	0.337000	1.427844	1000	0.337000	0.337000	0.299449	
1000	0.321000	1.427844	1000	0.321000	0.321000	0.299478	
1000	0.344000	1.427844	1000	0.344000	0.344000	0.299538	
1000	0.325000	1.427844	1000	0.325000	0.325000	0.299572	
1000	0.289000	1.427844	1000	0.289000	0.289000	0.299558	
1000	0.291000	1.427844	1000	0.291000	0.291000	0.299546	
1000	0.297000	1.427844	1000	0.297000	0.297000	0.299543	
1000	0.326000	1.427844	1000	0.326000	0.326000	0.299578	
1000	0.281000	1.427844	1000	0.281000	0.281000	0.299553	
1000	0.224000	1.427844	1000	0.224000	0.224000	0.299453	
1000	0.229000	1.427844	1000	0.229000	0.229000	0.299360	
1000	0.295000	1.427844	1000	0.295000	0.295000	0.299354	
1000	0.374000	1.427844	1000	0.374000	0.374000	0.299453	
1000	0.281000	1.427844	1000	0.281000	0.281000	0.299428	
1000	0.327000	1.427844	1000	0.327000	0.327000	0.299465	
1000	0.293000	1.427844	1000	0.293000	0.293000	0.299456	
1000	0.286000	1.427844	1000	0.286000	0.286000	0.299439	
1000	0.265000	1.427844	1000	0.265000	0.265000	0.299393	
1000	0.298000	1.427844	1000	0.298000	0.298000	0.299391	
1000	0.298000	1.427844	1000	0.298000	0.298000	0.299390	
1000	0.313000	1.427844	1000	0.313000	0.313000	0.299407	
1000	0.296000	1.427844	1000	0.296000	0.296000	0.299403	
1000	0.282000	1.427844	1000	0.282000	0.282000	0.299380	
1000	0.324000	1.427844	1000	0.324000	0.324000	0.299412	
1000	0.333000	1.427844	1000	0.333000	0.333000	0.299456	
1000	0.362000	1.427844	1000	0.362000	0.362000	0.299537	
1000	0.332000	1.427844	1000	0.332000	0.332000	0.299579	
1000	0.296000	1.427844	1000	0.296000	0.296000	0.299575	
1000	0.350000	1.427844	1000	0.350000	0.350000	0.299640	
1000	0.269000	1.427844	1000	0.269000	0.269000	0.299600	
1000	0.283000	1.427844	1000	0.283000	0.283000	0.299579	
1000	0.269000	1.427844	1000	0.269000	0.269000	0.299540	
1000	0.275000	1.427844	1000	0.275000	0.275000	0.299508	
1000	0.319000	1.427844	1000	0.319000	0.319000	0.299533	
1000	0.304000	1.427844	1000	0.304000	0.304000	0.299539	
1000	0.278000	1.427844	1000	0.278000	0.278000	0.299511	
1000	0.285000	1.427844	1000	0.285000	0.285000	0.299493	
1000	0.288000	1.427844	1000	0.288000	0.288000	0.299478	
1000	0.289000	1.427844	1000	0.289000	0.289000	0.299464	
1000	0.281000	1.427844	1000	0.281000	0.281000	0.299441	
1000	0.290000	1.427844	1000	0.290000	0.290000	0.299429	
1000	0.325000	1.427844	1000	0.325000	0.325000	0.299461	
1000	0.306000	1.427844	1000	0.306000	0.306000	0.299470	
1000	0.347000	1.427844	1000	0.347000	0.347000	0.299530	
1000	0.335000	1.427844	1000	0.335000	0.335000	0.299575	
1000	0.271000	1.427844	1000	0.271000	0.271000	0.299539	
1000	0.319000	1.427844	1000	0.319000	0.319000	0.299563	
1000	0.312000	1.427844	1000	0.312000	0.312000	0.299579	
1000	0.338000	1.427844	1000	0.338000	0.338000	0.299628	
1000	0.296000	1.427844	1000	0.296000	0.296000	0.299623	
1000	0.282000	1.427844	1000	0.282000	0.282000	0.299601	
1000	0.360000	1.427844	1000	0.360000	0.360000	0.299677	
1000	0.292000	1.427844	1000	0.292000	0.292000	0.299667	
1000	0.357000	1.427844	1000	0.357000	0.357000	0.299739	
1000	0.254000	1.427844	1000	0.254000	0.254000	0.299682	
1000	0.264000	1.427844	1000	0.264000	0.264000	0.299637	
1000	0.361000	1.427844	1000	0.361000	0.361000	0.299714	
1000	0.249000	1.427844	1000	0.249000	0.249000	0.299650	
1000	0.300000	1.427844	1000	0.300000	0.300000	0.299651	
1000	0.312000	1.427844	1000	0.312000	0.312000	0.299666	
1000	0.253000	1.427844	1000	0.253000	0.253000	0.299608	
1000	0.254000	1.427844	1000	0.254000	0.254000	0.299552	
1000	0.315000	1.427844	1000	0.315000	0.315000	0.299571	
1000	0.261000	1.427844	1000	0.261000	0.261000	0.299523	
1000	0.303000	1.427844	1000	0.303000	0.303000	0.299527	
1000	0.269000	1.427844	1000	0.269000	0.269000	0.299490	
1000	0.302000	1.427844	1000	0.302000	0.302000	0.299493	
1000	0.274000	1.427844	1000	0.274000	0.274000	0.299461	
1000	0.270000	1.427844	1000	0.270000	0.270000	0.299425	
1000	0.300000	1.427844	1000	0.300000	0.300000	0.299426	
1000	0.294000	1.427844	1000	0.294000	0.294000	0.299419	
1000	0.319000	1.427844	1000	0.319000	0.319000	0.299443	
1000	0.283000	1.427844	1000	0.283000	0.283000	0.299423	
1000	0.324000	1.427844	1000	0.324000	0.324000	0.299453	
1000	0.271000	1.427844	1000	0.271000	0.271000	0.299418	
1000	0.263000	1.427844	1000	0.263000	0.263000	0.299374	
1000	0.266000	1.427844	1000	0.266000	0.266000	0.299333	
1000	0.248000	1.427844	1000	0.248000	0.248000	0.299271	
1000	0.311000	1.427844	1000	0.311000	0.311000	0.299285	
1000	0.240000	1.427844	1000	0.240000	0.240000	0.299213	
1000	0.319000	1.427844	1000	0.319000	0.319000	0.299237	
1000	0.294000	1.427844	1000	0.294000	0.294000	0.299231	
1000	0.381000	1.427844	1000	0.381000	0.381000	0.299330	
1000	0.350000	1.427844	1000	0.350000	0.350000	0.299391	
1000	0.308000	1.427844	1000	0.308000	0.308000	0.299401	
1000	0.258000	1.427844	1000	0.258000	0.258000	0.299351	
1000	0.261000	1.427844	1000	0.261000	0.261000	0.299305	
1000	0.318000	1.427844	1000	0.318000	0.318000	0.299328	
1000	0.332000	1.427844	1000	0.332000	0.332000	0.299367	
1000	0.304000	1.427844	1000	0.304000	0.304000	0.299373	
1000	0.296000	1.427844	1000	0.296000	0.296000	0.299369	
1000	0.279000	1.427844	1000	0.279000	0.279000	0.299344	
1000	0.302000	1.427844	1000	0.302000	0.302000	0.299347	
1000	0.273000	1.427844	1000	0.273000	0.273000	0.299316	
1000	0.316000	1.427844	1000	0.316000	0.316000	0.299336	
1000	0.398000	1.427844	1000	0.398000	0.398000	0.299453	
1000	0.317000	1.427844	1000	0.317000	0.317000	0.299474	
1000	0.345000	1.427844	1000	0.345000	0.345000	0.299528	
1000	0.325000	1.427844	1000	0.325000	0.325000	0.299558	
1000	0.223000	1.427844	1000	0.223000	0.223000	0.299468	
1000	0.249000	1.427844	1000	0.249000	0.249000	0.299408	
1000	0.353000	1.427844	1000	0.353000	0.353000	0.299471	
1000	0.354000	1.427844	1000	0.354000	0.354000	0.299536	
1000	0.343000	1.427844	1000	0.343000	0.343000	0.299587	
1000	0.351000	1.427844	1000	0.351000	0.351000	0.299647	
1000	0.321000	1.427844	1000	0.321000	0.321000	0.299673	
1000	0.304000	1.427844	1000	0.304000	0.304000	0.299678	
1000	0.320000	1.427844	1000	0.320000	0.320000	0.299702	
1000	0.303000	1.427844	1000	0.303000	0.303000	0.299705	
1000	0.321000	1.427844	1000	0.321000	0.321000	0.299730	
1000	0.299000	1.427844	1000	0.299000	0.299000	0.299729	
1000	0.283000	1.427844	1000	0.283000	0.283000	0.299710	
1000	0.326000	1.427844	1000	0.326000	0.326000	0.299741	
1000	0.300000	1.427844	1000	0.300000	0.300000	0.299741	
1000	0.278000	1.427844	1000	0.278000	0.278000	0.299716	
1000	0.288000	1.427844	1000	0.288000	0.288000	0.299702	
1000	0.281000	1.427844	1000	0.281000	0.281000	0.299680	
1000	0.291000	1.427844	1000	0.291000	0.291000	0.299670	
1000	0.365000	1.427844	1000	0.365000	0.365000	0.299746	
1000	0.323000	1.427844	1000	0.323000	0.323000	0.299773	
1000	0.304000	1.427844	1000	0.304000	0.304000	0.299778	
1000	0.311000	1.427844	1000	0.311000	0.311000	0.299791	
1000	0.310000	1.427844	1000	0.310000	0.310000	0.299802	
1000	0.304000	1.427844	1000	0.304000	0.304000	0.299807	
1000	0.354000	1.427844	1000	0.354000	0.354000	0.299870	
1000	0.324000	1.427844	1000	0.324000	0.324000	0.299897	
1000	0.304000	1.427844	1000	0.304000	0.304000	0.299902	
1000	0.328000	1.427844	1000	0.328000	0.328000	0.299934	
1000	0.334000	1.427844	1000	0.334000	0.334000	0.299973	
1000	0.326000	1.427844	1000	0.326000	0.326000	0.300003	
1000	0.384000	1.427844	1000	0.384000	0.384000	0.300099	
1000	0.303000	1.427844	1000	0.303000	0.303000	0.300102	
1000	0.347000	1.427844	1000	0.347000	0.347000	0.300156	
1000	0.352000	1.427844	1000	0.352000	0.352000	0.300215	
1000	0.295000	1.427844	1000	0.295000	0.295000	0.300209	
1000	0.319000	1.427844	1000	0.319000	0.319000	0.300230	
1000	0.291000	1.427844	1000	0.291000	0.291000	0.300220	
1000	0.355000	1.427844	1000	0.355000	0.355000	0.300282	
1000	0.317000	1.427844	1000	0.317000	0.317000	0.300301	
1000	0.323000	1.427844	1000	0.323000	0.323000	0.300327	
1000	0.329000	1.427844	1000	0.329000	0.329000	0.300359	
1000	0.313000	1.427844	1000	0.313000	0.313000	0.300373	
1000	0.274000	1.427844	1000	0.274000	0.274000	0.300344	
1000	0.329000	1.427844	1000	0.329000	0.329000	0.300376	
1000	0.277000	1.427844	1000	0.277000	0.277000	0.300349	
1000	0.322000	1.427844	1000	0.322000	0.322000	0.300374	
1000	0.313000	1.427844	1000	0.313000	0.313000	0.300388	
1000	0.345000	1.427844	1000	0.345000	0.345000	0.300438	
1000	0.344000	1.427844	1000	0.344000	0.344000	0.300487	
1000	0.302000	1.427844	1000	0.302000	0.302000	0.300488	
1000	0.300000	1.427844	1000	0.300000	0.300000	0.300488	
1000	0.310000	1.427844	1000	0.310000	0.310000	0.300499	
1000	0.287000	1.427844	1000	0.287000	0.287000	0.300484	
1000	0.332000	1.427844	1000	0.332000	0.332000	0.300519	
1000	0.287000	1.427844	1000	0.287000	0.287000	0.300504	
1000	0.239000	1.427844	1000	0.239000	0.239000	0.300435	
1000	0.211000	1.427844	1000	0.211000	0.211000	0.300336	
1000	0.235000	1.427844	1000	0.235000	0.235000	0.300264	
1000	0.307000	1.427844	1000	0.307000	0.307000	0.300271	
1000	0.324000	1.427844	1000	0.324000	0.324000	0.300297	
1000	0.322000	1.427844	1000	0.322000	0.322000	0.300321	
1000	0.294000	1.427844	1000	0.294000	0.294000	0.300314	
1000	0.282000	1.427844	1000	0.282000	0.282000	0.300294	
1000	0.340000	1.427844	1000	0.340000	0.340000	0.300338	
1000	0.349000	1.427844	1000	0.349000	0.349000	0.300391	
1000	0.312000	1.427844	1000	0.312000	0.312000	0.300404	
1000	0.320000	1.427844	1000	0.320000	0.320000	0.300426	
1000	0.315000	1.427844	1000	0.315000	0.315000	0.300442	
1000	0.281000	1.427844	1000	0.281000	0.281000	0.300420	
1000	0.330000	1.427844	1000	0.330000	0.330000	0.300453	
1000	0.336000	1.427844	1000	0.336000	0.336000	0.300491	
1000	0.299000	1.427844	1000	0.299000	0.299000	0.300490	
1000	0.297000	1.427844	1000	0.297000	0.297000	0.300486	
1000	0.301000	1.427844	1000	0.301000	0.301000	0.300487	
1000	0.260000	1.427844	1000	0.260000	0.260000	0.300443	
1000	0.316000	1.427844	1000	0.316000	0.316000	0.300459	
1000	0.290000	1.427844	1000	0.290000	0.290000	0.300448	
1000	0.208000	1.427844	1000	0.208000	0.208000	0.300348	
1000	0.277000	1.427844	1000	0.277000	0.277000	0.300323	
1000	0.341000	1.427844	1000	0.341000	0.341000	0.300367	
1000	0.333000	1.427844	1000	0.333000	0.333000	0.300402	
1000	0.276000	1.427844	1000	0.276000	0.276000	0.300375	
1000	0.287000	1.427844	1000	0.287000	0.287000	0.300361	
1000	0.279000	1.427844	1000	0.279000	0.279000	0.300338	
1000	0.339000	1.427844	1000	0.339000	0.339000	0.300380	
1000	0.270000	1.427844	1000	0.270000	0.270000	0.300347	
1000	0.215000	1.427844	1000	0.215000	0.215000	0.300255	
1000	0.187000	1.427844	1000	0.187000	0.187000	0.300134	
1000	0.363000	1.121211	1000	0.363000	0.363000	0.300201	
1000	0.383000	1.121211	1000	0.383000	0.383000	0.300290	
1000	0.390000	1.121211	1000	0.390000	0.390000	0.300386	
1000	0.347000	1.121211	1000	0.347000	0.347000	0.300436	
1000	0.293000	1.121211	1000	0.293000	0.293000	0.300428	
1000	0.360000	1.121211	1000	0.360000	0.360000	0.300491	
1000	0.385000	1.121211	1000	0.385000	0.385000	0.300581	
1000	0.387000	1.121211	1000	0.387000	0.387000	0.300673	
1000	0.414000	1.121211	1000	0.414000	0.414000	0.300794	
1000	0.207000	1.820711	1000	0.207000	0.207000	0.300694	
1000	0.202000	1.820711	1000	0.202000	0.202000	0.300589	
1000	0.232000	1.820711	1000	0.232000	0.232000	0.300517	
1000	0.194000	1.820711	1000	0.194000	0.194000	0.300404	
1000	0.338000	1.276936	1000	0.338000	0.338000	0.300444	
1000	0.345000	1.276936	1000	0.345000	0.345000	0.300491	
1000	0.303000	1.276936	1000	0.303000	0.303000	0.300493	
1000	0.338000	1.276936	1000	0.338000	0.338000	0.300533	
1000	0.359000	1.276936	1000	0.359000	0.359000	0.300594	
1000	0.344000	1.276936	1000	0.344000	0.344000	0.300640	
1000	0.338000	1.276936	1000	0.338000	0.338000	0.300679	
1000	0.383000	1.276936	1000	0.383000	0.383000	0.300766	
1000	0.333000	1.276936	1000	0.333000	0.333000	0.300799	
1000	0.318000	1.276936	1000	0.318000	0.318000	0.300817	
1000	0.401000	1.276936	1000	0.401000	0.401000	0.300922	
1000	0.245000	1.678667	1000	0.245000	0.245000	0.300864	
1000	0.223000	1.678667	1000	0.223000	0.223000	0.300783	
1000	0.208000	1.678667	1000	0.208000	0.208000	0.300686	
1000	0.238000	1.678667	1000	0.238000	0.238000	0.300621	
1000	0.223000	1.678667	1000	0.223000	0.223000	0.300540	
1000	0.240000	1.678667	1000	0.240000	0.240000	0.300477	
1000	0.236000	1.678667	1000	0.236000	0.236000	0.300410	
1000	0.257000	1.678667	1000	0.257000	0.257000	0.300365	
1000	0.226000	1.678667	1000	0.226000	0.226000	0.300288	
1000	0.270000	1.678667	1000	0.270000	0.270000	0.300256	
1000	0.233000	1.678667	1000	0.233000	0.233000	0.300187	
1000	0.193000	1.678667	1000	0.193000	0.193000	0.300076	
1000	0.424000	0.867220	1000	0.424000	0.424000	0.300204	
1000	0.267000	1.360230	1000	0.267000	0.267000	0.300170	
1000	0.229000	1.360230	1000	0.229000	0.229000	0.300096	
1000	0.345000	1.360230	1000	0.345000	0.345000	0.300143	
1000	0.318000	1.360230	1000	0.318000	0.318000	0.300161	
1000	0.317000	1.360230	1000	0.317000	0.317000	0.300178	
1000	0.279000	1.360230	1000	0.279000	0.279000	0.300157	
1000	0.403000	1.360230	1000	0.403000	0.403000	0.300262	
1000	0.287000	1.402347	1000	0.287000	0.287000	0.300248	
1000	0.291000	1.402347	1000	0.291000	0.291000	0.300239	
1000	0.266000	1.402347	1000	0.266000	0.266000	0.300204	
1000	0.280000	1.402347	1000	0.280000	0.280000	0.300183	
1000	0.289000	1.402347	1000	0.289000	0.289000	0.300172	
1000	0.326000	1.402347	1000	0.326000	0.326000	0.300198	
1000	0.301000	1.402347	1000	0.301000	0.301000	0.300199	
1000	0.304000	1.402347	1000	0.304000	0.304000	0.300203	
1000	0.334000	1.402347	1000	0.334000	0.334000	0.300237	
1000	0.324000	1.402347	1000	0.324000	0.324000	0.300261	
1000	0.310000	1.402347	1000	0.310000	0.310000	0.300271	
1000	0.335000	1.402347	1000	0.335000	0.335000	0.300306	
1000	0.318000	1.402347	1000	0.318000	0.318000	0.300324	
1000	0.339000	1.402347	1000	0.339000	0.339000	0.300363	
1000	0.281000	1.402347	1000	0.281000	0.281000	0.300344	
1000	0.230000	1.402347	1000	0.230000	0.230000	0.300273	
1000	0.299000	1.402347	1000	0.299000	0.299000	0.300272	
1000	0.317000	1.402347	1000	0.317000	0.317000	0.300288	
1000	0.368000	1.402347	1000	0.368000	0.368000	0.300356	
1000	0.291000	1.402347	1000	0.291000	0.291000	0.300347	
1000	0.292000	1.402347	1000	0.292000	0.292000	0.300339	
1000	0.310000	1.402347	1000	0.310000	0.310000	0.300348	
1000	0.282000	1.402347	1000	0.282000	0.282000	0.300330	
1000	0.258000	1.402347	1000	0.258000	0.258000	0.300288	
1000	0.340000	1.402347	1000	0.340000	0.340000	0.300327	
1000	0.308000	1.402347	1000	0.308000	0.308000	0.300335	
1000	0.368000	1.402347	1000	0.368000	0.368000	0.300402	
1000	0.261000	1.402347	1000	0.261000	0.261000	0.300363	
1000	0.289000	1.402347	1000	0.289000	0.289000	0.300352	
1000	0.232000	1.402347	1000	0.232000	0.232000	0.300284	
1000	0.271000	1.402347	1000	0.271000	0.271000	0.300255	
1000	0.345000	1.402347	1000	0.345000	0.345000	0.300299	
1000	0.332000	1.402347	1000	0.332000	0.332000	0.300331	
1000	0.265000	1.402347	1000	0.265000	0.265000	0.300296	
