Default schedule
Rate	100.00
Rate Tried	% Accepted	Rates - Dev	Rates - Tried	Rates - Accepted	Sample Ave Acceptance	Total Ave Acceptance	
1000	0.373000	1.045083	1000	0.373000	0.373000	0.209436	
1000	0.337000	1.045083	1000	0.337000	0.337000	0.220065	
1000	0.313000	1.045083	1000	0.313000	0.313000	0.227213	
1000	0.375000	1.045083	1000	0.375000	0.375000	0.237769	
1000	0.394000	1.045083	1000	0.394000	0.394000	0.248183	
1000	0.394000	1.045083	1000	0.394000	0.394000	0.257296	
1000	0.372000	1.045083	1000	0.372000	0.372000	0.264043	
1000	0.394000	1.045083	1000	0.394000	0.394000	0.271263	
1000	0.397000	1.045083	1000	0.397000	0.397000	0.277880	
1000	0.403000	1.045083	1000	0.403000	0.403000	0.284136	
1000	0.256000	1.508948	1000	0.256000	0.256000	0.282796	
1000	0.236000	1.508948	1000	0.236000	0.236000	0.280669	
1000	0.240000	1.508948	1000	0.240000	0.240000	0.278901	
1000	0.222000	1.508948	1000	0.222000	0.222000	0.276530	
1000	0.195000	1.508948	1000	0.195000	0.195000	0.273269	
1000	0.289000	1.322333	1000	0.289000	0.289000	0.273874	
1000	0.257000	1.322333	1000	0.257000	0.257000	0.273249	
1000	0.249000	1.322333	1000	0.249000	0.249000	0.272383	
1000	0.258000	1.322333	1000	0.258000	0.258000	0.271887	
1000	0.229000	1.322333	1000	0.229000	0.229000	0.270458	
1000	0.254000	1.322333	1000	0.254000	0.254000	0.269927	
1000	0.291000	1.322333	1000	0.291000	0.291000	0.270585	
1000	0.269000	1.322333	1000	0.269000	0.269000	0.270537	
1000	0.292000	1.322333	1000	0.292000	0.292000	0.271168	
1000	0.302000	1.322333	1000	0.302000	0.302000	0.272049	
1000	0.322000	1.322333	1000	0.322000	0.322000	0.273437	
1000	0.324000	1.322333	1000	0.324000	0.324000	0.274803	
1000	0.298000	1.322333	1000	0.298000	0.298000	0.275414	
1000	0.253000	1.322333	1000	0.253000	0.253000	0.274839	
1000	0.282000	1.322333	1000	0.282000	0.282000	0.275018	
1000	0.295000	1.322333	1000	0.295000	0.295000	0.275505	
1000	0.286000	1.322333	1000	0.286000	0.286000	0.275755	
1000	0.321000	1.322333	1000	0.321000	0.321000	0.276808	
1000	0.294000	1.322333	1000	0.294000	0.294000	0.277198	
1000	0.308000	1.322333	1000	0.308000	0.308000	0.277883	
1000	0.259000	1.322333	1000	0.259000	0.259000	0.277472	
1000	0.277000	1.322333	1000	0.277000	0.277000	0.277462	
1000	0.328000	1.322333	1000	0.328000	0.328000	0.278515	
1000	0.291000	1.322333	1000	0.291000	0.291000	0.278770	
1000	0.245000	1.322333	1000	0.245000	0.245000	0.278094	
1000	0.242000	1.322333	1000	0.242000	0.242000	0.277387	
1000	0.296000	1.322333	1000	0.296000	0.296000	0.277745	
1000	0.272000	1.322333	1000	0.272000	0.272000	0.277636	
1000	0.308000	1.322333	1000	0.308000	0.308000	0.278199	
1000	0.295000	1.322333	1000	0.295000	0.295000	0.278504	
1000	0.322000	1.322333	1000	0.322000	0.322000	0.279281	
1000	0.297000	1.322333	1000	0.297000	0.297000	0.279592	
1000	0.303000	1.322333	1000	0.303000	0.303000	0.279995	
1000	0.284000	1.322333	1000	0.284000	0.284000	0.280063	
1000	0.298000	1.322333	1000	0.298000	0.298000	0.280362	
1000	0.288000	1.322333	1000	0.288000	0.288000	0.280487	
1000	0.293000	1.322333	1000	0.293000	0.293000	0.280689	
1000	0.282000	1.322333	1000	0.282000	0.282000	0.280710	
1000	0.310000	1.322333	1000	0.310000	0.310000	0.281167	
1000	0.287000	1.322333	1000	0.287000	0.287000	0.281257	
1000	0.283000	1.322333	1000	0.283000	0.283000	0.281284	
1000	0.300000	1.322333	1000	0.300000	0.300000	0.281563	
1000	0.305000	1.322333	1000	0.305000	0.305000	0.281908	
1000	0.277000	1.322333	1000	0.277000	0.277000	0.281836	
1000	0.289000	1.322333	1000	0.289000	0.289000	0.281939	
1000	0.260000	1.322333	1000	0.260000	0.260000	0.281630	
1000	0.287000	1.322333	1000	0.287000	0.287000	0.281704	
1000	0.287000	1.322333	1000	0.287000	0.287000	0.281777	
1000	0.234000	1.322333	1000	0.234000	0.234000	0.281131	
1000	0.237000	1.322333	1000	0.237000	0.237000	0.280543	
1000	0.266000	1.322333	1000	0.266000	0.266000	0.280352	
1000	0.312000	1.322333	1000	0.312000	0.312000	0.280763	
1000	0.330000	1.322333	1000	0.330000	0.330000	0.281394	
1000	0.281000	1.322333	1000	0.281000	0.281000	0.281389	
1000	0.300000	1.322333	1000	0.300000	0.300000	0.281621	
1000	0.269000	1.322333	1000	0.269000	0.269000	0.281466	
1000	0.324000	1.322333	1000	0.324000	0.324000	0.281984	
1000	0.297000	1.322333	1000	0.297000	0.297000	0.282165	
1000	0.284000	1.322333	1000	0.284000	0.284000	0.282187	
1000	0.312000	1.322333	1000	0.312000	0.312000	0.282538	
1000	0.292000	1.322333	1000	0.292000	0.292000	0.282648	
1000	0.300000	1.322333	1000	0.300000	0.300000	0.282847	
1000	0.274000	1.322333	1000	0.274000	0.274000	0.282747	
1000	0.307000	1.322333	1000	0.307000	0.307000	0.283019	
1000	0.319000	1.322333	1000	0.319000	0.319000	0.283419	
1000	0.283000	1.322333	1000	0.283000	0.283000	0.283414	
1000	0.284000	1.322333	1000	0.284000	0.284000	0.283421	
1000	0.314000	1.322333	1000	0.314000	0.314000	0.283750	
1000	0.290000	1.322333	1000	0.290000	0.290000	0.283816	
1000	0.284000	1.322333	1000	0.284000	0.284000	0.283818	
1000	0.310000	1.322333	1000	0.310000	0.310000	0.284091	
1000	0.304000	1.322333	1000	0.304000	0.304000	0.284296	
1000	0.282000	1.322333	1000	0.282000	0.282000	0.284273	
1000	0.301000	1.322333	1000	0.301000	0.301000	0.284442	
1000	0.337000	1.322333	1000	0.337000	0.337000	0.284967	
1000	0.321000	1.322333	1000	0.321000	0.321000	0.285324	
1000	0.293000	1.322333	1000	0.293000	0.293000	0.285399	
1000	0.247000	1.322333	1000	0.247000	0.247000	0.285026	
1000	0.317000	1.322333	1000	0.317000	0.317000	0.285334	
1000	0.323000	1.322333	1000	0.323000	0.323000	0.285693	
1000	0.298000	1.322333	1000	0.298000	0.298000	0.285809	
1000	0.346000	1.322333	1000	0.346000	0.346000	0.286371	
1000	0.236000	1.322333	1000	0.236000	0.236000	0.285905	
1000	0.320000	1.322333	1000	0.320000	0.320000	0.286218	
1000	0.275000	1.322333	1000	0.275000	0.275000	0.286116	
1000	0.323000	1.322333	1000	0.323000	0.323000	0.286448	
1000	0.309000	1.322333	1000	0.309000	0.309000	0.286649	
1000	0.308000	1.322333	1000	0.308000	0.308000	0.286838	
1000	0.267000	1.322333	1000	0.267000	0.267000	0.286664	
1000	0.315000	1.322333	1000	0.315000	0.315000	0.286911	
1000	0.260000	1.322333	1000	0.260000	0.260000	0.286679	
1000	0.236000	1.322333	1000	0.236000	0.236000	0.286245	
1000	0.270000	1.322333	1000	0.270000	0.270000	0.286108	
1000	0.291000	1.322333	1000	0.291000	0.291000	0.286149	
1000	0.241000	1.322333	1000	0.241000	0.241000	0.285773	
1000	0.207000	1.322333	1000	0.207000	0.207000	0.285122	
1000	0.312000	1.322333	1000	0.312000	0.312000	0.285342	
1000	0.289000	1.322333	1000	0.289000	0.289000	0.285372	
1000	0.274000	1.322333	1000	0.274000	0.274000	0.285280	
1000	0.311000	1.322333	1000	0.311000	0.311000	0.285486	
1000	0.320000	1.322333	1000	0.320000	0.320000	0.285760	
1000	0.278000	1.322333	1000	0.278000	0.278000	0.285699	
1000	0.344000	1.322333	1000	0.344000	0.344000	0.286154	
1000	0.297000	1.322333	1000	0.297000	0.297000	0.286238	
1000	0.298000	1.322333	1000	0.298000	0.298000	0.286329	
1000	0.293000	1.322333	1000	0.293000	0.293000	0.286379	
1000	0.307000	1.322333	1000	0.307000	0.307000	0.286536	
1000	0.249000	1.322333	1000	0.249000	0.249000	0.286253	
1000	0.303000	1.322333	1000	0.303000	0.303000	0.286378	
1000	0.307000	1.322333	1000	0.307000	0.307000	0.286531	
1000	0.313000	1.322333	1000	0.313000	0.313000	0.286726	
1000	0.261000	1.322333	1000	0.261000	0.261000	0.286538	
1000	0.238000	1.322333	1000	0.238000	0.238000	0.286186	
1000	0.208000	1.322333	1000	0.208000	0.208000	0.285624	
1000	0.331000	1.322333	1000	0.331000	0.331000	0.285948	
1000	0.308000	1.322333	1000	0.308000	0.308000	0.286104	
1000	0.304000	1.322333	1000	0.304000	0.304000	0.286230	
1000	0.298000	1.322333	1000	0.298000	0.298000	0.286313	
1000	0.330000	1.322333	1000	0.330000	0.330000	0.286616	
1000	0.270000	1.322333	1000	0.270000	0.270000	0.286501	
1000	0.288000	1.322333	1000	0.288000	0.288000	0.286512	
1000	0.307000	1.322333	1000	0.307000	0.307000	0.286651	
1000	0.323000	1.322333	1000	0.323000	0.323000	0.286897	
1000	0.305000	1.322333	1000	0.305000	0.305000	0.287018	
1000	0.304000	1.322333	1000	0.304000	0.304000	0.287131	
1000	0.301000	1.322333	1000	0.301000	0.301000	0.287223	
1000	0.322000	1.322333	1000	0.322000	0.322000	0.287452	
1000	0.299000	1.322333	1000	0.299000	0.299000	0.287528	
1000	0.296000	1.322333	1000	0.296000	0.296000	0.287583	
1000	0.315000	1.322333	1000	0.315000	0.315000	0.287759	
1000	0.295000	1.322333	1000	0.295000	0.295000	0.287806	
1000	0.293000	1.322333	1000	0.293000	0.293000	0.287839	
1000	0.307000	1.322333	1000	0.307000	0.307000	0.287960	
1000	0.287000	1.322333	1000	0.287000	0.287000	0.287954	
1000	0.292000	1.322333	1000	0.292000	0.292000	0.287979	
1000	0.287000	1.322333	1000	0.287000	0.287000	0.287973	
1000	0.302000	1.322333	1000	0.302000	0.302000	0.288060	
1000	0.292000	1.322333	1000	0.292000	0.292000	0.288084	
1000	0.281000	1.322333	1000	0.281000	0.281000	0.288041	
1000	0.321000	1.322333	1000	0.321000	0.321000	0.288241	
1000	0.311000	1.322333	1000	0.311000	0.311000	0.288378	
1000	0.270000	1.322333	1000	0.270000	0.270000	0.288268	
1000	0.312000	1.322333	1000	0.312000	0.312000	0.288409	
1000	0.291000	1.322333	1000	0.291000	0.291000	0.288424	
1000	0.273000	1.322333	1000	0.273000	0.273000	0.288334	
1000	0.299000	1.322333	1000	0.299000	0.299000	0.288396	
1000	0.305000	1.322333	1000	0.305000	0.305000	0.288493	
1000	0.337000	1.322333	1000	0.337000	0.337000	0.288773	
1000	0.304000	1.322333	1000	0.304000	0.304000	0.288860	
1000	0.336000	1.322333	1000	0.336000	0.336000	0.289130	
1000	0.276000	1.322333	1000	0.276000	0.276000	0.289055	
1000	0.307000	1.322333	1000	0.307000	0.307000	0.289157	
1000	0.328000	1.322333	1000	0.328000	0.328000	0.289375	
1000	0.279000	1.322333	1000	0.279000	0.279000	0.289317	
1000	0.286000	1.322333	1000	0.286000	0.286000	0.289298	
1000	0.289000	1.322333	1000	0.289000	0.289000	0.289297	
1000	0.281000	1.322333	1000	0.281000	0.281000	0.289251	
1000	0.312000	1.322333	1000	0.312000	0.312000	0.289375	
1000	0.300000	1.322333	1000	0.300000	0.300000	0.289433	
1000	0.280000	1.322333	1000	0.280000	0.280000	0.289382	
1000	0.297000	1.322333	1000	0.297000	0.297000	0.289423	
1000	0.276000	1.322333	1000	0.276000	0.276000	0.289351	
1000	0.283000	1.322333	1000	0.283000	0.283000	0.289318	
1000	0.270000	1.322333	1000	0.270000	0.270000	0.289215	
1000	0.301000	1.322333	1000	0.301000	0.301000	0.289277	
1000	0.229000	1.322333	1000	0.229000	0.229000	0.288962	
1000	0.254000	1.322333	1000	0.254000	0.254000	0.288780	
1000	0.313000	1.322333	1000	0.313000	0.313000	0.288905	
1000	0.307000	1.322333	1000	0.307000	0.307000	0.288999	
1000	0.286000	1.322333	1000	0.286000	0.286000	0.288983	
1000	0.263000	1.322333	1000	0.263000	0.263000	0.288851	
1000	0.303000	1.322333	1000	0.303000	0.303000	0.288922	
1000	0.305000	1.322333	1000	0.305000	0.305000	0.289004	
1000	0.258000	1.322333	1000	0.258000	0.258000	0.288848	
1000	0.315000	1.322333	1000	0.315000	0.315000	0.288979	
1000	0.295000	1.322333	1000	0.295000	0.295000	0.289009	
1000	0.276000	1.322333	1000	0.276000	0.276000	0.288944	
1000	0.279000	1.322333	1000	0.279000	0.279000	0.288895	
1000	0.322000	1.322333	1000	0.322000	0.322000	0.289057	
1000	0.314000	1.322333	1000	0.314000	0.314000	0.289179	
1000	0.295000	1.322333	1000	0.295000	0.295000	0.289207	
1000	0.325000	1.322333	1000	0.325000	0.325000	0.289380	
1000	0.325000	1.322333	1000	0.325000	0.325000	0.289551	
1000	0.270000	1.322333	1000	0.270000	0.270000	0.289458	
1000	0.225000	1.322333	1000	0.225000	0.225000	0.289151	
1000	0.328000	1.322333	1000	0.328000	0.328000	0.289335	
1000	0.313000	1.322333	1000	0.313000	0.313000	0.289447	
1000	0.256000	1.322333	1000	0.256000	0.256000	0.289290	
1000	0.261000	1.322333	1000	0.261000	0.261000	0.289158	
1000	0.265000	1.322333	1000	0.265000	0.265000	0.289045	
1000	0.308000	1.322333	1000	0.308000	0.308000	0.289133	
1000	0.301000	1.322333	1000	0.301000	0.301000	0.289188	
1000	0.215000	1.322333	1000	0.215000	0.215000	0.288847	
1000	0.224000	1.322333	1000	0.224000	0.224000	0.288551	
1000	0.286000	1.322333	1000	0.286000	0.286000	0.288540	
1000	0.270000	1.322333	1000	0.270000	0.270000	0.288456	
1000	0.273000	1.322333	1000	0.273000	0.273000	0.288386	
1000	0.321000	1.322333	1000	0.321000	0.321000	0.288532	
1000	0.286000	1.322333	1000	0.286000	0.286000	0.288521	
1000	0.273000	1.322333	1000	0.273000	0.273000	0.288452	
1000	0.294000	1.322333	1000	0.294000	0.294000	0.288477	
1000	0.322000	1.322333	1000	0.322000	0.322000	0.288624	
1000	0.290000	1.322333	1000	0.290000	0.290000	0.288630	
1000	0.287000	1.322333	1000	0.287000	0.287000	0.288623	
1000	0.285000	1.322333	1000	0.285000	0.285000	0.288607	
1000	0.217000	1.322333	1000	0.217000	0.217000	0.288297	
1000	0.225000	1.322333	1000	0.225000	0.225000	0.288025	
1000	0.283000	1.322333	1000	0.283000	0.283000	0.288003	
1000	0.293000	1.322333	1000	0.293000	0.293000	0.288024	
1000	0.298000	1.322333	1000	0.298000	0.298000	0.288067	
1000	0.308000	1.322333	1000	0.308000	0.308000	0.288151	
1000	0.299000	1.322333	1000	0.299000	0.299000	0.288197	
1000	0.275000	1.322333	1000	0.275000	0.275000	0.288142	
1000	0.262000	1.322333	1000	0.262000	0.262000	0.288032	
1000	0.254000	1.322333	1000	0.254000	0.254000	0.287890	
1000	0.264000	1.322333	1000	0.264000	0.264000	0.287791	
1000	0.284000	1.322333	1000	0.284000	0.284000	0.287776	
1000	0.280000	1.322333	1000	0.280000	0.280000	0.287744	
1000	0.285000	1.322333	1000	0.285000	0.285000	0.287732	
1000	0.288000	1.322333	1000	0.288000	0.288000	0.287734	
1000	0.301000	1.322333	1000	0.301000	0.301000	0.287787	
1000	0.278000	1.322333	1000	0.278000	0.278000	0.287748	
1000	0.302000	1.322333	1000	0.302000	0.302000	0.287805	
1000	0.280000	1.322333	1000	0.280000	0.280000	0.287774	
1000	0.287000	1.322333	1000	0.287000	0.287000	0.287771	
1000	0.278000	1.322333	1000	0.278000	0.278000	0.287732	
1000	0.293000	1.322333	1000	0.293000	0.293000	0.287753	
1000	0.280000	1.322333	1000	0.280000	0.280000	0.287722	
1000	0.255000	1.322333	1000	0.255000	0.255000	0.287593	
1000	0.270000	1.322333	1000	0.270000	0.270000	0.287524	
1000	0.244000	1.322333	1000	0.244000	0.244000	0.287354	
1000	0.304000	1.322333	1000	0.304000	0.304000	0.287419	
1000	0.226000	1.322333	1000	0.226000	0.226000	0.287181	
1000	0.296000	1.322333	1000	0.296000	0.296000	0.287215	
1000	0.293000	1.322333	1000	0.293000	0.293000	0.287237	
1000	0.274000	1.322333	1000	0.274000	0.274000	0.287187	
1000	0.322000	1.322333	1000	0.322000	0.322000	0.287320	
1000	0.293000	1.322333	1000	0.293000	0.293000	0.287341	
1000	0.313000	1.322333	1000	0.313000	0.313000	0.287438	
1000	0.269000	1.322333	1000	0.269000	0.269000	0.287369	
1000	0.283000	1.322333	1000	0.283000	0.283000	0.287352	
1000	0.331000	1.322333	1000	0.331000	0.331000	0.287516	
1000	0.319000	1.322333	1000	0.319000	0.319000	0.287633	
1000	0.312000	1.322333	1000	0.312000	0.312000	0.287724	
1000	0.298000	1.322333	1000	0.298000	0.298000	0.287762	
1000	0.293000	1.322333	1000	0.293000	0.293000	0.287781	
1000	0.286000	1.322333	1000	0.286000	0.286000	0.287775	
1000	0.319000	1.322333	1000	0.319000	0.319000	0.287889	
1000	0.271000	1.322333	1000	0.271000	0.271000	0.287827	
1000	0.308000	1.322333	1000	0.308000	0.308000	0.287901	
1000	0.331000	1.322333	1000	0.331000	0.331000	0.288057	
1000	0.297000	1.322333	1000	0.297000	0.297000	0.288089	
1000	0.250000	1.322333	1000	0.250000	0.250000	0.287952	
1000	0.240000	1.322333	1000	0.240000	0.240000	0.287780	
1000	0.296000	1.322333	1000	0.296000	0.296000	0.287810	
1000	0.279000	1.322333	1000	0.279000	0.279000	0.287778	
1000	0.331000	1.322333	1000	0.331000	0.331000	0.287932	
1000	0.315000	1.322333	1000	0.315000	0.315000	0.288027	
1000	0.303000	1.322333	1000	0.303000	0.303000	0.288080	
1000	0.290000	1.322333	1000	0.290000	0.290000	0.288087	
1000	0.265000	1.322333	1000	0.265000	0.265000	0.288006	
1000	0.311000	1.322333	1000	0.311000	0.311000	0.288086	
1000	0.291000	1.322333	1000	0.291000	0.291000	0.288096	
1000	0.272000	1.322333	1000	0.272000	0.272000	0.288041	
1000	0.269000	1.322333	1000	0.269000	0.269000	0.287975	
1000	0.251000	1.322333	1000	0.251000	0.251000	0.287848	
1000	0.289000	1.322333	1000	0.289000	0.289000	0.287852	
1000	0.298000	1.322333	1000	0.298000	0.298000	0.287886	
1000	0.281000	1.322333	1000	0.281000	0.281000	0.287863	
1000	0.297000	1.322333	1000	0.297000	0.297000	0.287894	
1000	0.302000	1.322333	1000	0.302000	0.302000	0.287942	
1000	0.312000	1.322333	1000	0.312000	0.312000	0.288023	
1000	0.291000	1.322333	1000	0.291000	0.291000	0.288033	
1000	0.308000	1.322333	1000	0.308000	0.308000	0.288099	
1000	0.317000	1.322333	1000	0.317000	0.317000	0.288196	
1000	0.303000	1.322333	1000	0.303000	0.303000	0.288245	
1000	0.255000	1.322333	1000	0.255000	0.255000	0.288135	
1000	0.292000	1.322333	1000	0.292000	0.292000	0.288148	
1000	0.235000	1.322333	1000	0.235000	0.235000	0.287973	
1000	0.272000	1.322333	1000	0.272000	0.272000	0.287920	
1000	0.324000	1.322333	1000	0.324000	0.324000	0.288038	
1000	0.313000	1.322333	1000	0.313000	0.313000	0.288120	
1000	0.272000	1.322333	1000	0.272000	0.272000	0.288067	
1000	0.326000	1.322333	1000	0.326000	0.326000	0.288190	
1000	0.298000	1.322333	1000	0.298000	0.298000	0.288222	
1000	0.309000	1.322333	1000	0.309000	0.309000	0.288288	
1000	0.303000	1.322333	1000	0.303000	0.303000	0.288336	
1000	0.293000	1.322333	1000	0.293000	0.293000	0.288351	
1000	0.309000	1.322333	1000	0.309000	0.309000	0.288416	
1000	0.304000	1.322333	1000	0.304000	0.304000	0.288466	
1000	0.296000	1.322333	1000	0.296000	0.296000	0.288490	
1000	0.294000	1.322333	1000	0.294000	0.294000	0.288507	
1000	0.323000	1.322333	1000	0.323000	0.323000	0.288615	
1000	0.316000	1.322333	1000	0.316000	0.316000	0.288701	
1000	0.304000	1.322333	1000	0.304000	0.304000	0.288749	
1000	0.328000	1.322333	1000	0.328000	0.328000	0.288871	
1000	0.338000	1.322333	1000	0.338000	0.338000	0.289024	
1000	0.285000	1.322333	1000	0.285000	0.285000	0.289011	
1000	0.295000	1.322333	1000	0.295000	0.295000	0.289030	
1000	0.281000	1.322333	1000	0.281000	0.281000	0.289005	
1000	0.241000	1.322333	1000	0.241000	0.241000	0.288858	
1000	0.322000	1.322333	1000	0.322000	0.322000	0.288959	
1000	0.334000	1.322333	1000	0.334000	0.334000	0.289097	
1000	0.285000	1.322333	1000	0.285000	0.285000	0.289084	
1000	0.278000	1.322333	1000	0.278000	0.278000	0.289051	
1000	0.298000	1.322333	1000	0.298000	0.298000	0.289078	
1000	0.322000	1.322333	1000	0.322000	0.322000	0.289177	
1000	0.307000	1.322333	1000	0.307000	0.307000	0.289230	
1000	0.223000	1.322333	1000	0.223000	0.223000	0.289032	
1000	0.316000	1.322333	1000	0.316000	0.316000	0.289113	
1000	0.235000	1.322333	1000	0.235000	0.235000	0.288952	
1000	0.247000	1.322333	1000	0.247000	0.247000	0.288827	
1000	0.265000	1.322333	1000	0.265000	0.265000	0.288757	
1000	0.293000	1.322333	1000	0.293000	0.293000	0.288769	
1000	0.295000	1.322333	1000	0.295000	0.295000	0.288787	
1000	0.287000	1.322333	1000	0.287000	0.287000	0.288782	
1000	0.248000	1.322333	1000	0.248000	0.248000	0.288663	
1000	0.254000	1.322333	1000	0.254000	0.254000	0.288562	
1000	0.307000	1.322333	1000	0.307000	0.307000	0.288615	
1000	0.278000	1.322333	1000	0.278000	0.278000	0.288585	
1000	0.299000	1.322333	1000	0.299000	0.299000	0.288615	
1000	0.284000	1.322333	1000	0.284000	0.284000	0.288601	
1000	0.250000	1.322333	1000	0.250000	0.250000	0.288491	
1000	0.314000	1.322333	1000	0.314000	0.314000	0.288564	
1000	0.322000	1.322333	1000	0.322000	0.322000	0.288659	
1000	0.307000	1.322333	1000	0.307000	0.307000	0.288711	
1000	0.306000	1.322333	1000	0.306000	0.306000	0.288761	
1000	0.312000	1.322333	1000	0.312000	0.312000	0.288826	
1000	0.309000	1.322333	1000	0.309000	0.309000	0.288883	
1000	0.304000	1.322333	1000	0.304000	0.304000	0.288926	
1000	0.315000	1.322333	1000	0.315000	0.315000	0.288999	
1000	0.321000	1.322333	1000	0.321000	0.321000	0.289089	
1000	0.317000	1.322333	1000	0.317000	0.317000	0.289167	
1000	0.304000	1.322333	1000	0.304000	0.304000	0.289208	
1000	0.311000	1.322333	1000	0.311000	0.311000	0.289269	
1000	0.328000	1.322333	1000	0.328000	0.328000	0.289376	
1000	0.280000	1.322333	1000	0.280000	0.280000	0.289350	
1000	0.298000	1.322333	1000	0.298000	0.298000	0.289374	
1000	0.313000	1.322333	1000	0.313000	0.313000	0.289439	
1000	0.274000	1.322333	1000	0.274000	0.274000	0.289396	
1000	0.290000	1.322333	1000	0.290000	0.290000	0.289398	
1000	0.272000	1.322333	1000	0.272000	0.272000	0.289351	
1000	0.299000	1.322333	1000	0.299000	0.299000	0.289377	
1000	0.292000	1.322333	1000	0.292000	0.292000	0.289384	
1000	0.300000	1.322333	1000	0.300000	0.300000	0.289413	
1000	0.253000	1.322333	1000	0.253000	0.253000	0.289315	
1000	0.293000	1.322333	1000	0.293000	0.293000	0.289324	
1000	0.302000	1.322333	1000	0.302000	0.302000	0.289358	
1000	0.287000	1.322333	1000	0.287000	0.287000	0.289352	
1000	0.298000	1.322333	1000	0.298000	0.298000	0.289375	
1000	0.276000	1.322333	1000	0.276000	0.276000	0.289340	
1000	0.306000	1.322333	1000	0.306000	0.306000	0.289384	
1000	0.308000	1.322333	1000	0.308000	0.308000	0.289433	
1000	0.289000	1.322333	1000	0.289000	0.289000	0.289432	
1000	0.324000	1.322333	1000	0.324000	0.324000	0.289523	
1000	0.296000	1.322333	1000	0.296000	0.296000	0.289540	
1000	0.313000	1.322333	1000	0.313000	0.313000	0.289601	
1000	0.323000	1.322333	1000	0.323000	0.323000	0.289689	
1000	0.305000	1.322333	1000	0.305000	0.305000	0.289728	
1000	0.315000	1.322333	1000	0.315000	0.315000	0.289794	
1000	0.288000	1.322333	1000	0.288000	0.288000	0.289789	
1000	0.305000	1.322333	1000	0.305000	0.305000	0.289829	
1000	0.328000	1.322333	1000	0.328000	0.328000	0.289927	
1000	0.313000	1.322333	1000	0.313000	0.313000	0.289986	
1000	0.286000	1.322333	1000	0.286000	0.286000	0.289976	
1000	0.298000	1.322333	1000	0.298000	0.298000	0.289997	
1000	0.253000	1.322333	1000	0.253000	0.253000	0.289902	
1000	0.260000	1.322333	1000	0.260000	0.260000	0.289826	
1000	0.293000	1.322333	1000	0.293000	0.293000	0.289834	
1000	0.309000	1.322333	1000	0.309000	0.309000	0.289883	
1000	0.321000	1.322333	1000	0.321000	0.321000	0.289961	
1000	0.327000	1.322333	1000	0.327000	0.327000	0.290055	
1000	0.279000	1.322333	1000	0.279000	0.279000	0.290027	
1000	0.286000	1.322333	1000	0.286000	0.286000	0.290017	
1000	0.287000	1.322333	1000	0.287000	0.287000	0.290009	
1000	0.286000	1.322333	1000	0.286000	0.286000	0.289999	
1000	0.316000	1.322333	1000	0.316000	0.316000	0.290064	
1000	0.322000	1.322333	1000	0.322000	0.322000	0.290143	
1000	0.292000	1.322333	1000	0.292000	0.292000	0.290148	
1000	0.293000	1.322333	1000	0.293000	0.293000	0.290155	
1000	0.297000	1.322333	1000	0.297000	0.297000	0.290172	
1000	0.295000	1.322333	1000	0.295000	0.295000	0.290184	
1000	0.299000	1.322333	1000	0.299000	0.299000	0.290205	
1000	0.298000	1.322333	1000	0.298000	0.298000	0.290224	
1000	0.329000	1.322333	1000	0.329000	0.329000	0.290319	
1000	0.294000	1.322333	1000	0.294000	0.294000	0.290328	
1000	0.297000	1.322333	1000	0.297000	0.297000	0.290344	
1000	0.298000	1.322333	1000	0.298000	0.298000	0.290362	
1000	0.271000	1.322333	1000	0.271000	0.271000	0.290316	
1000	0.281000	1.322333	1000	0.281000	0.281000	0.290293	
1000	0.283000	1.322333	1000	0.283000	0.283000	0.290276	
1000	0.280000	1.322333	1000	0.280000	0.280000	0.290251	
1000	0.278000	1.322333	1000	0.278000	0.278000	0.290222	
1000	0.289000	1.322333	1000	0.289000	0.289000	0.290219	
1000	0.310000	1.322333	1000	0.310000	0.310000	0.290266	
1000	0.307000	1.322333	1000	0.307000	0.307000	0.290306	
1000	0.208000	1.322333	1000	0.208000	0.208000	0.290111	
1000	0.294000	1.322333	1000	0.294000	0.294000	0.290120	
1000	0.288000	1.322333	1000	0.288000	0.288000	0.290115	
1000	0.328000	1.322333	1000	0.328000	0.328000	0.290204	
1000	0.270000	1.322333	1000	0.270000	0.270000	0.290157	
1000	0.266000	1.322333	1000	0.266000	0.266000	0.290100	
1000	0.307000	1.322333	1000	0.307000	0.307000	0.290140	
1000	0.302000	1.322333	1000	0.302000	0.302000	0.290167	
1000	0.278000	1.322333	1000	0.278000	0.278000	0.290139	
1000	0.305000	1.322333	1000	0.305000	0.305000	0.290173	
1000	0.281000	1.322333	1000	0.281000	0.281000	0.290152	
1000	0.299000	1.322333	1000	0.299000	0.299000	0.290173	
1000	0.305000	1.322333	1000	0.305000	0.305000	0.290207	
1000	0.309000	1.322333	1000	0.309000	0.309000	0.290250	
1000	0.319000	1.322333	1000	0.319000	0.319000	0.290316	
1000	0.290000	1.322333	1000	0.290000	0.290000	0.290315	
1000	0.312000	1.322333	1000	0.312000	0.312000	0.290365	
1000	0.298000	1.322333	1000	0.298000	0.298000	0.290382	
1000	0.330000	1.322333	1000	0.330000	0.330000	0.290472	
1000	0.302000	1.322333	1000	0.302000	0.302000	0.290498	
1000	0.298000	1.322333	1000	0.298000	0.298000	0.290515	
1000	0.307000	1.322333	1000	0.307000	0.307000	0.290552	
1000	0.310000	1.322333	1000	0.310000	0.310000	0.290596	
1000	0.297000	1.322333	1000	0.297000	0.297000	0.290611	
1000	0.261000	1.322333	1000	0.261000	0.261000	0.290544	
1000	0.208000	1.322333	1000	0.208000	0.208000	0.290360	
1000	0.281000	1.322333	1000	0.281000	0.281000	0.290339	
1000	0.275000	1.322333	1000	0.275000	0.275000	0.290304	
1000	0.310000	1.322333	1000	0.310000	0.310000	0.290348	
1000	0.298000	1.322333	1000	0.298000	0.298000	0.290365	
1000	0.267000	1.322333	1000	0.267000	0.267000	0.290314	
1000	0.242000	1.322333	1000	0.242000	0.242000	0.290207	
1000	0.230000	1.322333	1000	0.230000	0.230000	0.290074	
1000	0.197000	1.322333	1000	0.197000	0.197000	0.289870	
1000	0.245000	1.317632	1000	0.245000	0.245000	0.289771	
1000	0.327000	1.317632	1000	0.327000	0.327000	0.289853	
1000	0.314000	1.317632	1000	0.314000	0.314000	0.289905	
1000	0.328000	1.317632	1000	0.328000	0.328000	0.289988	
1000	0.281000	1.317632	1000	0.281000	0.281000	0.289969	
1000	0.297000	1.317632	1000	0.297000	0.297000	0.289984	
1000	0.304000	1.317632	1000	0.304000	0.304000	0.290015	
1000	0.290000	1.317632	1000	0.290000	0.290000	0.290014	
1000	0.291000	1.317632	1000	0.291000	0.291000	0.290017	
1000	0.314000	1.317632	1000	0.314000	0.314000	0.290068	
1000	0.303000	1.317632	1000	0.303000	0.303000	0.290096	
1000	0.309000	1.317632	1000	0.309000	0.309000	0.290136	
1000	0.302000	1.317632	1000	0.302000	0.302000	0.290162	
1000	0.326000	1.317632	1000	0.326000	0.326000	0.290238	
1000	0.308000	1.317632	1000	0.308000	0.308000	0.290276	
1000	0.320000	1.317632	1000	0.320000	0.320000	0.290339	
1000	0.284000	1.317632	1000	0.284000	0.284000	0.290326	
1000	0.317000	1.317632	1000	0.317000	0.317000	0.290382	
1000	0.320000	1.317632	1000	0.320000	0.320000	0.290445	
1000	0.325000	1.317632	1000	0.325000	0.325000	0.290517	
1000	0.255000	1.317632	1000	0.255000	0.255000	0.290443	
1000	0.295000	1.317632	1000	0.295000	0.295000	0.290452	
1000	0.303000	1.317632	1000	0.303000	0.303000	0.290478	
1000	0.309000	1.317632	1000	0.309000	0.309000	0.290517	
1000	0.308000	1.317632	1000	0.308000	0.308000	0.290554	
1000	0.313000	1.317632	1000	0.313000	0.313000	0.290600	
1000	0.318000	1.317632	1000	0.318000	0.318000	0.290657	
1000	0.304000	1.317632	1000	0.304000	0.304000	0.290685	
1000	0.297000	1.317632	1000	0.297000	0.297000	0.290698	
1000	0.286000	1.317632	1000	0.286000	0.286000	0.290688	
1000	0.297000	1.317632	1000	0.297000	0.297000	0.290701	
1000	0.315000	1.317632	1000	0.315000	0.315000	0.290751	
1000	0.321000	1.317632	1000	0.321000	0.321000	0.290813	
1000	0.299000	1.317632	1000	0.299000	0.299000	0.290830	
1000	0.276000	1.317632	1000	0.276000	0.276000	0.290799	
1000	0.281000	1.317632	1000	0.281000	0.281000	0.290779	
1000	0.309000	1.317632	1000	0.309000	0.309000	0.290816	
1000	0.320000	1.317632	1000	0.320000	0.320000	0.290876	
1000	0.292000	1.317632	1000	0.292000	0.292000	0.290878	
1000	0.355000	1.317632	1000	0.355000	0.355000	0.291007	
1000	0.278000	1.317632	1000	0.278000	0.278000	0.290981	
1000	0.329000	1.317632	1000	0.329000	0.329000	0.291058	
1000	0.330000	1.317632	1000	0.330000	0.330000	0.291136	
1000	0.322000	1.317632	1000	0.322000	0.322000	0.291198	
1000	0.293000	1.317632	1000	0.293000	0.293000	0.291201	
1000	0.306000	1.317632	1000	0.306000	0.306000	0.291231	
1000	0.293000	1.317632	1000	0.293000	0.293000	0.291234	
1000	0.303000	1.317632	1000	0.303000	0.303000	0.291258	
1000	0.294000	1.317632	1000	0.294000	0.294000	0.291263	
1000	0.318000	1.317632	1000	0.318000	0.318000	0.291316	
1000	0.299000	1.317632	1000	0.299000	0.299000	0.291331	
1000	0.311000	1.317632	1000	0.311000	0.311000	0.291370	
1000	0.314000	1.317632	1000	0.314000	0.314000	0.291415	
1000	0.304000	1.317632	1000	0.304000	0.304000	0.291440	
1000	0.264000	1.317632	1000	0.264000	0.264000	0.291386	
1000	0.328000	1.317632	1000	0.328000	0.328000	0.291457	
1000	0.280000	1.317632	1000	0.280000	0.280000	0.291435	
1000	0.240000	1.317632	1000	0.240000	0.240000	0.291335	
1000	0.326000	1.317632	1000	0.326000	0.326000	0.291402	
1000	0.321000	1.317632	1000	0.321000	0.321000	0.291460	
1000	0.309000	1.317632	1000	0.309000	0.309000	0.291494	
1000	0.305000	1.317632	1000	0.305000	0.305000	0.291520	
1000	0.345000	1.317632	1000	0.345000	0.345000	0.291623	
1000	0.324000	1.317632	1000	0.324000	0.324000	0.291685	
1000	0.294000	1.317632	1000	0.294000	0.294000	0.291690	
1000	0.311000	1.317632	1000	0.311000	0.311000	0.291727	
1000	0.323000	1.317632	1000	0.323000	0.323000	0.291787	
1000	0.296000	1.317632	1000	0.296000	0.296000	0.291795	
1000	0.317000	1.317632	1000	0.317000	0.317000	0.291843	
1000	0.304000	1.317632	1000	0.304000	0.304000	0.291866	
1000	0.292000	1.317632	1000	0.292000	0.292000	0.291866	
1000	0.325000	1.317632	1000	0.325000	0.325000	0.291929	
1000	0.311000	1.317632	1000	0.311000	0.311000	0.291965	
1000	0.257000	1.317632	1000	0.257000	0.257000	0.291899	
1000	0.308000	1.317632	1000	0.308000	0.308000	0.291930	
1000	0.290000	1.317632	1000	0.290000	0.290000	0.291926	
1000	0.275000	1.317632	1000	0.275000	0.275000	0.291894	
1000	0.266000	1.317632	1000	0.266000	0.266000	0.291846	
1000	0.306000	1.317632	1000	0.306000	0.306000	0.291872	
1000	0.323000	1.317632	1000	0.323000	0.323000	0.291930	
1000	0.303000	1.317632	1000	0.303000	0.303000	0.291951	
1000	0.289000	1.317632	1000	0.289000	0.289000	0.291945	
1000	0.279000	1.317632	1000	0.279000	0.279000	0.291921	
1000	0.295000	1.317632	1000	0.295000	0.295000	0.291927	
1000	0.251000	1.317632	1000	0.251000	0.251000	0.291851	
1000	0.302000	1.317632	1000	0.302000	0.302000	0.291870	
1000	0.326000	1.317632	1000	0.326000	0.326000	0.291933	
1000	0.279000	1.317632	1000	0.279000	0.279000	0.291909	
1000	0.318000	1.317632	1000	0.318000	0.318000	0.291957	
1000	0.340000	1.317632	1000	0.340000	0.340000	0.292045	
1000	0.246000	1.317632	1000	0.246000	0.246000	0.291961	
1000	0.303000	1.317632	1000	0.303000	0.303000	0.291981	
1000	0.271000	1.317632	1000	0.271000	0.271000	0.291943	
1000	0.291000	1.317632	1000	0.291000	0.291000	0.291941	
1000	0.301000	1.317632	1000	0.301000	0.301000	0.291958	
1000	0.277000	1.317632	1000	0.277000	0.277000	0.291931	
1000	0.311000	1.317632	1000	0.311000	0.311000	0.291965	
1000	0.277000	1.317632	1000	0.277000	0.277000	0.291938	
1000	0.287000	1.317632	1000	0.287000	0.287000	0.291929	
1000	0.289000	1.317632	1000	0.289000	0.289000	0.291924	
1000	0.246000	1.317632	1000	0.246000	0.246000	0.291841	
1000	0.227000	1.317632	1000	0.227000	0.227000	0.291725	
1000	0.231000	1.317632	1000	0.231000	0.231000	0.291616	
1000	0.218000	1.317632	1000	0.218000	0.218000	0.291484	
1000	0.285000	1.317632	1000	0.285000	0.285000	0.291473	
1000	0.297000	1.317632	1000	0.297000	0.297000	0.291483	
1000	0.320000	1.317632	1000	0.320000	0.320000	0.291533	
1000	0.299000	1.317632	1000	0.299000	0.299000	0.291547	
1000	0.316000	1.317632	1000	0.316000	0.316000	0.291590	
1000	0.291000	1.317632	1000	0.291000	0.291000	0.291589	
1000	0.281000	1.317632	1000	0.281000	0.281000	0.291570	
1000	0.283000	1.317632	1000	0.283000	0.283000	0.291555	
1000	0.284000	1.317632	1000	0.284000	0.284000	0.291542	
1000	0.288000	1.317632	1000	0.288000	0.288000	0.291536	
1000	0.298000	1.317632	1000	0.298000	0.298000	0.291547	
1000	0.309000	1.317632	1000	0.309000	0.309000	0.291577	
1000	0.293000	1.317632	1000	0.293000	0.293000	0.291580	
1000	0.298000	1.317632	1000	0.298000	0.298000	0.291591	
1000	0.307000	1.317632	1000	0.307000	0.307000	0.291618	
1000	0.266000	1.317632	1000	0.266000	0.266000	0.291573	
1000	0.252000	1.317632	1000	0.252000	0.252000	0.291505	
1000	0.244000	1.317632	1000	0.244000	0.244000	0.291422	
1000	0.223000	1.317632	1000	0.223000	0.223000	0.291304	
1000	0.322000	1.317632	1000	0.322000	0.322000	0.291357	
1000	0.308000	1.317632	1000	0.308000	0.308000	0.291386	
1000	0.291000	1.317632	1000	0.291000	0.291000	0.291385	
1000	0.311000	1.317632	1000	0.311000	0.311000	0.291419	
1000	0.287000	1.317632	1000	0.287000	0.287000	0.291411	
1000	0.323000	1.317632	1000	0.323000	0.323000	0.291465	
1000	0.289000	1.317632	1000	0.289000	0.289000	0.291461	
1000	0.306000	1.317632	1000	0.306000	0.306000	0.291486	
1000	0.328000	1.317632	1000	0.328000	0.328000	0.291548	
1000	0.315000	1.317632	1000	0.315000	0.315000	0.291588	
1000	0.276000	1.317632	1000	0.276000	0.276000	0.291561	
1000	0.284000	1.317632	1000	0.284000	0.284000	0.291549	
1000	0.290000	1.317632	1000	0.290000	0.290000	0.291546	
1000	0.338000	1.317632	1000	0.338000	0.338000	0.291625	
1000	0.320000	1.317632	1000	0.320000	0.320000	0.291672	
1000	0.265000	1.317632	1000	0.265000	0.265000	0.291627	
1000	0.222000	1.317632	1000	0.222000	0.222000	0.291510	
1000	0.232000	1.317632	1000	0.232000	0.232000	0.291411	
1000	0.208000	1.317632	1000	0.208000	0.208000	0.291271	
1000	0.258000	1.317632	1000	0.258000	0.258000	0.291215	
1000	0.244000	1.317632	1000	0.244000	0.244000	0.291136	
1000	0.261000	1.317632	1000	0.261000	0.261000	0.291086	
1000	0.295000	1.317632	1000	0.295000	0.295000	0.291093	
1000	0.287000	1.317632	1000	0.287000	0.287000	0.291086	
1000	0.317000	1.317632	1000	0.317000	0.317000	0.291129	
1000	0.321000	1.317632	1000	0.321000	0.321000	0.291178	
1000	0.285000	1.317632	1000	0.285000	0.285000	0.291168	
1000	0.282000	1.317632	1000	0.282000	0.282000	0.291153	
1000	0.280000	1.317632	1000	0.280000	0.280000	0.291135	
1000	0.295000	1.317632	1000	0.295000	0.295000	0.291141	
1000	0.281000	1.317632	1000	0.281000	0.281000	0.291124	
1000	0.321000	1.317632	1000	0.321000	0.321000	0.291173	
1000	0.296000	1.317632	1000	0.296000	0.296000	0.291181	
1000	0.288000	1.317632	1000	0.288000	0.288000	0.291176	
1000	0.292000	1.317632	1000	0.292000	0.292000	0.291177	
1000	0.312000	1.317632	1000	0.312000	0.312000	0.291211	
1000	0.311000	1.317632	1000	0.311000	0.311000	0.291243	
1000	0.306000	1.317632	1000	0.306000	0.306000	0.291267	
1000	0.341000	1.317632	1000	0.341000	0.341000	0.291348	
1000	0.280000	1.317632	1000	0.280000	0.280000	0.291330	
1000	0.324000	1.317632	1000	0.324000	0.324000	0.291382	
1000	0.299000	1.317632	1000	0.299000	0.299000	0.291395	
1000	0.313000	1.317632	1000	0.313000	0.313000	0.291429	
1000	0.314000	1.317632	1000	0.314000	0.314000	0.291466	
1000	0.284000	1.317632	1000	0.284000	0.284000	0.291454	
1000	0.302000	1.317632	1000	0.302000	0.302000	0.291471	
1000	0.277000	1.317632	1000	0.277000	0.277000	0.291448	
1000	0.303000	1.317632	1000	0.303000	0.303000	0.291466	
1000	0.258000	1.317632	1000	0.258000	0.258000	0.291413	
1000	0.301000	1.317632	1000	0.301000	0.301000	0.291428	
1000	0.295000	1.317632	1000	0.295000	0.295000	0.291434	
1000	0.297000	1.317632	1000	0.297000	0.297000	0.291442	
1000	0.289000	1.317632	1000	0.289000	0.289000	0.291439	
1000	0.303000	1.317632	1000	0.303000	0.303000	0.291457	
1000	0.285000	1.317632	1000	0.285000	0.285000	0.291447	
1000	0.313000	1.317632	1000	0.313000	0.313000	0.291481	
1000	0.293000	1.317632	1000	0.293000	0.293000	0.291483	
1000	0.302000	1.317632	1000	0.302000	0.302000	0.291500	
1000	0.322000	1.317632	1000	0.322000	0.322000	0.291547	
1000	0.274000	1.317632	1000	0.274000	0.274000	0.291520	
1000	0.273000	1.317632	1000	0.273000	0.273000	0.291491	
1000	0.248000	1.317632	1000	0.248000	0.248000	0.291423	
1000	0.236000	1.317632	1000	0.236000	0.236000	0.291337	
1000	0.296000	1.317632	1000	0.296000	0.296000	0.291344	
1000	0.269000	1.317632	1000	0.269000	0.269000	0.291309	
1000	0.288000	1.317632	1000	0.288000	0.288000	0.291304	
1000	0.301000	1.317632	1000	0.301000	0.301000	0.291319	
1000	0.312000	1.317632	1000	0.312000	0.312000	0.291351	
1000	0.294000	1.317632	1000	0.294000	0.294000	0.291355	
1000	0.320000	1.317632	1000	0.320000	0.320000	0.291399	
1000	0.289000	1.317632	1000	0.289000	0.289000	0.291396	
1000	0.296000	1.317632	1000	0.296000	0.296000	0.291403	
1000	0.300000	1.317632	1000	0.300000	0.300000	0.291416	
1000	0.307000	1.317632	1000	0.307000	0.307000	0.291440	
1000	0.308000	1.317632	1000	0.308000	0.308000	0.291465	
1000	0.231000	1.317632	1000	0.231000	0.231000	0.291373	
1000	0.290000	1.317632	1000	0.290000	0.290000	0.291371	
1000	0.307000	1.317632	1000	0.307000	0.307000	0.291394	
1000	0.333000	1.317632	1000	0.333000	0.333000	0.291458	
1000	0.253000	1.317632	1000	0.253000	0.253000	0.291399	
1000	0.282000	1.317632	1000	0.282000	0.282000	0.291385	
1000	0.283000	1.317632	1000	0.283000	0.283000	0.291372	
1000	0.334000	1.317632	1000	0.334000	0.334000	0.291437	
1000	0.281000	1.317632	1000	0.281000	0.281000	0.291421	
1000	0.333000	1.317632	1000	0.333000	0.333000	0.291484	
1000	0.238000	1.317632	1000	0.238000	0.238000	0.291403	
1000	0.249000	1.317632	1000	0.249000	0.249000	0.291339	
1000	0.216000	1.317632	1000	0.216000	0.216000	0.291226	
1000	0.245000	1.317632	1000	0.245000	0.245000	0.291157	
1000	0.255000	1.317632	1000	0.255000	0.255000	0.291103	
1000	0.316000	1.317632	1000	0.316000	0.316000	0.291140	
1000	0.287000	1.317632	1000	0.287000	0.287000	0.291134	
1000	0.285000	1.317632	1000	0.285000	0.285000	0.291125	
1000	0.306000	1.317632	1000	0.306000	0.306000	0.291147	
1000	0.341000	1.317632	1000	0.341000	0.341000	0.291221	
1000	0.311000	1.317632	1000	0.311000	0.311000	0.291250	
1000	0.337000	1.317632	1000	0.337000	0.337000	0.291318	
1000	0.282000	1.317632	1000	0.282000	0.282000	0.291304	
1000	0.278000	1.317632	1000	0.278000	0.278000	0.291285	
1000	0.292000	1.317632	1000	0.292000	0.292000	0.291286	
1000	0.284000	1.317632	1000	0.284000	0.284000	0.291275	
1000	0.331000	1.317632	1000	0.331000	0.331000	0.291333	
1000	0.293000	1.317632	1000	0.293000	0.293000	0.291336	
1000	0.278000	1.317632	1000	0.278000	0.278000	0.291316	
1000	0.269000	1.317632	1000	0.269000	0.269000	0.291284	
1000	0.285000	1.317632	1000	0.285000	0.285000	0.291274	
1000	0.314000	1.317632	1000	0.314000	0.314000	0.291308	
1000	0.282000	1.317632	1000	0.282000	0.282000	0.291294	
1000	0.335000	1.317632	1000	0.335000	0.335000	0.291358	
1000	0.304000	1.317632	1000	0.304000	0.304000	0.291376	
1000	0.297000	1.317632	1000	0.297000	0.297000	0.291384	
1000	0.297000	1.317632	1000	0.297000	0.297000	0.291392	
1000	0.283000	1.317632	1000	0.283000	0.283000	0.291380	
1000	0.282000	1.317632	1000	0.282000	0.282000	0.291367	
1000	0.329000	1.317632	1000	0.329000	0.329000	0.291421	
1000	0.276000	1.317632	1000	0.276000	0.276000	0.291399	
1000	0.314000	1.317632	1000	0.314000	0.314000	0.291431	
1000	0.302000	1.317632	1000	0.302000	0.302000	0.291446	
1000	0.294000	1.317632	1000	0.294000	0.294000	0.291450	
1000	0.316000	1.317632	1000	0.316000	0.316000	0.291485	
1000	0.300000	1.317632	1000	0.300000	0.300000	0.291497	
1000	0.293000	1.317632	1000	0.293000	0.293000	0.291500	
1000	0.224000	1.317632	1000	0.224000	0.224000	0.291403	
1000	0.281000	1.317632	1000	0.281000	0.281000	0.291388	
1000	0.297000	1.317632	1000	0.297000	0.297000	0.291396	
1000	0.307000	1.317632	1000	0.307000	0.307000	0.291419	
1000	0.313000	1.317632	1000	0.313000	0.313000	0.291449	
1000	0.317000	1.317632	1000	0.317000	0.317000	0.291485	
1000	0.279000	1.317632	1000	0.279000	0.279000	0.291468	
1000	0.303000	1.317632	1000	0.303000	0.303000	0.291484	
1000	0.268000	1.317632	1000	0.268000	0.268000	0.291451	
1000	0.310000	1.317632	1000	0.310000	0.310000	0.291477	
1000	0.272000	1.317632	1000	0.272000	0.272000	0.291450	
1000	0.322000	1.317632	1000	0.322000	0.322000	0.291493	
1000	0.307000	1.317632	1000	0.307000	0.307000	0.291514	
1000	0.247000	1.317632	1000	0.247000	0.247000	0.291452	
1000	0.294000	1.317632	1000	0.294000	0.294000	0.291456	
1000	0.282000	1.317632	1000	0.282000	0.282000	0.291442	
1000	0.274000	1.317632	1000	0.274000	0.274000	0.291418	
1000	0.298000	1.317632	1000	0.298000	0.298000	0.291427	
1000	0.288000	1.317632	1000	0.288000	0.288000	0.291422	
1000	0.322000	1.317632	1000	0.322000	0.322000	0.291465	
1000	0.323000	1.317632	1000	0.323000	0.323000	0.291509	
1000	0.310000	1.317632	1000	0.310000	0.310000	0.291534	
1000	0.268000	1.317632	1000	0.268000	0.268000	0.291502	
1000	0.267000	1.317632	1000	0.267000	0.267000	0.291468	
1000	0.262000	1.317632	1000	0.262000	0.262000	0.291427	
1000	0.318000	1.317632	1000	0.318000	0.318000	0.291464	
1000	0.321000	1.317632	1000	0.321000	0.321000	0.291504	
1000	0.295000	1.317632	1000	0.295000	0.295000	0.291509	
1000	0.302000	1.317632	1000	0.302000	0.302000	0.291524	
1000	0.286000	1.317632	1000	0.286000	0.286000	0.291516	
1000	0.316000	1.317632	1000	0.316000	0.316000	0.291550	
1000	0.296000	1.317632	1000	0.296000	0.296000	0.291556	
1000	0.307000	1.317632	1000	0.307000	0.307000	0.291577	
1000	0.280000	1.317632	1000	0.280000	0.280000	0.291561	
1000	0.298000	1.317632	1000	0.298000	0.298000	0.291570	
1000	0.269000	1.317632	1000	0.269000	0.269000	0.291539	
1000	0.289000	1.317632	1000	0.289000	0.289000	0.291536	
1000	0.285000	1.317632	1000	0.285000	0.285000	0.291527	
1000	0.254000	1.317632	1000	0.254000	0.254000	0.291476	
1000	0.234000	1.317632	1000	0.234000	0.234000	0.291398	
1000	0.285000	1.317632	1000	0.285000	0.285000	0.291390	
1000	0.280000	1.317632	1000	0.280000	0.280000	0.291374	
1000	0.267000	1.317632	1000	0.267000	0.267000	0.291341	
1000	0.300000	1.317632	1000	0.300000	0.300000	0.291353	
1000	0.278000	1.317632	1000	0.278000	0.278000	0.291335	
1000	0.309000	1.317632	1000	0.309000	0.309000	0.291359	
1000	0.350000	1.317632	1000	0.350000	0.350000	0.291437	
1000	0.279000	1.317632	1000	0.279000	0.279000	0.291421	
1000	0.324000	1.317632	1000	0.324000	0.324000	0.291464	
1000	0.315000	1.317632	1000	0.315000	0.315000	0.291496	
1000	0.322000	1.317632	1000	0.322000	0.322000	0.291536	
1000	0.271000	1.317632	1000	0.271000	0.271000	0.291509	
1000	0.314000	1.317632	1000	0.314000	0.314000	0.291539	
1000	0.273000	1.317632	1000	0.273000	0.273000	0.291514	
1000	0.283000	1.317632	1000	0.283000	0.283000	0.291503	
1000	0.321000	1.317632	1000	0.321000	0.321000	0.291542	
1000	0.287000	1.317632	1000	0.287000	0.287000	0.291536	
1000	0.299000	1.317632	1000	0.299000	0.299000	0.291546	
1000	0.302000	1.317632	1000	0.302000	0.302000	0.291560	
1000	0.302000	1.317632	1000	0.302000	0.302000	0.291573	
1000	0.332000	1.317632	1000	0.332000	0.332000	0.291626	
1000	0.292000	1.317632	1000	0.292000	0.292000	0.291627	
1000	0.289000	1.317632	1000	0.289000	0.289000	0.291623	
1000	0.332000	1.317632	1000	0.332000	0.332000	0.291676	
1000	0.306000	1.317632	1000	0.306000	0.306000	0.291695	
1000	0.282000	1.317632	1000	0.282000	0.282000	0.291682	
1000	0.288000	1.317632	1000	0.288000	0.288000	0.291678	
1000	0.285000	1.317632	1000	0.285000	0.285000	0.291669	
1000	0.307000	1.317632	1000	0.307000	0.307000	0.291689	
1000	0.317000	1.317632	1000	0.317000	0.317000	0.291722	
1000	0.272000	1.317632	1000	0.272000	0.272000	0.291696	
1000	0.306000	1.317632	1000	0.306000	0.306000	0.291715	
1000	0.249000	1.317632	1000	0.249000	0.249000	0.291659	
1000	0.224000	1.317632	1000	0.224000	0.224000	0.291572	
1000	0.284000	1.317632	1000	0.284000	0.284000	0.291562	
1000	0.301000	1.317632	1000	0.301000	0.301000	0.291574	
1000	0.324000	1.317632	1000	0.324000	0.324000	0.291616	
1000	0.321000	1.317632	1000	0.321000	0.321000	0.291654	
1000	0.327000	1.317632	1000	0.327000	0.327000	0.291699	
1000	0.301000	1.317632	1000	0.301000	0.301000	0.291711	
1000	0.287000	1.317632	1000	0.287000	0.287000	0.291705	
1000	0.291000	1.317632	1000	0.291000	0.291000	0.291704	
1000	0.221000	1.317632	1000	0.221000	0.221000	0.291614	
1000	0.307000	1.317632	1000	0.307000	0.307000	0.291634	
1000	0.302000	1.317632	1000	0.302000	0.302000	0.291647	
1000	0.214000	1.317632	1000	0.214000	0.214000	0.291548	
1000	0.225000	1.317632	1000	0.225000	0.225000	0.291463	
1000	0.338000	1.317632	1000	0.338000	0.338000	0.291522	
1000	0.273000	1.317632	1000	0.273000	0.273000	0.291499	
1000	0.301000	1.317632	1000	0.301000	0.301000	0.291511	
1000	0.315000	1.317632	1000	0.315000	0.315000	0.291541	
1000	0.311000	1.317632	1000	0.311000	0.311000	0.291565	
1000	0.315000	1.317632	1000	0.315000	0.315000	0.291595	
1000	0.313000	1.317632	1000	0.313000	0.313000	0.291622	
1000	0.290000	1.317632	1000	0.290000	0.290000	0.291620	
1000	0.288000	1.317632	1000	0.288000	0.288000	0.291615	
1000	0.330000	1.317632	1000	0.330000	0.330000	0.291663	
1000	0.313000	1.317632	1000	0.313000	0.313000	0.291690	
1000	0.320000	1.317632	1000	0.320000	0.320000	0.291726	
1000	0.309000	1.317632	1000	0.309000	0.309000	0.291747	
1000	0.302000	1.317632	1000	0.302000	0.302000	0.291760	
1000	0.290000	1.317632	1000	0.290000	0.290000	0.291758	
1000	0.281000	1.317632	1000	0.281000	0.281000	0.291744	
1000	0.241000	1.317632	1000	0.241000	0.241000	0.291681	
1000	0.288000	1.317632	1000	0.288000	0.288000	0.291677	
1000	0.282000	1.317632	1000	0.282000	0.282000	0.291665	
1000	0.340000	1.317632	1000	0.340000	0.340000	0.291725	
1000	0.317000	1.317632	1000	0.317000	0.317000	0.291756	
1000	0.284000	1.317632	1000	0.284000	0.284000	0.291746	
1000	0.348000	1.317632	1000	0.348000	0.348000	0.291816	
1000	0.320000	1.317632	1000	0.320000	0.320000	0.291850	
1000	0.300000	1.317632	1000	0.300000	0.300000	0.291860	
1000	0.328000	1.317632	1000	0.328000	0.328000	0.291905	
1000	0.320000	1.317632	1000	0.320000	0.320000	0.291939	
1000	0.305000	1.317632	1000	0.305000	0.305000	0.291955	
1000	0.302000	1.317632	1000	0.302000	0.302000	0.291968	
1000	0.340000	1.317632	1000	0.340000	0.340000	0.292027	
1000	0.230000	1.317632	1000	0.230000	0.230000	0.291951	
1000	0.252000	1.317632	1000	0.252000	0.252000	0.291902	
1000	0.297000	1.317632	1000	0.297000	0.297000	0.291908	
1000	0.304000	1.317632	1000	0.304000	0.304000	0.291923	
1000	0.281000	1.317632	1000	0.281000	0.281000	0.291910	
1000	0.323000	1.317632	1000	0.323000	0.323000	0.291947	
1000	0.292000	1.317632	1000	0.292000	0.292000	0.291947	
1000	0.244000	1.317632	1000	0.244000	0.244000	0.291889	
1000	0.339000	1.317632	1000	0.339000	0.339000	0.291946	
1000	0.293000	1.317632	1000	0.293000	0.293000	0.291948	
1000	0.306000	1.317632	1000	0.306000	0.306000	0.291965	
1000	0.299000	1.317632	1000	0.299000	0.299000	0.291973	
1000	0.312000	1.317632	1000	0.312000	0.312000	0.291997	
1000	0.225000	1.317632	1000	0.225000	0.225000	0.291917	
1000	0.281000	1.317632	1000	0.281000	0.281000	0.291903	
1000	0.320000	1.317632	1000	0.320000	0.320000	0.291937	
1000	0.315000	1.317632	1000	0.315000	0.315000	0.291965	
1000	0.282000	1.317632	1000	0.282000	0.282000	0.291953	
1000	0.312000	1.317632	1000	0.312000	0.312000	0.291977	
1000	0.292000	1.317632	1000	0.292000	0.292000	0.291977	
1000	0.284000	1.317632	1000	0.284000	0.284000	0.291967	
1000	0.302000	1.317632	1000	0.302000	0.302000	0.291979	
1000	0.277000	1.317632	1000	0.277000	0.277000	0.291962	
1000	0.293000	1.317632	1000	0.293000	0.293000	0.291963	
1000	0.295000	1.317632	1000	0.295000	0.295000	0.291966	
1000	0.303000	1.317632	1000	0.303000	0.303000	0.291979	
1000	0.315000	1.317632	1000	0.315000	0.315000	0.292007	
1000	0.270000	1.317632	1000	0.270000	0.270000	0.291981	
1000	0.211000	1.317632	1000	0.211000	0.211000	0.291885	
1000	0.234000	1.317632	1000	0.234000	0.234000	0.291817	
1000	0.278000	1.317632	1000	0.278000	0.278000	0.291800	
1000	0.310000	1.317632	1000	0.310000	0.310000	0.291822	
1000	0.308000	1.317632	1000	0.308000	0.308000	0.291841	
1000	0.289000	1.317632	1000	0.289000	0.289000	0.291837	
1000	0.223000	1.317632	1000	0.223000	0.223000	0.291757	
1000	0.216000	1.317632	1000	0.216000	0.216000	0.291668	
1000	0.261000	1.317632	1000	0.261000	0.261000	0.291632	
1000	0.307000	1.317632	1000	0.307000	0.307000	0.291650	
1000	0.303000	1.317632	1000	0.303000	0.303000	0.291663	
1000	0.317000	1.317632	1000	0.317000	0.317000	0.291693	
1000	0.292000	1.317632	1000	0.292000	0.292000	0.291693	
1000	0.289000	1.317632	1000	0.289000	0.289000	0.291690	
1000	0.278000	1.317632	1000	0.278000	0.278000	0.291674	
1000	0.297000	1.317632	1000	0.297000	0.297000	0.291680	
1000	0.307000	1.317632	1000	0.307000	0.307000	0.291698	
1000	0.297000	1.317632	1000	0.297000	0.297000	0.291704	
1000	0.322000	1.317632	1000	0.322000	0.322000	0.291739	
1000	0.276000	1.317632	1000	0.276000	0.276000	0.291721	
1000	0.227000	1.317632	1000	0.227000	0.227000	0.291646	
1000	0.320000	1.317632	1000	0.320000	0.320000	0.291679	
1000	0.310000	1.317632	1000	0.310000	0.310000	0.291700	
1000	0.299000	1.317632	1000	0.299000	0.299000	0.291709	
1000	0.305000	1.317632	1000	0.305000	0.305000	0.291724	
1000	0.317000	1.317632	1000	0.317000	0.317000	0.291753	
1000	0.301000	1.317632	1000	0.301000	0.301000	0.291763	
1000	0.293000	1.317632	1000	0.293000	0.293000	0.291765	
1000	0.277000	1.317632	1000	0.277000	0.277000	0.291748	
1000	0.308000	1.317632	1000	0.308000	0.308000	0.291767	
1000	0.265000	1.317632	1000	0.265000	0.265000	0.291736	
1000	0.256000	1.317632	1000	0.256000	0.256000	0.291695	
1000	0.258000	1.317632	1000	0.258000	0.258000	0.291657	
1000	0.240000	1.317632	1000	0.240000	0.240000	0.291598	
1000	0.294000	1.317632	1000	0.294000	0.294000	0.291601	
1000	0.294000	1.317632	1000	0.294000	0.294000	0.291604	
1000	0.290000	1.317632	1000	0.290000	0.290000	0.291602	
1000	0.313000	1.317632	1000	0.313000	0.313000	0.291626	
1000	0.277000	1.317632	1000	0.277000	0.277000	0.291609	
1000	0.310000	1.317632	1000	0.310000	0.310000	0.291630	
1000	0.309000	1.317632	1000	0.309000	0.309000	0.291650	
1000	0.283000	1.317632	1000	0.283000	0.283000	0.291640	
1000	0.290000	1.317632	1000	0.290000	0.290000	0.291638	
1000	0.294000	1.317632	1000	0.294000	0.294000	0.291641	
1000	0.278000	1.317632	1000	0.278000	0.278000	0.291626	
1000	0.328000	1.317632	1000	0.328000	0.328000	0.291666	
1000	0.310000	1.317632	1000	0.310000	0.310000	0.291687	
1000	0.302000	1.317632	1000	0.302000	0.302000	0.291698	
1000	0.267000	1.317632	1000	0.267000	0.267000	0.291671	
1000	0.302000	1.317632	1000	0.302000	0.302000	0.291682	
1000	0.281000	1.317632	1000	0.281000	0.281000	0.291670	
1000	0.303000	1.317632	1000	0.303000	0.303000	0.291683	
1000	0.293000	1.317632	1000	0.293000	0.293000	0.291685	
1000	0.300000	1.317632	1000	0.300000	0.300000	0.291694	
1000	0.314000	1.317632	1000	0.314000	0.314000	0.291719	
1000	0.327000	1.317632	1000	0.327000	0.327000	0.291758	
1000	0.298000	1.317632	1000	0.298000	0.298000	0.291765	
1000	0.249000	1.317632	1000	0.249000	0.249000	0.291717	
1000	0.303000	1.317632	1000	0.303000	0.303000	0.291730	
1000	0.299000	1.317632	1000	0.299000	0.299000	0.291738	
1000	0.338000	1.317632	1000	0.338000	0.338000	0.291789	
1000	0.294000	1.317632	1000	0.294000	0.294000	0.291791	
1000	0.268000	1.317632	1000	0.268000	0.268000	0.291765	
1000	0.293000	1.317632	1000	0.293000	0.293000	0.291766	
1000	0.236000	1.317632	1000	0.236000	0.236000	0.291705	
1000	0.318000	1.317632	1000	0.318000	0.318000	0.291734	
1000	0.300000	1.317632	1000	0.300000	0.300000	0.291743	
1000	0.344000	1.317632	1000	0.344000	0.344000	0.291800	
1000	0.281000	1.317632	1000	0.281000	0.281000	0.291789	
1000	0.315000	1.317632	1000	0.315000	0.315000	0.291814	
1000	0.296000	1.317632	1000	0.296000	0.296000	0.291818	
1000	0.305000	1.317632	1000	0.305000	0.305000	0.291833	
1000	0.306000	1.317632	1000	0.306000	0.306000	0.291848	
1000	0.301000	1.317632	1000	0.301000	0.301000	0.291858	
1000	0.317000	1.317632	1000	0.317000	0.317000	0.291886	
1000	0.298000	1.317632	1000	0.298000	0.298000	0.291892	
1000	0.315000	1.317632	1000	0.315000	0.315000	0.291917	
1000	0.283000	1.317632	1000	0.283000	0.283000	0.291908	
1000	0.296000	1.317632	1000	0.296000	0.296000	0.291912	
1000	0.292000	1.317632	1000	0.292000	0.292000	0.291912	
1000	0.316000	1.317632	1000	0.316000	0.316000	0.291938	
1000	0.305000	1.317632	1000	0.305000	0.305000	0.291952	
1000	0.309000	1.317632	1000	0.309000	0.309000	0.291971	
1000	0.295000	1.317632	1000	0.295000	0.295000	0.291974	
1000	0.309000	1.317632	1000	0.309000	0.309000	0.291992	
1000	0.315000	1.317632	1000	0.315000	0.315000	0.292017	
1000	0.307000	1.317632	1000	0.307000	0.307000	0.292033	
1000	0.315000	1.317632	1000	0.315000	0.315000	0.292058	
1000	0.326000	1.317632	1000	0.326000	0.326000	0.292094	
1000	0.279000	1.317632	1000	0.279000	0.279000	0.292080	
1000	0.250000	1.317632	1000	0.250000	0.250000	0.292035	
1000	0.315000	1.317632	1000	0.315000	0.315000	0.292059	
1000	0.304000	1.317632	1000	0.304000	0.304000	0.292072	
1000	0.287000	1.317632	1000	0.287000	0.287000	0.292067	
1000	0.294000	1.317632	1000	0.294000	0.294000	0.292069	
1000	0.292000	1.317632	1000	0.292000	0.292000	0.292069	
1000	0.276000	1.317632	1000	0.276000	0.276000	0.292052	
1000	0.270000	1.317632	1000	0.270000	0.270000	0.292028	
1000	0.310000	1.317632	1000	0.310000	0.310000	0.292047	
1000	0.332000	1.317632	1000	0.332000	0.332000	0.292090	
1000	0.318000	1.317632	1000	0.318000	0.318000	0.292117	
1000	0.279000	1.317632	1000	0.279000	0.279000	0.292103	
1000	0.310000	1.317632	1000	0.310000	0.310000	0.292122	
1000	0.293000	1.317632	1000	0.293000	0.293000	0.292123	
1000	0.311000	1.317632	1000	0.311000	0.311000	0.292143	
1000	0.284000	1.317632	1000	0.284000	0.284000	0.292134	
1000	0.293000	1.317632	1000	0.293000	0.293000	0.292135	
1000	0.245000	1.317632	1000	0.245000	0.245000	0.292086	
1000	0.296000	1.317632	1000	0.296000	0.296000	0.292090	
1000	0.287000	1.317632	1000	0.287000	0.287000	0.292085	
1000	0.312000	1.317632	1000	0.312000	0.312000	0.292105	
1000	0.304000	1.317632	1000	0.304000	0.304000	0.292118	
1000	0.320000	1.317632	1000	0.320000	0.320000	0.292147	
1000	0.264000	1.317632	1000	0.264000	0.264000	0.292118	
1000	0.307000	1.317632	1000	0.307000	0.307000	0.292133	
1000	0.264000	1.317632	1000	0.264000	0.264000	0.292104	
1000	0.249000	1.317632	1000	0.249000	0.249000	0.292059	
1000	0.285000	1.317632	1000	0.285000	0.285000	0.292052	
1000	0.289000	1.317632	1000	0.289000	0.289000	0.292048	
1000	0.313000	1.317632	1000	0.313000	0.313000	0.292070	
1000	0.315000	1.317632	1000	0.315000	0.315000	0.292094	
1000	0.256000	1.317632	1000	0.256000	0.256000	0.292057	
1000	0.309000	1.317632	1000	0.309000	0.309000	0.292074	
1000	0.288000	1.317632	1000	0.288000	0.288000	0.292070	
1000	0.308000	1.317632	1000	0.308000	0.308000	0.292086	
1000	0.293000	1.317632	1000	0.293000	0.293000	0.292087	
1000	0.348000	1.317632	1000	0.348000	0.348000	0.292145	
1000	0.328000	1.317632	1000	0.328000	0.328000	0.292182	
1000	0.308000	1.317632	1000	0.308000	0.308000	0.292198	
1000	0.313000	1.317632	1000	0.313000	0.313000	0.292219	
1000	0.262000	1.317632	1000	0.262000	0.262000	0.292188	
1000	0.300000	1.317632	1000	0.300000	0.300000	0.292196	
1000	0.270000	1.317632	1000	0.270000	0.270000	0.292174	
1000	0.316000	1.317632	1000	0.316000	0.316000	0.292198	
1000	0.302000	1.317632	1000	0.302000	0.302000	0.292208	
1000	0.272000	1.317632	1000	0.272000	0.272000	0.292187	
1000	0.303000	1.317632	1000	0.303000	0.303000	0.292198	
1000	0.293000	1.317632	1000	0.293000	0.293000	0.292199	
1000	0.294000	1.317632	1000	0.294000	0.294000	0.292201	
1000	0.303000	1.317632	1000	0.303000	0.303000	0.292212	
1000	0.287000	1.317632	1000	0.287000	0.287000	0.292207	
1000	0.233000	1.317632	1000	0.233000	0.233000	0.292147	
1000	0.236000	1.317632	1000	0.236000	0.236000	0.292090	
1000	0.227000	1.317632	1000	0.227000	0.227000	0.292024	
1000	0.222000	1.317632	1000	0.222000	0.222000	0.291953	
1000	0.280000	1.317632	1000	0.280000	0.280000	0.291941	
1000	0.265000	1.317632	1000	0.265000	0.265000	0.291914	
1000	0.234000	1.317632	1000	0.234000	0.234000	0.291856	
1000	0.229000	1.317632	1000	0.229000	0.229000	0.291792	
1000	0.339000	1.317632	1000	0.339000	0.339000	0.291840	
1000	0.321000	1.317632	1000	0.321000	0.321000	0.291869	
1000	0.322000	1.317632	1000	0.322000	0.322000	0.291899	
1000	0.281000	1.317632	1000	0.281000	0.281000	0.291888	
1000	0.303000	1.317632	1000	0.303000	0.303000	0.291900	
1000	0.314000	1.317632	1000	0.314000	0.314000	0.291922	
1000	0.323000	1.317632	1000	0.323000	0.323000	0.291953	
1000	0.321000	1.317632	1000	0.321000	0.321000	0.291982	
1000	0.281000	1.317632	1000	0.281000	0.281000	0.291971	
1000	0.310000	1.317632	1000	0.310000	0.310000	0.291989	
1000	0.343000	1.317632	1000	0.343000	0.343000	0.292040	
1000	0.312000	1.317632	1000	0.312000	0.312000	0.292059	
1000	0.264000	1.317632	1000	0.264000	0.264000	0.292031	
1000	0.317000	1.317632	1000	0.317000	0.317000	0.292056	
1000	0.326000	1.317632	1000	0.326000	0.326000	0.292090	
1000	0.300000	1.317632	1000	0.300000	0.300000	0.292098	
