Default schedule
Rate	100.00
Rate Tried	% Accepted	Rates - Dev	Rates - Tried	Rates - Accepted	Sample Ave Acceptance	Total Ave Acceptance	
1000	0.201000	1.475637	1000	0.201000	0.201000	0.258613	
1000	0.225000	1.475637	1000	0.225000	0.225000	0.255812	
1000	0.225000	1.475637	1000	0.225000	0.225000	0.253442	
1000	0.210000	1.475637	1000	0.210000	0.210000	0.250339	
1000	0.212000	1.475637	1000	0.212000	0.212000	0.247783	
1000	0.243000	1.475637	1000	0.243000	0.243000	0.247485	
1000	0.200000	1.475637	1000	0.200000	0.200000	0.244691	
1000	0.224000	1.475637	1000	0.224000	0.224000	0.243542	
1000	0.236000	1.475637	1000	0.236000	0.236000	0.243145	
1000	0.230000	1.475637	1000	0.230000	0.230000	0.242488	
1000	0.233000	1.475637	1000	0.233000	0.233000	0.242036	
1000	0.233000	1.475637	1000	0.233000	0.233000	0.241625	
1000	0.228000	1.475637	1000	0.228000	0.228000	0.241033	
1000	0.253000	1.475637	1000	0.253000	0.253000	0.241532	
1000	0.217000	1.475637	1000	0.217000	0.217000	0.240550	
1000	0.221000	1.475637	1000	0.221000	0.221000	0.239798	
1000	0.220000	1.475637	1000	0.220000	0.220000	0.239065	
1000	0.183000	1.475637	1000	0.183000	0.183000	0.237063	
1000	0.429000	0.940437	1000	0.429000	0.429000	0.243681	
1000	0.221000	1.492715	1000	0.221000	0.221000	0.242925	
1000	0.232000	1.492715	1000	0.232000	0.232000	0.242573	
1000	0.203000	1.492715	1000	0.203000	0.203000	0.241336	
1000	0.227000	1.492715	1000	0.227000	0.227000	0.240902	
1000	0.226000	1.492715	1000	0.226000	0.226000	0.240464	
1000	0.205000	1.492715	1000	0.205000	0.205000	0.239450	
1000	0.226000	1.492715	1000	0.226000	0.226000	0.239077	
1000	0.244000	1.492715	1000	0.244000	0.244000	0.239210	
1000	0.243000	1.492715	1000	0.243000	0.243000	0.239309	
1000	0.231000	1.492715	1000	0.231000	0.231000	0.239096	
1000	0.225000	1.492715	1000	0.225000	0.225000	0.238744	
1000	0.218000	1.492715	1000	0.218000	0.218000	0.238238	
1000	0.230000	1.492715	1000	0.230000	0.230000	0.238042	
1000	0.191000	1.492715	1000	0.191000	0.191000	0.236948	
1000	0.363000	1.031918	1000	0.363000	0.363000	0.239813	
1000	0.341000	1.031918	1000	0.341000	0.341000	0.242061	
1000	0.360000	1.031918	1000	0.360000	0.360000	0.244625	
1000	0.397000	1.031918	1000	0.397000	0.397000	0.247867	
1000	0.360000	1.031918	1000	0.360000	0.360000	0.250203	
1000	0.363000	1.031918	1000	0.363000	0.363000	0.252505	
1000	0.376000	1.031918	1000	0.376000	0.376000	0.254975	
1000	0.352000	1.031918	1000	0.352000	0.352000	0.256877	
1000	0.351000	1.031918	1000	0.351000	0.351000	0.258687	
1000	0.332000	1.031918	1000	0.332000	0.332000	0.260071	
1000	0.362000	1.031918	1000	0.362000	0.362000	0.261958	
1000	0.391000	1.031918	1000	0.391000	0.391000	0.264304	
1000	0.346000	1.031918	1000	0.346000	0.346000	0.265763	
1000	0.339000	1.031918	1000	0.339000	0.339000	0.267048	
1000	0.366000	1.031918	1000	0.366000	0.366000	0.268754	
1000	0.360000	1.031918	1000	0.360000	0.360000	0.270301	
1000	0.363000	1.031918	1000	0.363000	0.363000	0.271845	
1000	0.358000	1.031918	1000	0.358000	0.358000	0.273258	
1000	0.374000	1.031918	1000	0.374000	0.374000	0.274883	
1000	0.354000	1.031918	1000	0.354000	0.354000	0.276138	
1000	0.376000	1.031918	1000	0.376000	0.376000	0.277699	
1000	0.360000	1.031918	1000	0.360000	0.360000	0.278965	
1000	0.362000	1.031918	1000	0.362000	0.362000	0.280223	
1000	0.364000	1.031918	1000	0.364000	0.364000	0.281473	
1000	0.349000	1.031918	1000	0.349000	0.349000	0.282466	
1000	0.378000	1.031918	1000	0.378000	0.378000	0.283851	
1000	0.350000	1.031918	1000	0.350000	0.350000	0.284796	
1000	0.379000	1.031918	1000	0.379000	0.379000	0.286123	
1000	0.379000	1.031918	1000	0.379000	0.379000	0.287413	
1000	0.357000	1.031918	1000	0.357000	0.357000	0.288366	
1000	0.357000	1.031918	1000	0.357000	0.357000	0.289293	
1000	0.373000	1.031918	1000	0.373000	0.373000	0.290409	
1000	0.340000	1.031918	1000	0.340000	0.340000	0.291062	
1000	0.358000	1.031918	1000	0.358000	0.358000	0.291931	
1000	0.357000	1.031918	1000	0.357000	0.357000	0.292765	
1000	0.363000	1.031918	1000	0.363000	0.363000	0.293655	
1000	0.361000	1.031918	1000	0.361000	0.361000	0.294496	
1000	0.347000	1.031918	1000	0.347000	0.347000	0.295145	
1000	0.358000	1.031918	1000	0.358000	0.358000	0.295911	
1000	0.346000	1.031918	1000	0.346000	0.346000	0.296514	
1000	0.361000	1.031918	1000	0.361000	0.361000	0.297282	
1000	0.355000	1.031918	1000	0.355000	0.355000	0.297961	
1000	0.342000	1.031918	1000	0.342000	0.342000	0.298473	
1000	0.342000	1.031918	1000	0.342000	0.342000	0.298974	
1000	0.355000	1.031918	1000	0.355000	0.355000	0.299610	
1000	0.357000	1.031918	1000	0.357000	0.357000	0.300255	
1000	0.362000	1.031918	1000	0.362000	0.362000	0.300941	
1000	0.352000	1.031918	1000	0.352000	0.352000	0.301502	
1000	0.378000	1.031918	1000	0.378000	0.378000	0.302334	
1000	0.356000	1.031918	1000	0.356000	0.356000	0.302911	
1000	0.366000	1.031918	1000	0.366000	0.366000	0.303582	
1000	0.326000	1.031918	1000	0.326000	0.326000	0.303818	
1000	0.333000	1.031918	1000	0.333000	0.333000	0.304122	
1000	0.336000	1.031918	1000	0.336000	0.336000	0.304450	
1000	0.366000	1.031918	1000	0.366000	0.366000	0.305079	
1000	0.385000	1.031918	1000	0.385000	0.385000	0.305886	
1000	0.349000	1.031918	1000	0.349000	0.349000	0.306317	
1000	0.376000	1.031918	1000	0.376000	0.376000	0.307007	
1000	0.345000	1.031918	1000	0.345000	0.345000	0.307379	
1000	0.353000	1.031918	1000	0.353000	0.353000	0.307822	
1000	0.347000	1.031918	1000	0.347000	0.347000	0.308199	
1000	0.362000	1.031918	1000	0.362000	0.362000	0.308711	
1000	0.338000	1.031918	1000	0.338000	0.338000	0.308988	
1000	0.335000	1.031918	1000	0.335000	0.335000	0.309231	
1000	0.345000	1.031918	1000	0.345000	0.345000	0.309562	
1000	0.372000	1.031918	1000	0.372000	0.372000	0.310135	
1000	0.381000	1.031918	1000	0.381000	0.381000	0.310779	
1000	0.364000	1.031918	1000	0.364000	0.364000	0.311258	
1000	0.344000	1.031918	1000	0.344000	0.344000	0.311551	
1000	0.387000	1.031918	1000	0.387000	0.387000	0.312218	
1000	0.358000	1.031918	1000	0.358000	0.358000	0.312620	
1000	0.352000	1.031918	1000	0.352000	0.352000	0.312962	
1000	0.365000	1.031918	1000	0.365000	0.365000	0.313411	
1000	0.382000	1.031918	1000	0.382000	0.382000	0.313997	
1000	0.384000	1.031918	1000	0.384000	0.384000	0.314591	
1000	0.388000	1.031918	1000	0.388000	0.388000	0.315207	
1000	0.373000	1.031918	1000	0.373000	0.373000	0.315689	
1000	0.371000	1.031918	1000	0.371000	0.371000	0.316146	
1000	0.347000	1.031918	1000	0.347000	0.347000	0.316399	
1000	0.361000	1.031918	1000	0.361000	0.361000	0.316762	
1000	0.355000	1.031918	1000	0.355000	0.355000	0.317070	
1000	0.373000	1.031918	1000	0.373000	0.373000	0.317517	
1000	0.356000	1.031918	1000	0.356000	0.356000	0.317823	
1000	0.358000	1.031918	1000	0.358000	0.358000	0.318139	
1000	0.382000	1.031918	1000	0.382000	0.382000	0.318638	
1000	0.355000	1.031918	1000	0.355000	0.355000	0.318920	
1000	0.351000	1.031918	1000	0.351000	0.351000	0.319167	
1000	0.351000	1.031918	1000	0.351000	0.351000	0.319410	
1000	0.338000	1.031918	1000	0.338000	0.338000	0.319551	
1000	0.379000	1.031918	1000	0.379000	0.379000	0.319998	
1000	0.376000	1.031918	1000	0.376000	0.376000	0.320416	
1000	0.329000	1.031918	1000	0.329000	0.329000	0.320479	
1000	0.341000	1.031918	1000	0.341000	0.341000	0.320630	
1000	0.355000	1.031918	1000	0.355000	0.355000	0.320881	
1000	0.319000	1.031918	1000	0.319000	0.319000	0.320867	
1000	0.385000	1.031918	1000	0.385000	0.385000	0.321329	
1000	0.371000	1.031918	1000	0.371000	0.371000	0.321683	
1000	0.324000	1.031918	1000	0.324000	0.324000	0.321700	
1000	0.333000	1.031918	1000	0.333000	0.333000	0.321779	
1000	0.375000	1.031918	1000	0.375000	0.375000	0.322152	
1000	0.365000	1.031918	1000	0.365000	0.365000	0.322449	
1000	0.367000	1.031918	1000	0.367000	0.367000	0.322756	
1000	0.389000	1.031918	1000	0.389000	0.389000	0.323210	
1000	0.386000	1.031918	1000	0.386000	0.386000	0.323637	
1000	0.338000	1.031918	1000	0.338000	0.338000	0.323734	
1000	0.375000	1.031918	1000	0.375000	0.375000	0.324078	
1000	0.367000	1.031918	1000	0.367000	0.367000	0.324365	
1000	0.395000	1.031918	1000	0.395000	0.395000	0.324832	
1000	0.359000	1.031918	1000	0.359000	0.359000	0.325057	
1000	0.373000	1.031918	1000	0.373000	0.373000	0.325370	
1000	0.348000	1.031918	1000	0.348000	0.348000	0.325517	
1000	0.319000	1.031918	1000	0.319000	0.319000	0.325475	
1000	0.348000	1.031918	1000	0.348000	0.348000	0.325620	
1000	0.349000	1.031918	1000	0.349000	0.349000	0.325769	
1000	0.337000	1.031918	1000	0.337000	0.337000	0.325840	
1000	0.342000	1.031918	1000	0.342000	0.342000	0.325941	
1000	0.352000	1.031918	1000	0.352000	0.352000	0.326104	
1000	0.355000	1.031918	1000	0.355000	0.355000	0.326284	
1000	0.377000	1.031918	1000	0.377000	0.377000	0.326597	
1000	0.354000	1.031918	1000	0.354000	0.354000	0.326765	
1000	0.378000	1.031918	1000	0.378000	0.378000	0.327077	
1000	0.357000	1.031918	1000	0.357000	0.357000	0.327259	
1000	0.341000	1.031918	1000	0.341000	0.341000	0.327341	
1000	0.411000	1.031918	1000	0.411000	0.411000	0.327842	
1000	0.133000	1.878828	1000	0.133000	0.133000	0.326683	
1000	0.127000	1.854100	1000	0.127000	0.127000	0.325501	
1000	0.174000	1.692176	1000	0.174000	0.174000	0.324610	
1000	0.401000	0.906787	1000	0.401000	0.401000	0.325057	
1000	0.309000	1.173696	1000	0.309000	0.309000	0.324963	
1000	0.305000	1.173696	1000	0.305000	0.305000	0.324848	
1000	0.325000	1.173696	1000	0.325000	0.325000	0.324849	
1000	0.311000	1.173696	1000	0.311000	0.311000	0.324770	
1000	0.314000	1.173696	1000	0.314000	0.314000	0.324708	
1000	0.296000	1.173696	1000	0.296000	0.296000	0.324546	
1000	0.309000	1.173696	1000	0.309000	0.309000	0.324459	
1000	0.321000	1.173696	1000	0.321000	0.321000	0.324440	
1000	0.302000	1.173696	1000	0.302000	0.302000	0.324315	
1000	0.289000	1.173696	1000	0.289000	0.289000	0.324120	
1000	0.305000	1.173696	1000	0.305000	0.305000	0.324015	
1000	0.323000	1.173696	1000	0.323000	0.323000	0.324009	
1000	0.309000	1.173696	1000	0.309000	0.309000	0.323928	
1000	0.354000	1.173696	1000	0.354000	0.354000	0.324090	
1000	0.337000	1.173696	1000	0.337000	0.337000	0.324160	
1000	0.305000	1.173696	1000	0.305000	0.305000	0.324057	
1000	0.340000	1.173696	1000	0.340000	0.340000	0.324142	
1000	0.323000	1.173696	1000	0.323000	0.323000	0.324136	
1000	0.298000	1.173696	1000	0.298000	0.298000	0.323998	
1000	0.297000	1.173696	1000	0.297000	0.297000	0.323857	
1000	0.310000	1.173696	1000	0.310000	0.310000	0.323785	
1000	0.322000	1.173696	1000	0.322000	0.322000	0.323776	
1000	0.310000	1.173696	1000	0.310000	0.310000	0.323705	
1000	0.292000	1.173696	1000	0.292000	0.292000	0.323542	
1000	0.298000	1.173696	1000	0.298000	0.298000	0.323412	
1000	0.343000	1.173696	1000	0.343000	0.343000	0.323511	
1000	0.314000	1.173696	1000	0.314000	0.314000	0.323463	
1000	0.317000	1.173696	1000	0.317000	0.317000	0.323431	
1000	0.292000	1.173696	1000	0.292000	0.292000	0.323273	
1000	0.333000	1.173696	1000	0.333000	0.333000	0.323322	
1000	0.314000	1.173696	1000	0.314000	0.314000	0.323276	
1000	0.311000	1.173696	1000	0.311000	0.311000	0.323215	
1000	0.291000	1.173696	1000	0.291000	0.291000	0.323057	
1000	0.316000	1.173696	1000	0.316000	0.316000	0.323023	
1000	0.289000	1.173696	1000	0.289000	0.289000	0.322858	
1000	0.311000	1.173696	1000	0.311000	0.311000	0.322800	
1000	0.313000	1.173696	1000	0.313000	0.313000	0.322753	
1000	0.319000	1.173696	1000	0.319000	0.319000	0.322735	
1000	0.319000	1.173696	1000	0.319000	0.319000	0.322718	
1000	0.310000	1.173696	1000	0.310000	0.310000	0.322657	
1000	0.309000	1.173696	1000	0.309000	0.309000	0.322593	
1000	0.293000	1.173696	1000	0.293000	0.293000	0.322454	
1000	0.297000	1.173696	1000	0.297000	0.297000	0.322335	
1000	0.310000	1.173696	1000	0.310000	0.310000	0.322278	
1000	0.309000	1.173696	1000	0.309000	0.309000	0.322216	
1000	0.331000	1.173696	1000	0.331000	0.331000	0.322257	
1000	0.316000	1.173696	1000	0.316000	0.316000	0.322228	
1000	0.283000	1.173696	1000	0.283000	0.283000	0.322049	
1000	0.297000	1.173696	1000	0.297000	0.297000	0.321935	
1000	0.278000	1.173696	1000	0.278000	0.278000	0.321736	
1000	0.304000	1.173696	1000	0.304000	0.304000	0.321656	
1000	0.314000	1.173696	1000	0.314000	0.314000	0.321622	
1000	0.281000	1.173696	1000	0.281000	0.281000	0.321441	
1000	0.286000	1.173696	1000	0.286000	0.286000	0.321283	
1000	0.289000	1.173696	1000	0.289000	0.289000	0.321140	
1000	0.275000	1.173696	1000	0.275000	0.275000	0.320937	
1000	0.317000	1.173696	1000	0.317000	0.317000	0.320920	
1000	0.304000	1.173696	1000	0.304000	0.304000	0.320846	
1000	0.317000	1.173696	1000	0.317000	0.317000	0.320829	
1000	0.325000	1.173696	1000	0.325000	0.325000	0.320847	
1000	0.302000	1.173696	1000	0.302000	0.302000	0.320766	
1000	0.290000	1.173696	1000	0.290000	0.290000	0.320634	
1000	0.307000	1.173696	1000	0.307000	0.307000	0.320576	
1000	0.305000	1.173696	1000	0.305000	0.305000	0.320509	
1000	0.317000	1.173696	1000	0.317000	0.317000	0.320494	
1000	0.293000	1.173696	1000	0.293000	0.293000	0.320378	
1000	0.305000	1.173696	1000	0.305000	0.305000	0.320314	
1000	0.298000	1.173696	1000	0.298000	0.298000	0.320220	
1000	0.291000	1.173696	1000	0.291000	0.291000	0.320099	
1000	0.285000	1.173696	1000	0.285000	0.285000	0.319953	
1000	0.298000	1.173696	1000	0.298000	0.298000	0.319862	
1000	0.265000	1.173696	1000	0.265000	0.265000	0.319637	
1000	0.272000	1.173696	1000	0.272000	0.272000	0.319441	
1000	0.303000	1.173696	1000	0.303000	0.303000	0.319374	
1000	0.309000	1.173696	1000	0.309000	0.309000	0.319332	
1000	0.307000	1.173696	1000	0.307000	0.307000	0.319282	
1000	0.313000	1.173696	1000	0.313000	0.313000	0.319257	
1000	0.287000	1.173696	1000	0.287000	0.287000	0.319127	
1000	0.291000	1.173696	1000	0.291000	0.291000	0.319015	
1000	0.323000	1.173696	1000	0.323000	0.323000	0.319031	
1000	0.299000	1.173696	1000	0.299000	0.299000	0.318951	
1000	0.306000	1.173696	1000	0.306000	0.306000	0.318900	
1000	0.283000	1.173696	1000	0.283000	0.283000	0.318759	
1000	0.295000	1.173696	1000	0.295000	0.295000	0.318665	
1000	0.302000	1.173696	1000	0.302000	0.302000	0.318600	
1000	0.294000	1.173696	1000	0.294000	0.294000	0.318505	
1000	0.281000	1.173696	1000	0.281000	0.281000	0.318359	
1000	0.299000	1.173696	1000	0.299000	0.299000	0.318284	
1000	0.313000	1.173696	1000	0.313000	0.313000	0.318264	
1000	0.301000	1.173696	1000	0.301000	0.301000	0.318198	
1000	0.297000	1.173696	1000	0.297000	0.297000	0.318117	
1000	0.309000	1.173696	1000	0.309000	0.309000	0.318082	
1000	0.299000	1.173696	1000	0.299000	0.299000	0.318010	
1000	0.306000	1.173696	1000	0.306000	0.306000	0.317965	
1000	0.326000	1.173696	1000	0.326000	0.326000	0.317995	
1000	0.311000	1.173696	1000	0.311000	0.311000	0.317969	
1000	0.328000	1.173696	1000	0.328000	0.328000	0.318006	
1000	0.312000	1.173696	1000	0.312000	0.312000	0.317984	
1000	0.331000	1.173696	1000	0.331000	0.331000	0.318032	
1000	0.291000	1.173696	1000	0.291000	0.291000	0.317932	
1000	0.320000	1.173696	1000	0.320000	0.320000	0.317940	
1000	0.334000	1.173696	1000	0.334000	0.334000	0.317999	
1000	0.298000	1.173696	1000	0.298000	0.298000	0.317926	
1000	0.317000	1.173696	1000	0.317000	0.317000	0.317922	
1000	0.316000	1.173696	1000	0.316000	0.316000	0.317916	
1000	0.302000	1.173696	1000	0.302000	0.302000	0.317858	
1000	0.331000	1.173696	1000	0.331000	0.331000	0.317905	
1000	0.307000	1.173696	1000	0.307000	0.307000	0.317866	
1000	0.299000	1.173696	1000	0.299000	0.299000	0.317799	
1000	0.339000	1.173696	1000	0.339000	0.339000	0.317874	
1000	0.312000	1.173696	1000	0.312000	0.312000	0.317853	
1000	0.293000	1.173696	1000	0.293000	0.293000	0.317766	
1000	0.319000	1.173696	1000	0.319000	0.319000	0.317770	
1000	0.302000	1.173696	1000	0.302000	0.302000	0.317715	
1000	0.344000	1.173696	1000	0.344000	0.344000	0.317807	
1000	0.336000	1.173696	1000	0.336000	0.336000	0.317870	
1000	0.309000	1.173696	1000	0.309000	0.309000	0.317839	
1000	0.313000	1.173696	1000	0.313000	0.313000	0.317822	
1000	0.316000	1.173696	1000	0.316000	0.316000	0.317816	
1000	0.321000	1.173696	1000	0.321000	0.321000	0.317827	
1000	0.314000	1.173696	1000	0.314000	0.314000	0.317814	
1000	0.282000	1.173696	1000	0.282000	0.282000	0.317692	
1000	0.313000	1.173696	1000	0.313000	0.313000	0.317676	
1000	0.286000	1.173696	1000	0.286000	0.286000	0.317568	
1000	0.300000	1.173696	1000	0.300000	0.300000	0.317509	
1000	0.297000	1.173696	1000	0.297000	0.297000	0.317440	
1000	0.313000	1.173696	1000	0.313000	0.313000	0.317425	
1000	0.333000	1.173696	1000	0.333000	0.333000	0.317477	
1000	0.342000	1.173696	1000	0.342000	0.342000	0.317559	
1000	0.319000	1.173696	1000	0.319000	0.319000	0.317564	
1000	0.320000	1.173696	1000	0.320000	0.320000	0.317572	
1000	0.308000	1.173696	1000	0.308000	0.308000	0.317540	
1000	0.279000	1.173696	1000	0.279000	0.279000	0.317413	
1000	0.313000	1.173696	1000	0.313000	0.313000	0.317399	
1000	0.305000	1.173696	1000	0.305000	0.305000	0.317358	
1000	0.293000	1.173696	1000	0.293000	0.293000	0.317279	
1000	0.290000	1.173696	1000	0.290000	0.290000	0.317191	
1000	0.289000	1.173696	1000	0.289000	0.289000	0.317099	
1000	0.305000	1.173696	1000	0.305000	0.305000	0.317060	
1000	0.308000	1.173696	1000	0.308000	0.308000	0.317031	
1000	0.300000	1.173696	1000	0.300000	0.300000	0.316977	
1000	0.309000	1.173696	1000	0.309000	0.309000	0.316951	
1000	0.281000	1.173696	1000	0.281000	0.281000	0.316837	
1000	0.317000	1.173696	1000	0.317000	0.317000	0.316837	
1000	0.293000	1.173696	1000	0.293000	0.293000	0.316762	
1000	0.297000	1.173696	1000	0.297000	0.297000	0.316699	
1000	0.299000	1.173696	1000	0.299000	0.299000	0.316644	
1000	0.275000	1.173696	1000	0.275000	0.275000	0.316513	
1000	0.292000	1.173696	1000	0.292000	0.292000	0.316437	
1000	0.282000	1.173696	1000	0.282000	0.282000	0.316329	
1000	0.327000	1.173696	1000	0.327000	0.327000	0.316362	
1000	0.286000	1.173696	1000	0.286000	0.286000	0.316268	
1000	0.301000	1.173696	1000	0.301000	0.301000	0.316221	
1000	0.327000	1.173696	1000	0.327000	0.327000	0.316254	
1000	0.326000	1.173696	1000	0.326000	0.326000	0.316284	
1000	0.321000	1.173696	1000	0.321000	0.321000	0.316299	
1000	0.306000	1.173696	1000	0.306000	0.306000	0.316267	
1000	0.325000	1.173696	1000	0.325000	0.325000	0.316294	
1000	0.327000	1.173696	1000	0.327000	0.327000	0.316326	
1000	0.310000	1.173696	1000	0.310000	0.310000	0.316307	
1000	0.320000	1.173696	1000	0.320000	0.320000	0.316318	
1000	0.302000	1.173696	1000	0.302000	0.302000	0.316275	
1000	0.302000	1.173696	1000	0.302000	0.302000	0.316233	
1000	0.291000	1.173696	1000	0.291000	0.291000	0.316157	
1000	0.316000	1.173696	1000	0.316000	0.316000	0.316157	
1000	0.315000	1.173696	1000	0.315000	0.315000	0.316153	
1000	0.304000	1.173696	1000	0.304000	0.304000	0.316117	
1000	0.274000	1.173696	1000	0.274000	0.274000	0.315993	
1000	0.315000	1.173696	1000	0.315000	0.315000	0.315990	
1000	0.305000	1.173696	1000	0.305000	0.305000	0.315958	
1000	0.297000	1.173696	1000	0.297000	0.297000	0.315903	
1000	0.315000	1.173696	1000	0.315000	0.315000	0.315900	
1000	0.290000	1.173696	1000	0.290000	0.290000	0.315825	
1000	0.282000	1.173696	1000	0.282000	0.282000	0.315727	
1000	0.339000	1.173696	1000	0.339000	0.339000	0.315794	
1000	0.321000	1.173696	1000	0.321000	0.321000	0.315809	
1000	0.313000	1.173696	1000	0.313000	0.313000	0.315801	
1000	0.335000	1.173696	1000	0.335000	0.335000	0.315856	
1000	0.285000	1.173696	1000	0.285000	0.285000	0.315768	
1000	0.314000	1.173696	1000	0.314000	0.314000	0.315763	
1000	0.317000	1.173696	1000	0.317000	0.317000	0.315766	
1000	0.296000	1.173696	1000	0.296000	0.296000	0.315710	
1000	0.294000	1.173696	1000	0.294000	0.294000	0.315649	
1000	0.299000	1.173696	1000	0.299000	0.299000	0.315602	
1000	0.297000	1.173696	1000	0.297000	0.297000	0.315550	
1000	0.319000	1.173696	1000	0.319000	0.319000	0.315559	
1000	0.300000	1.173696	1000	0.300000	0.300000	0.315516	
1000	0.276000	1.173696	1000	0.276000	0.276000	0.315406	
1000	0.290000	1.173696	1000	0.290000	0.290000	0.315335	
1000	0.318000	1.173696	1000	0.318000	0.318000	0.315343	
1000	0.345000	1.173696	1000	0.345000	0.345000	0.315425	
1000	0.340000	1.173696	1000	0.340000	0.340000	0.315492	
1000	0.314000	1.173696	1000	0.314000	0.314000	0.315488	
1000	0.290000	1.173696	1000	0.290000	0.290000	0.315418	
1000	0.310000	1.173696	1000	0.310000	0.310000	0.315404	
1000	0.316000	1.173696	1000	0.316000	0.316000	0.315405	
1000	0.318000	1.173696	1000	0.318000	0.318000	0.315412	
1000	0.280000	1.173696	1000	0.280000	0.280000	0.315316	
1000	0.284000	1.173696	1000	0.284000	0.284000	0.315232	
1000	0.288000	1.173696	1000	0.288000	0.288000	0.315158	
1000	0.306000	1.173696	1000	0.306000	0.306000	0.315134	
1000	0.327000	1.173696	1000	0.327000	0.327000	0.315165	
1000	0.311000	1.173696	1000	0.311000	0.311000	0.315154	
1000	0.305000	1.173696	1000	0.305000	0.305000	0.315127	
1000	0.335000	1.173696	1000	0.335000	0.335000	0.315180	
1000	0.320000	1.173696	1000	0.320000	0.320000	0.315193	
1000	0.326000	1.173696	1000	0.326000	0.326000	0.315221	
1000	0.297000	1.173696	1000	0.297000	0.297000	0.315173	
1000	0.314000	1.173696	1000	0.314000	0.314000	0.315170	
1000	0.326000	1.173696	1000	0.326000	0.326000	0.315199	
1000	0.319000	1.173696	1000	0.319000	0.319000	0.315209	
1000	0.296000	1.173696	1000	0.296000	0.296000	0.315158	
1000	0.315000	1.173696	1000	0.315000	0.315000	0.315158	
1000	0.332000	1.173696	1000	0.332000	0.332000	0.315202	
1000	0.287000	1.173696	1000	0.287000	0.287000	0.315129	
1000	0.285000	1.173696	1000	0.285000	0.285000	0.315051	
1000	0.305000	1.173696	1000	0.305000	0.305000	0.315025	
1000	0.276000	1.173696	1000	0.276000	0.276000	0.314925	
1000	0.298000	1.173696	1000	0.298000	0.298000	0.314881	
1000	0.312000	1.173696	1000	0.312000	0.312000	0.314874	
1000	0.288000	1.173696	1000	0.288000	0.288000	0.314805	
1000	0.318000	1.173696	1000	0.318000	0.318000	0.314813	
1000	0.336000	1.173696	1000	0.336000	0.336000	0.314867	
1000	0.277000	1.173696	1000	0.277000	0.277000	0.314771	
1000	0.314000	1.173696	1000	0.314000	0.314000	0.314769	
1000	0.294000	1.173696	1000	0.294000	0.294000	0.314717	
1000	0.309000	1.173696	1000	0.309000	0.309000	0.314703	
1000	0.316000	1.173696	1000	0.316000	0.316000	0.314706	
1000	0.302000	1.173696	1000	0.302000	0.302000	0.314674	
1000	0.319000	1.173696	1000	0.319000	0.319000	0.314685	
1000	0.297000	1.173696	1000	0.297000	0.297000	0.314641	
1000	0.315000	1.173696	1000	0.315000	0.315000	0.314642	
1000	0.308000	1.173696	1000	0.308000	0.308000	0.314625	
1000	0.311000	1.173696	1000	0.311000	0.311000	0.314617	
1000	0.318000	1.173696	1000	0.318000	0.318000	0.314625	
1000	0.308000	1.173696	1000	0.308000	0.308000	0.314609	
1000	0.329000	1.173696	1000	0.329000	0.329000	0.314644	
1000	0.333000	1.173696	1000	0.333000	0.333000	0.314689	
1000	0.339000	1.173696	1000	0.339000	0.339000	0.314748	
1000	0.307000	1.173696	1000	0.307000	0.307000	0.314729	
1000	0.300000	1.173696	1000	0.300000	0.300000	0.314693	
1000	0.312000	1.173696	1000	0.312000	0.312000	0.314687	
1000	0.345000	1.173696	1000	0.345000	0.345000	0.314760	
1000	0.298000	1.173696	1000	0.298000	0.298000	0.314720	
1000	0.303000	1.173696	1000	0.303000	0.303000	0.314692	
1000	0.321000	1.173696	1000	0.321000	0.321000	0.314707	
1000	0.310000	1.173696	1000	0.310000	0.310000	0.314695	
1000	0.310000	1.173696	1000	0.310000	0.310000	0.314684	
1000	0.303000	1.173696	1000	0.303000	0.303000	0.314656	
1000	0.330000	1.173696	1000	0.330000	0.330000	0.314693	
1000	0.305000	1.173696	1000	0.305000	0.305000	0.314670	
1000	0.300000	1.173696	1000	0.300000	0.300000	0.314635	
1000	0.327000	1.173696	1000	0.327000	0.327000	0.314664	
1000	0.346000	1.173696	1000	0.346000	0.346000	0.314738	
1000	0.306000	1.173696	1000	0.306000	0.306000	0.314718	
1000	0.286000	1.173696	1000	0.286000	0.286000	0.314650	
1000	0.312000	1.173696	1000	0.312000	0.312000	0.314644	
1000	0.292000	1.173696	1000	0.292000	0.292000	0.314591	
1000	0.331000	1.173696	1000	0.331000	0.331000	0.314630	
1000	0.266000	1.173696	1000	0.266000	0.266000	0.314517	
1000	0.291000	1.173696	1000	0.291000	0.291000	0.314462	
1000	0.297000	1.173696	1000	0.297000	0.297000	0.314422	
1000	0.303000	1.173696	1000	0.303000	0.303000	0.314396	
1000	0.304000	1.173696	1000	0.304000	0.304000	0.314372	
1000	0.321000	1.173696	1000	0.321000	0.321000	0.314387	
1000	0.311000	1.173696	1000	0.311000	0.311000	0.314379	
1000	0.284000	1.173696	1000	0.284000	0.284000	0.314310	
1000	0.315000	1.173696	1000	0.315000	0.315000	0.314311	
1000	0.288000	1.173696	1000	0.288000	0.288000	0.314252	
1000	0.305000	1.173696	1000	0.305000	0.305000	0.314231	
1000	0.319000	1.173696	1000	0.319000	0.319000	0.314241	
1000	0.301000	1.173696	1000	0.301000	0.301000	0.314211	
1000	0.329000	1.173696	1000	0.329000	0.329000	0.314245	
1000	0.309000	1.173696	1000	0.309000	0.309000	0.314233	
1000	0.310000	1.173696	1000	0.310000	0.310000	0.314224	
1000	0.330000	1.173696	1000	0.330000	0.330000	0.314259	
1000	0.300000	1.173696	1000	0.300000	0.300000	0.314227	
1000	0.307000	1.173696	1000	0.307000	0.307000	0.314211	
1000	0.254000	1.173696	1000	0.254000	0.254000	0.314077	
1000	0.295000	1.173696	1000	0.295000	0.295000	0.314035	
1000	0.312000	1.173696	1000	0.312000	0.312000	0.314030	
1000	0.335000	1.173696	1000	0.335000	0.335000	0.314077	
1000	0.319000	1.173696	1000	0.319000	0.319000	0.314087	
1000	0.348000	1.173696	1000	0.348000	0.348000	0.314162	
1000	0.322000	1.173696	1000	0.322000	0.322000	0.314179	
1000	0.289000	1.173696	1000	0.289000	0.289000	0.314124	
1000	0.277000	1.173696	1000	0.277000	0.277000	0.314043	
1000	0.300000	1.173696	1000	0.300000	0.300000	0.314012	
1000	0.295000	1.173696	1000	0.295000	0.295000	0.313971	
1000	0.305000	1.173696	1000	0.305000	0.305000	0.313952	
1000	0.289000	1.173696	1000	0.289000	0.289000	0.313898	
1000	0.314000	1.173696	1000	0.314000	0.314000	0.313898	
1000	0.323000	1.173696	1000	0.323000	0.323000	0.313917	
1000	0.291000	1.173696	1000	0.291000	0.291000	0.313868	
1000	0.289000	1.173696	1000	0.289000	0.289000	0.313815	
1000	0.286000	1.173696	1000	0.286000	0.286000	0.313755	
1000	0.299000	1.173696	1000	0.299000	0.299000	0.313724	
1000	0.332000	1.173696	1000	0.332000	0.332000	0.313763	
1000	0.306000	1.173696	1000	0.306000	0.306000	0.313746	
1000	0.335000	1.173696	1000	0.335000	0.335000	0.313791	
1000	0.288000	1.173696	1000	0.288000	0.288000	0.313737	
1000	0.301000	1.173696	1000	0.301000	0.301000	0.313710	
1000	0.306000	1.173696	1000	0.306000	0.306000	0.313693	
1000	0.321000	1.173696	1000	0.321000	0.321000	0.313709	
1000	0.328000	1.173696	1000	0.328000	0.328000	0.313739	
1000	0.313000	1.173696	1000	0.313000	0.313000	0.313737	
1000	0.317000	1.173696	1000	0.317000	0.317000	0.313744	
1000	0.317000	1.173696	1000	0.317000	0.317000	0.313751	
1000	0.310000	1.173696	1000	0.310000	0.310000	0.313743	
1000	0.296000	1.173696	1000	0.296000	0.296000	0.313706	
1000	0.309000	1.173696	1000	0.309000	0.309000	0.313696	
1000	0.297000	1.173696	1000	0.297000	0.297000	0.313662	
1000	0.276000	1.173696	1000	0.276000	0.276000	0.313584	
1000	0.307000	1.173696	1000	0.307000	0.307000	0.313570	
1000	0.294000	1.173696	1000	0.294000	0.294000	0.313530	
1000	0.315000	1.173696	1000	0.315000	0.315000	0.313533	
1000	0.282000	1.173696	1000	0.282000	0.282000	0.313469	
1000	0.319000	1.173696	1000	0.319000	0.319000	0.313480	
1000	0.292000	1.173696	1000	0.292000	0.292000	0.313436	
1000	0.291000	1.173696	1000	0.291000	0.291000	0.313390	
1000	0.321000	1.173696	1000	0.321000	0.321000	0.313406	
1000	0.300000	1.173696	1000	0.300000	0.300000	0.313379	
1000	0.323000	1.173696	1000	0.323000	0.323000	0.313398	
1000	0.314000	1.173696	1000	0.314000	0.314000	0.313399	
1000	0.296000	1.173696	1000	0.296000	0.296000	0.313364	
1000	0.313000	1.173696	1000	0.313000	0.313000	0.313364	
1000	0.342000	1.173696	1000	0.342000	0.342000	0.313421	
1000	0.303000	1.173696	1000	0.303000	0.303000	0.313400	
1000	0.312000	1.173696	1000	0.312000	0.312000	0.313397	
1000	0.304000	1.173696	1000	0.304000	0.304000	0.313379	
1000	0.316000	1.173696	1000	0.316000	0.316000	0.313384	
1000	0.299000	1.173696	1000	0.299000	0.299000	0.313355	
1000	0.302000	1.173696	1000	0.302000	0.302000	0.313333	
1000	0.289000	1.173696	1000	0.289000	0.289000	0.313285	
1000	0.305000	1.173696	1000	0.305000	0.305000	0.313268	
1000	0.331000	1.173696	1000	0.331000	0.331000	0.313303	
1000	0.303000	1.173696	1000	0.303000	0.303000	0.313283	
1000	0.301000	1.173696	1000	0.301000	0.301000	0.313259	
1000	0.277000	1.173696	1000	0.277000	0.277000	0.313188	
1000	0.302000	1.173696	1000	0.302000	0.302000	0.313166	
1000	0.281000	1.173696	1000	0.281000	0.281000	0.313103	
1000	0.280000	1.173696	1000	0.280000	0.280000	0.313038	
1000	0.283000	1.173696	1000	0.283000	0.283000	0.312980	
1000	0.319000	1.173696	1000	0.319000	0.319000	0.312992	
1000	0.301000	1.173696	1000	0.301000	0.301000	0.312968	
1000	0.311000	1.173696	1000	0.311000	0.311000	0.312965	
1000	0.265000	1.173696	1000	0.265000	0.265000	0.312872	
1000	0.308000	1.173696	1000	0.308000	0.308000	0.312863	
1000	0.300000	1.173696	1000	0.300000	0.300000	0.312838	
1000	0.296000	1.173696	1000	0.296000	0.296000	0.312806	
1000	0.293000	1.173696	1000	0.293000	0.293000	0.312768	
1000	0.330000	1.173696	1000	0.330000	0.330000	0.312801	
1000	0.289000	1.173696	1000	0.289000	0.289000	0.312755	
1000	0.348000	1.173696	1000	0.348000	0.348000	0.312822	
1000	0.285000	1.173696	1000	0.285000	0.285000	0.312769	
1000	0.295000	1.173696	1000	0.295000	0.295000	0.312736	
1000	0.286000	1.173696	1000	0.286000	0.286000	0.312685	
1000	0.270000	1.173696	1000	0.270000	0.270000	0.312604	
1000	0.322000	1.173696	1000	0.322000	0.322000	0.312622	
1000	0.305000	1.173696	1000	0.305000	0.305000	0.312608	
1000	0.332000	1.173696	1000	0.332000	0.332000	0.312644	
1000	0.308000	1.173696	1000	0.308000	0.308000	0.312635	
1000	0.314000	1.173696	1000	0.314000	0.314000	0.312638	
1000	0.297000	1.173696	1000	0.297000	0.297000	0.312609	
1000	0.337000	1.173696	1000	0.337000	0.337000	0.312654	
1000	0.331000	1.173696	1000	0.331000	0.331000	0.312688	
1000	0.301000	1.173696	1000	0.301000	0.301000	0.312667	
1000	0.340000	1.173696	1000	0.340000	0.340000	0.312717	
1000	0.287000	1.173696	1000	0.287000	0.287000	0.312670	
1000	0.298000	1.173696	1000	0.298000	0.298000	0.312643	
1000	0.310000	1.173696	1000	0.310000	0.310000	0.312638	
1000	0.326000	1.173696	1000	0.326000	0.326000	0.312662	
1000	0.311000	1.173696	1000	0.311000	0.311000	0.312659	
1000	0.305000	1.173696	1000	0.305000	0.305000	0.312645	
1000	0.316000	1.173696	1000	0.316000	0.316000	0.312651	
1000	0.312000	1.173696	1000	0.312000	0.312000	0.312650	
1000	0.346000	1.173696	1000	0.346000	0.346000	0.312711	
1000	0.305000	1.173696	1000	0.305000	0.305000	0.312697	
1000	0.286000	1.173696	1000	0.286000	0.286000	0.312649	
1000	0.271000	1.173696	1000	0.271000	0.271000	0.312573	
1000	0.310000	1.173696	1000	0.310000	0.310000	0.312568	
1000	0.285000	1.173696	1000	0.285000	0.285000	0.312518	
1000	0.303000	1.173696	1000	0.303000	0.303000	0.312501	
1000	0.313000	1.173696	1000	0.313000	0.313000	0.312502	
1000	0.294000	1.173696	1000	0.294000	0.294000	0.312469	
1000	0.319000	1.173696	1000	0.319000	0.319000	0.312481	
1000	0.297000	1.173696	1000	0.297000	0.297000	0.312453	
1000	0.285000	1.173696	1000	0.285000	0.285000	0.312404	
1000	0.298000	1.173696	1000	0.298000	0.298000	0.312378	
1000	0.296000	1.173696	1000	0.296000	0.296000	0.312349	
1000	0.287000	1.173696	1000	0.287000	0.287000	0.312304	
1000	0.317000	1.173696	1000	0.317000	0.317000	0.312312	
1000	0.322000	1.173696	1000	0.322000	0.322000	0.312329	
1000	0.305000	1.173696	1000	0.305000	0.305000	0.312316	
1000	0.336000	1.173696	1000	0.336000	0.336000	0.312358	
1000	0.311000	1.173696	1000	0.311000	0.311000	0.312356	
1000	0.299000	1.173696	1000	0.299000	0.299000	0.312332	
1000	0.330000	1.173696	1000	0.330000	0.330000	0.312363	
1000	0.307000	1.173696	1000	0.307000	0.307000	0.312354	
1000	0.319000	1.173696	1000	0.319000	0.319000	0.312365	
1000	0.281000	1.173696	1000	0.281000	0.281000	0.312311	
1000	0.321000	1.173696	1000	0.321000	0.321000	0.312326	
1000	0.297000	1.173696	1000	0.297000	0.297000	0.312299	
1000	0.291000	1.173696	1000	0.291000	0.291000	0.312262	
1000	0.287000	1.173696	1000	0.287000	0.287000	0.312218	
1000	0.319000	1.173696	1000	0.319000	0.319000	0.312230	
1000	0.286000	1.173696	1000	0.286000	0.286000	0.312185	
1000	0.329000	1.173696	1000	0.329000	0.329000	0.312214	
1000	0.303000	1.173696	1000	0.303000	0.303000	0.312198	
1000	0.311000	1.173696	1000	0.311000	0.311000	0.312196	
1000	0.324000	1.173696	1000	0.324000	0.324000	0.312216	
1000	0.313000	1.173696	1000	0.313000	0.313000	0.312217	
1000	0.300000	1.173696	1000	0.300000	0.300000	0.312196	
1000	0.317000	1.173696	1000	0.317000	0.317000	0.312205	
1000	0.301000	1.173696	1000	0.301000	0.301000	0.312185	
1000	0.307000	1.173696	1000	0.307000	0.307000	0.312177	
1000	0.297000	1.173696	1000	0.297000	0.297000	0.312151	
1000	0.311000	1.173696	1000	0.311000	0.311000	0.312149	
1000	0.292000	1.173696	1000	0.292000	0.292000	0.312115	
1000	0.294000	1.173696	1000	0.294000	0.294000	0.312084	
1000	0.307000	1.173696	1000	0.307000	0.307000	0.312075	
1000	0.318000	1.173696	1000	0.318000	0.318000	0.312085	
1000	0.323000	1.173696	1000	0.323000	0.323000	0.312104	
1000	0.323000	1.173696	1000	0.323000	0.323000	0.312122	
1000	0.310000	1.173696	1000	0.310000	0.310000	0.312119	
1000	0.305000	1.173696	1000	0.305000	0.305000	0.312107	
1000	0.309000	1.173696	1000	0.309000	0.309000	0.312101	
1000	0.305000	1.173696	1000	0.305000	0.305000	0.312090	
1000	0.274000	1.173696	1000	0.274000	0.274000	0.312026	
1000	0.328000	1.173696	1000	0.328000	0.328000	0.312053	
1000	0.276000	1.173696	1000	0.276000	0.276000	0.311993	
1000	0.287000	1.173696	1000	0.287000	0.287000	0.311951	
1000	0.295000	1.173696	1000	0.295000	0.295000	0.311923	
1000	0.336000	1.173696	1000	0.336000	0.336000	0.311963	
1000	0.285000	1.173696	1000	0.285000	0.285000	0.311919	
1000	0.319000	1.173696	1000	0.319000	0.319000	0.311930	
1000	0.302000	1.173696	1000	0.302000	0.302000	0.311914	
1000	0.304000	1.173696	1000	0.304000	0.304000	0.311901	
1000	0.309000	1.173696	1000	0.309000	0.309000	0.311896	
1000	0.292000	1.173696	1000	0.292000	0.292000	0.311864	
1000	0.308000	1.173696	1000	0.308000	0.308000	0.311857	
1000	0.317000	1.173696	1000	0.317000	0.317000	0.311866	
1000	0.310000	1.173696	1000	0.310000	0.310000	0.311863	
1000	0.305000	1.173696	1000	0.305000	0.305000	0.311852	
1000	0.270000	1.173696	1000	0.270000	0.270000	0.311784	
1000	0.307000	1.173696	1000	0.307000	0.307000	0.311776	
1000	0.305000	1.173696	1000	0.305000	0.305000	0.311765	
1000	0.294000	1.173696	1000	0.294000	0.294000	0.311736	
1000	0.324000	1.173696	1000	0.324000	0.324000	0.311756	
1000	0.315000	1.173696	1000	0.315000	0.315000	0.311761	
1000	0.314000	1.173696	1000	0.314000	0.314000	0.311765	
1000	0.295000	1.173696	1000	0.295000	0.295000	0.311738	
1000	0.332000	1.173696	1000	0.332000	0.332000	0.311770	
1000	0.316000	1.173696	1000	0.316000	0.316000	0.311777	
1000	0.297000	1.173696	1000	0.297000	0.297000	0.311753	
1000	0.322000	1.173696	1000	0.322000	0.322000	0.311770	
1000	0.310000	1.173696	1000	0.310000	0.310000	0.311767	
1000	0.299000	1.173696	1000	0.299000	0.299000	0.311747	
1000	0.315000	1.173696	1000	0.315000	0.315000	0.311752	
1000	0.327000	1.173696	1000	0.327000	0.327000	0.311776	
1000	0.309000	1.173696	1000	0.309000	0.309000	0.311772	
1000	0.296000	1.173696	1000	0.296000	0.296000	0.311747	
1000	0.307000	1.173696	1000	0.307000	0.307000	0.311739	
1000	0.307000	1.173696	1000	0.307000	0.307000	0.311732	
1000	0.281000	1.173696	1000	0.281000	0.281000	0.311683	
1000	0.294000	1.173696	1000	0.294000	0.294000	0.311656	
1000	0.290000	1.173696	1000	0.290000	0.290000	0.311622	
1000	0.286000	1.173696	1000	0.286000	0.286000	0.311582	
1000	0.309000	1.173696	1000	0.309000	0.309000	0.311578	
1000	0.298000	1.173696	1000	0.298000	0.298000	0.311556	
1000	0.300000	1.173696	1000	0.300000	0.300000	0.311538	
1000	0.319000	1.173696	1000	0.319000	0.319000	0.311550	
1000	0.319000	1.173696	1000	0.319000	0.319000	0.311562	
1000	0.270000	1.173696	1000	0.270000	0.270000	0.311497	
1000	0.290000	1.173696	1000	0.290000	0.290000	0.311464	
1000	0.312000	1.173696	1000	0.312000	0.312000	0.311465	
1000	0.309000	1.173696	1000	0.309000	0.309000	0.311461	
1000	0.287000	1.173696	1000	0.287000	0.287000	0.311423	
1000	0.324000	1.173696	1000	0.324000	0.324000	0.311443	
1000	0.308000	1.173696	1000	0.308000	0.308000	0.311437	
1000	0.280000	1.173696	1000	0.280000	0.280000	0.311389	
1000	0.295000	1.173696	1000	0.295000	0.295000	0.311364	
1000	0.291000	1.173696	1000	0.291000	0.291000	0.311333	
1000	0.291000	1.173696	1000	0.291000	0.291000	0.311302	
1000	0.282000	1.173696	1000	0.282000	0.282000	0.311257	
1000	0.343000	1.173696	1000	0.343000	0.343000	0.311305	
1000	0.295000	1.173696	1000	0.295000	0.295000	0.311281	
1000	0.297000	1.173696	1000	0.297000	0.297000	0.311259	
1000	0.328000	1.173696	1000	0.328000	0.328000	0.311284	
1000	0.285000	1.173696	1000	0.285000	0.285000	0.311245	
1000	0.331000	1.173696	1000	0.331000	0.331000	0.311274	
1000	0.313000	1.173696	1000	0.313000	0.313000	0.311277	
1000	0.302000	1.173696	1000	0.302000	0.302000	0.311263	
1000	0.284000	1.173696	1000	0.284000	0.284000	0.311222	
1000	0.307000	1.173696	1000	0.307000	0.307000	0.311216	
1000	0.305000	1.173696	1000	0.305000	0.305000	0.311206	
1000	0.290000	1.173696	1000	0.290000	0.290000	0.311175	
1000	0.298000	1.173696	1000	0.298000	0.298000	0.311155	
1000	0.297000	1.173696	1000	0.297000	0.297000	0.311134	
1000	0.339000	1.173696	1000	0.339000	0.339000	0.311175	
1000	0.328000	1.173696	1000	0.328000	0.328000	0.311200	
1000	0.328000	1.173696	1000	0.328000	0.328000	0.311225	
1000	0.313000	1.173696	1000	0.313000	0.313000	0.311228	
1000	0.312000	1.173696	1000	0.312000	0.312000	0.311229	
1000	0.312000	1.173696	1000	0.312000	0.312000	0.311230	
1000	0.301000	1.173696	1000	0.301000	0.301000	0.311215	
1000	0.303000	1.173696	1000	0.303000	0.303000	0.311203	
1000	0.300000	1.173696	1000	0.300000	0.300000	0.311187	
1000	0.312000	1.173696	1000	0.312000	0.312000	0.311188	
1000	0.312000	1.173696	1000	0.312000	0.312000	0.311189	
1000	0.290000	1.173696	1000	0.290000	0.290000	0.311158	
1000	0.332000	1.173696	1000	0.332000	0.332000	0.311188	
1000	0.310000	1.173696	1000	0.310000	0.310000	0.311187	
1000	0.304000	1.173696	1000	0.304000	0.304000	0.311176	
1000	0.317000	1.173696	1000	0.317000	0.317000	0.311185	
1000	0.280000	1.173696	1000	0.280000	0.280000	0.311139	
1000	0.292000	1.173696	1000	0.292000	0.292000	0.311111	
1000	0.338000	1.173696	1000	0.338000	0.338000	0.311150	
1000	0.277000	1.173696	1000	0.277000	0.277000	0.311101	
1000	0.297000	1.173696	1000	0.297000	0.297000	0.311081	
1000	0.306000	1.173696	1000	0.306000	0.306000	0.311073	
1000	0.326000	1.173696	1000	0.326000	0.326000	0.311095	
1000	0.262000	1.173696	1000	0.262000	0.262000	0.311024	
1000	0.306000	1.173696	1000	0.306000	0.306000	0.311017	
1000	0.307000	1.173696	1000	0.307000	0.307000	0.311011	
1000	0.291000	1.173696	1000	0.291000	0.291000	0.310982	
1000	0.286000	1.173696	1000	0.286000	0.286000	0.310947	
1000	0.304000	1.173696	1000	0.304000	0.304000	0.310937	
1000	0.302000	1.173696	1000	0.302000	0.302000	0.310924	
1000	0.308000	1.173696	1000	0.308000	0.308000	0.310920	
1000	0.311000	1.173696	1000	0.311000	0.311000	0.310920	
1000	0.308000	1.173696	1000	0.308000	0.308000	0.310916	
1000	0.303000	1.173696	1000	0.303000	0.303000	0.310904	
1000	0.326000	1.173696	1000	0.326000	0.326000	0.310926	
1000	0.303000	1.173696	1000	0.303000	0.303000	0.310915	
1000	0.317000	1.173696	1000	0.317000	0.317000	0.310923	
1000	0.308000	1.173696	1000	0.308000	0.308000	0.310919	
1000	0.304000	1.173696	1000	0.304000	0.304000	0.310909	
1000	0.276000	1.173696	1000	0.276000	0.276000	0.310860	
1000	0.319000	1.173696	1000	0.319000	0.319000	0.310872	
1000	0.296000	1.173696	1000	0.296000	0.296000	0.310851	
1000	0.357000	1.173696	1000	0.357000	0.357000	0.310915	
1000	0.313000	1.173696	1000	0.313000	0.313000	0.310918	
1000	0.307000	1.173696	1000	0.307000	0.307000	0.310913	
1000	0.292000	1.173696	1000	0.292000	0.292000	0.310886	
1000	0.308000	1.173696	1000	0.308000	0.308000	0.310882	
1000	0.336000	1.173696	1000	0.336000	0.336000	0.310917	
1000	0.295000	1.173696	1000	0.295000	0.295000	0.310895	
1000	0.317000	1.173696	1000	0.317000	0.317000	0.310904	
1000	0.281000	1.173696	1000	0.281000	0.281000	0.310862	
1000	0.287000	1.173696	1000	0.287000	0.287000	0.310829	
1000	0.326000	1.173696	1000	0.326000	0.326000	0.310850	
1000	0.317000	1.173696	1000	0.317000	0.317000	0.310859	
1000	0.300000	1.173696	1000	0.300000	0.300000	0.310844	
1000	0.324000	1.173696	1000	0.324000	0.324000	0.310862	
1000	0.347000	1.173696	1000	0.347000	0.347000	0.310912	
1000	0.302000	1.173696	1000	0.302000	0.302000	0.310899	
1000	0.296000	1.173696	1000	0.296000	0.296000	0.310879	
1000	0.289000	1.173696	1000	0.289000	0.289000	0.310849	
1000	0.288000	1.173696	1000	0.288000	0.288000	0.310818	
1000	0.304000	1.173696	1000	0.304000	0.304000	0.310808	
1000	0.310000	1.173696	1000	0.310000	0.310000	0.310807	
1000	0.319000	1.173696	1000	0.319000	0.319000	0.310818	
1000	0.294000	1.173696	1000	0.294000	0.294000	0.310795	
1000	0.318000	1.173696	1000	0.318000	0.318000	0.310805	
1000	0.294000	1.173696	1000	0.294000	0.294000	0.310782	
1000	0.261000	1.173696	1000	0.261000	0.261000	0.310715	
1000	0.338000	1.173696	1000	0.338000	0.338000	0.310752	
1000	0.288000	1.173696	1000	0.288000	0.288000	0.310721	
1000	0.315000	1.173696	1000	0.315000	0.315000	0.310727	
1000	0.319000	1.173696	1000	0.319000	0.319000	0.310738	
1000	0.293000	1.173696	1000	0.293000	0.293000	0.310714	
1000	0.302000	1.173696	1000	0.302000	0.302000	0.310703	
1000	0.286000	1.173696	1000	0.286000	0.286000	0.310669	
1000	0.337000	1.173696	1000	0.337000	0.337000	0.310705	
1000	0.316000	1.173696	1000	0.316000	0.316000	0.310712	
1000	0.296000	1.173696	1000	0.296000	0.296000	0.310692	
1000	0.316000	1.173696	1000	0.316000	0.316000	0.310699	
1000	0.330000	1.173696	1000	0.330000	0.330000	0.310725	
1000	0.314000	1.173696	1000	0.314000	0.314000	0.310729	
1000	0.328000	1.173696	1000	0.328000	0.328000	0.310752	
1000	0.336000	1.173696	1000	0.336000	0.336000	0.310786	
1000	0.288000	1.173696	1000	0.288000	0.288000	0.310756	
1000	0.322000	1.173696	1000	0.322000	0.322000	0.310770	
1000	0.313000	1.173696	1000	0.313000	0.313000	0.310773	
1000	0.288000	1.173696	1000	0.288000	0.288000	0.310743	
1000	0.320000	1.173696	1000	0.320000	0.320000	0.310756	
1000	0.332000	1.173696	1000	0.332000	0.332000	0.310784	
1000	0.323000	1.173696	1000	0.323000	0.323000	0.310800	
1000	0.290000	1.173696	1000	0.290000	0.290000	0.310772	
1000	0.304000	1.173696	1000	0.304000	0.304000	0.310763	
1000	0.319000	1.173696	1000	0.319000	0.319000	0.310774	
1000	0.307000	1.173696	1000	0.307000	0.307000	0.310769	
1000	0.304000	1.173696	1000	0.304000	0.304000	0.310760	
1000	0.281000	1.173696	1000	0.281000	0.281000	0.310722	
1000	0.286000	1.173696	1000	0.286000	0.286000	0.310689	
1000	0.312000	1.173696	1000	0.312000	0.312000	0.310691	
1000	0.324000	1.173696	1000	0.324000	0.324000	0.310708	
1000	0.293000	1.173696	1000	0.293000	0.293000	0.310685	
1000	0.299000	1.173696	1000	0.299000	0.299000	0.310670	
1000	0.309000	1.173696	1000	0.309000	0.309000	0.310668	
1000	0.337000	1.173696	1000	0.337000	0.337000	0.310702	
1000	0.333000	1.173696	1000	0.333000	0.333000	0.310731	
1000	0.316000	1.173696	1000	0.316000	0.316000	0.310738	
1000	0.289000	1.173696	1000	0.289000	0.289000	0.310710	
1000	0.269000	1.173696	1000	0.269000	0.269000	0.310656	
1000	0.308000	1.173696	1000	0.308000	0.308000	0.310653	
1000	0.302000	1.173696	1000	0.302000	0.302000	0.310641	
1000	0.319000	1.173696	1000	0.319000	0.319000	0.310652	
1000	0.307000	1.173696	1000	0.307000	0.307000	0.310647	
1000	0.299000	1.173696	1000	0.299000	0.299000	0.310633	
1000	0.293000	1.173696	1000	0.293000	0.293000	0.310610	
1000	0.323000	1.173696	1000	0.323000	0.323000	0.310626	
1000	0.314000	1.173696	1000	0.314000	0.314000	0.310630	
1000	0.310000	1.173696	1000	0.310000	0.310000	0.310629	
1000	0.309000	1.173696	1000	0.309000	0.309000	0.310627	
1000	0.300000	1.173696	1000	0.300000	0.300000	0.310614	
1000	0.311000	1.173696	1000	0.311000	0.311000	0.310614	
1000	0.322000	1.173696	1000	0.322000	0.322000	0.310629	
1000	0.305000	1.173696	1000	0.305000	0.305000	0.310622	
1000	0.349000	1.173696	1000	0.349000	0.349000	0.310670	
1000	0.280000	1.173696	1000	0.280000	0.280000	0.310631	
1000	0.278000	1.173696	1000	0.278000	0.278000	0.310590	
1000	0.321000	1.173696	1000	0.321000	0.321000	0.310603	
1000	0.308000	1.173696	1000	0.308000	0.308000	0.310600	
1000	0.299000	1.173696	1000	0.299000	0.299000	0.310586	
1000	0.302000	1.173696	1000	0.302000	0.302000	0.310575	
1000	0.331000	1.173696	1000	0.331000	0.331000	0.310600	
1000	0.317000	1.173696	1000	0.317000	0.317000	0.310608	
1000	0.313000	1.173696	1000	0.313000	0.313000	0.310611	
1000	0.295000	1.173696	1000	0.295000	0.295000	0.310592	
1000	0.315000	1.173696	1000	0.315000	0.315000	0.310597	
1000	0.310000	1.173696	1000	0.310000	0.310000	0.310597	
1000	0.311000	1.173696	1000	0.311000	0.311000	0.310597	
1000	0.310000	1.173696	1000	0.310000	0.310000	0.310596	
1000	0.310000	1.173696	1000	0.310000	0.310000	0.310596	
1000	0.302000	1.173696	1000	0.302000	0.302000	0.310585	
1000	0.331000	1.173696	1000	0.331000	0.331000	0.310610	
1000	0.288000	1.173696	1000	0.288000	0.288000	0.310582	
1000	0.309000	1.173696	1000	0.309000	0.309000	0.310580	
1000	0.317000	1.173696	1000	0.317000	0.317000	0.310588	
1000	0.321000	1.173696	1000	0.321000	0.321000	0.310601	
1000	0.297000	1.173696	1000	0.297000	0.297000	0.310584	
1000	0.299000	1.173696	1000	0.299000	0.299000	0.310570	
1000	0.312000	1.173696	1000	0.312000	0.312000	0.310572	
1000	0.296000	1.173696	1000	0.296000	0.296000	0.310554	
1000	0.319000	1.173696	1000	0.319000	0.319000	0.310564	
1000	0.309000	1.173696	1000	0.309000	0.309000	0.310563	
1000	0.319000	1.173696	1000	0.319000	0.319000	0.310573	
1000	0.300000	1.173696	1000	0.300000	0.300000	0.310560	
1000	0.291000	1.173696	1000	0.291000	0.291000	0.310536	
1000	0.309000	1.173696	1000	0.309000	0.309000	0.310534	
1000	0.313000	1.173696	1000	0.313000	0.313000	0.310537	
1000	0.292000	1.173696	1000	0.292000	0.292000	0.310515	
1000	0.297000	1.173696	1000	0.297000	0.297000	0.310498	
1000	0.340000	1.173696	1000	0.340000	0.340000	0.310534	
1000	0.323000	1.173696	1000	0.323000	0.323000	0.310549	
1000	0.282000	1.173696	1000	0.282000	0.282000	0.310515	
1000	0.330000	1.173696	1000	0.330000	0.330000	0.310538	
1000	0.318000	1.173696	1000	0.318000	0.318000	0.310547	
1000	0.297000	1.173696	1000	0.297000	0.297000	0.310531	
1000	0.285000	1.173696	1000	0.285000	0.285000	0.310500	
1000	0.316000	1.173696	1000	0.316000	0.316000	0.310507	
1000	0.334000	1.173696	1000	0.334000	0.334000	0.310535	
1000	0.307000	1.173696	1000	0.307000	0.307000	0.310531	
1000	0.290000	1.173696	1000	0.290000	0.290000	0.310506	
1000	0.312000	1.173696	1000	0.312000	0.312000	0.310508	
1000	0.325000	1.173696	1000	0.325000	0.325000	0.310525	
1000	0.300000	1.173696	1000	0.300000	0.300000	0.310513	
1000	0.308000	1.173696	1000	0.308000	0.308000	0.310510	
1000	0.301000	1.173696	1000	0.301000	0.301000	0.310498	
1000	0.267000	1.173696	1000	0.267000	0.267000	0.310447	
1000	0.315000	1.173696	1000	0.315000	0.315000	0.310452	
1000	0.288000	1.173696	1000	0.288000	0.288000	0.310426	
1000	0.332000	1.173696	1000	0.332000	0.332000	0.310451	
1000	0.305000	1.173696	1000	0.305000	0.305000	0.310445	
1000	0.299000	1.173696	1000	0.299000	0.299000	0.310431	
1000	0.321000	1.173696	1000	0.321000	0.321000	0.310444	
1000	0.303000	1.173696	1000	0.303000	0.303000	0.310435	
1000	0.336000	1.173696	1000	0.336000	0.336000	0.310465	
1000	0.303000	1.173696	1000	0.303000	0.303000	0.310456	
1000	0.297000	1.173696	1000	0.297000	0.297000	0.310440	
1000	0.315000	1.173696	1000	0.315000	0.315000	0.310446	
1000	0.288000	1.173696	1000	0.288000	0.288000	0.310420	
1000	0.288000	1.173696	1000	0.288000	0.288000	0.310393	
1000	0.295000	1.173696	1000	0.295000	0.295000	0.310375	
1000	0.304000	1.173696	1000	0.304000	0.304000	0.310368	
1000	0.272000	1.173696	1000	0.272000	0.272000	0.310323	
1000	0.299000	1.173696	1000	0.299000	0.299000	0.310310	
1000	0.298000	1.173696	1000	0.298000	0.298000	0.310296	
1000	0.302000	1.173696	1000	0.302000	0.302000	0.310286	
1000	0.295000	1.173696	1000	0.295000	0.295000	0.310268	
1000	0.329000	1.173696	1000	0.329000	0.329000	0.310290	
1000	0.355000	1.173696	1000	0.355000	0.355000	0.310342	
1000	0.276000	1.173696	1000	0.276000	0.276000	0.310302	
1000	0.308000	1.173696	1000	0.308000	0.308000	0.310300	
1000	0.334000	1.173696	1000	0.334000	0.334000	0.310327	
1000	0.301000	1.173696	1000	0.301000	0.301000	0.310316	
1000	0.288000	1.173696	1000	0.288000	0.288000	0.310290	
1000	0.304000	1.173696	1000	0.304000	0.304000	0.310283	
1000	0.312000	1.173696	1000	0.312000	0.312000	0.310285	
1000	0.288000	1.173696	1000	0.288000	0.288000	0.310260	
1000	0.293000	1.173696	1000	0.293000	0.293000	0.310240	
1000	0.318000	1.173696	1000	0.318000	0.318000	0.310249	
1000	0.310000	1.173696	1000	0.310000	0.310000	0.310249	
1000	0.296000	1.173696	1000	0.296000	0.296000	0.310232	
1000	0.327000	1.173696	1000	0.327000	0.327000	0.310251	
1000	0.306000	1.173696	1000	0.306000	0.306000	0.310247	
1000	0.305000	1.173696	1000	0.305000	0.305000	0.310241	
1000	0.280000	1.173696	1000	0.280000	0.280000	0.310206	
1000	0.313000	1.173696	1000	0.313000	0.313000	0.310209	
1000	0.291000	1.173696	1000	0.291000	0.291000	0.310188	
1000	0.334000	1.173696	1000	0.334000	0.334000	0.310215	
1000	0.328000	1.173696	1000	0.328000	0.328000	0.310235	
1000	0.308000	1.173696	1000	0.308000	0.308000	0.310232	
1000	0.311000	1.173696	1000	0.311000	0.311000	0.310233	
1000	0.313000	1.173696	1000	0.313000	0.313000	0.310236	
1000	0.289000	1.173696	1000	0.289000	0.289000	0.310212	
1000	0.306000	1.173696	1000	0.306000	0.306000	0.310208	
1000	0.293000	1.173696	1000	0.293000	0.293000	0.310188	
1000	0.302000	1.173696	1000	0.302000	0.302000	0.310179	
1000	0.303000	1.173696	1000	0.303000	0.303000	0.310171	
1000	0.278000	1.173696	1000	0.278000	0.278000	0.310135	
1000	0.291000	1.173696	1000	0.291000	0.291000	0.310114	
1000	0.301000	1.173696	1000	0.301000	0.301000	0.310103	
1000	0.302000	1.173696	1000	0.302000	0.302000	0.310094	
1000	0.311000	1.173696	1000	0.311000	0.311000	0.310095	
1000	0.308000	1.173696	1000	0.308000	0.308000	0.310093	
1000	0.294000	1.173696	1000	0.294000	0.294000	0.310075	
1000	0.334000	1.173696	1000	0.334000	0.334000	0.310102	
1000	0.327000	1.173696	1000	0.327000	0.327000	0.310120	
1000	0.300000	1.173696	1000	0.300000	0.300000	0.310109	
1000	0.318000	1.173696	1000	0.318000	0.318000	0.310118	
1000	0.306000	1.173696	1000	0.306000	0.306000	0.310113	
1000	0.309000	1.173696	1000	0.309000	0.309000	0.310112	
1000	0.295000	1.173696	1000	0.295000	0.295000	0.310096	
1000	0.301000	1.173696	1000	0.301000	0.301000	0.310086	
1000	0.306000	1.173696	1000	0.306000	0.306000	0.310081	
1000	0.323000	1.173696	1000	0.323000	0.323000	0.310095	
1000	0.310000	1.173696	1000	0.310000	0.310000	0.310095	
1000	0.319000	1.173696	1000	0.319000	0.319000	0.310105	
1000	0.303000	1.173696	1000	0.303000	0.303000	0.310097	
1000	0.323000	1.173696	1000	0.323000	0.323000	0.310111	
1000	0.318000	1.173696	1000	0.318000	0.318000	0.310120	
1000	0.298000	1.173696	1000	0.298000	0.298000	0.310107	
1000	0.292000	1.173696	1000	0.292000	0.292000	0.310087	
1000	0.325000	1.173696	1000	0.325000	0.325000	0.310103	
1000	0.314000	1.173696	1000	0.314000	0.314000	0.310107	
1000	0.309000	1.173696	1000	0.309000	0.309000	0.310106	
1000	0.335000	1.173696	1000	0.335000	0.335000	0.310133	
1000	0.299000	1.173696	1000	0.299000	0.299000	0.310121	
1000	0.287000	1.173696	1000	0.287000	0.287000	0.310096	
1000	0.310000	1.173696	1000	0.310000	0.310000	0.310096	
1000	0.290000	1.173696	1000	0.290000	0.290000	0.310074	
1000	0.300000	1.173696	1000	0.300000	0.300000	0.310063	
1000	0.304000	1.173696	1000	0.304000	0.304000	0.310057	
1000	0.317000	1.173696	1000	0.317000	0.317000	0.310064	
1000	0.306000	1.173696	1000	0.306000	0.306000	0.310060	
1000	0.316000	1.173696	1000	0.316000	0.316000	0.310066	
1000	0.280000	1.173696	1000	0.280000	0.280000	0.310034	
1000	0.319000	1.173696	1000	0.319000	0.319000	0.310044	
1000	0.306000	1.173696	1000	0.306000	0.306000	0.310039	
1000	0.275000	1.173696	1000	0.275000	0.275000	0.310002	
1000	0.310000	1.173696	1000	0.310000	0.310000	0.310002	
1000	0.333000	1.173696	1000	0.333000	0.333000	0.310026	
1000	0.285000	1.173696	1000	0.285000	0.285000	0.310000	
1000	0.303000	1.173696	1000	0.303000	0.303000	0.309992	
1000	0.282000	1.173696	1000	0.282000	0.282000	0.309962	
1000	0.278000	1.173696	1000	0.278000	0.278000	0.309928	
1000	0.290000	1.173696	1000	0.290000	0.290000	0.309907	
1000	0.304000	1.173696	1000	0.304000	0.304000	0.309901	
1000	0.285000	1.173696	1000	0.285000	0.285000	0.309875	
1000	0.307000	1.173696	1000	0.307000	0.307000	0.309871	
1000	0.308000	1.173696	1000	0.308000	0.308000	0.309870	
1000	0.289000	1.173696	1000	0.289000	0.289000	0.309847	
1000	0.297000	1.173696	1000	0.297000	0.297000	0.309834	
1000	0.314000	1.173696	1000	0.314000	0.314000	0.309838	
1000	0.297000	1.173696	1000	0.297000	0.297000	0.309825	
1000	0.327000	1.173696	1000	0.327000	0.327000	0.309843	
1000	0.284000	1.173696	1000	0.284000	0.284000	0.309816	
1000	0.290000	1.173696	1000	0.290000	0.290000	0.309795	
1000	0.340000	1.173696	1000	0.340000	0.340000	0.309827	
1000	0.315000	1.173696	1000	0.315000	0.315000	0.309832	
1000	0.341000	1.173696	1000	0.341000	0.341000	0.309865	
1000	0.296000	1.173696	1000	0.296000	0.296000	0.309850	
1000	0.308000	1.173696	1000	0.308000	0.308000	0.309848	
1000	0.336000	1.173696	1000	0.336000	0.336000	0.309875	
1000	0.320000	1.173696	1000	0.320000	0.320000	0.309886	
1000	0.299000	1.173696	1000	0.299000	0.299000	0.309875	
1000	0.304000	1.173696	1000	0.304000	0.304000	0.309869	
1000	0.282000	1.173696	1000	0.282000	0.282000	0.309840	
1000	0.301000	1.173696	1000	0.301000	0.301000	0.309830	
1000	0.288000	1.173696	1000	0.288000	0.288000	0.309808	
1000	0.293000	1.173696	1000	0.293000	0.293000	0.309790	
1000	0.280000	1.173696	1000	0.280000	0.280000	0.309760	
1000	0.297000	1.173696	1000	0.297000	0.297000	0.309746	
1000	0.306000	1.173696	1000	0.306000	0.306000	0.309742	
1000	0.302000	1.173696	1000	0.302000	0.302000	0.309734	
1000	0.320000	1.173696	1000	0.320000	0.320000	0.309745	
1000	0.282000	1.173696	1000	0.282000	0.282000	0.309716	
1000	0.337000	1.173696	1000	0.337000	0.337000	0.309745	
1000	0.290000	1.173696	1000	0.290000	0.290000	0.309724	
1000	0.326000	1.173696	1000	0.326000	0.326000	0.309741	
1000	0.304000	1.173696	1000	0.304000	0.304000	0.309735	
1000	0.312000	1.173696	1000	0.312000	0.312000	0.309737	
1000	0.324000	1.173696	1000	0.324000	0.324000	0.309752	
1000	0.318000	1.173696	1000	0.318000	0.318000	0.309760	
1000	0.297000	1.173696	1000	0.297000	0.297000	0.309747	
1000	0.306000	1.173696	1000	0.306000	0.306000	0.309744	
1000	0.315000	1.173696	1000	0.315000	0.315000	0.309749	
1000	0.294000	1.173696	1000	0.294000	0.294000	0.309733	
1000	0.314000	1.173696	1000	0.314000	0.314000	0.309737	
1000	0.292000	1.173696	1000	0.292000	0.292000	0.309719	
1000	0.329000	1.173696	1000	0.329000	0.329000	0.309739	
1000	0.309000	1.173696	1000	0.309000	0.309000	0.309738	
1000	0.319000	1.173696	1000	0.319000	0.319000	0.309747	
1000	0.299000	1.173696	1000	0.299000	0.299000	0.309737	
1000	0.342000	1.173696	1000	0.342000	0.342000	0.309769	
1000	0.308000	1.173696	1000	0.308000	0.308000	0.309767	
1000	0.335000	1.173696	1000	0.335000	0.335000	0.309793	
1000	0.317000	1.173696	1000	0.317000	0.317000	0.309800	
1000	0.292000	1.173696	1000	0.292000	0.292000	0.309782	
1000	0.294000	1.173696	1000	0.294000	0.294000	0.309766	
1000	0.271000	1.173696	1000	0.271000	0.271000	0.309727	
1000	0.306000	1.173696	1000	0.306000	0.306000	0.309724	
1000	0.290000	1.173696	1000	0.290000	0.290000	0.309704	
1000	0.317000	1.173696	1000	0.317000	0.317000	0.309711	
1000	0.295000	1.173696	1000	0.295000	0.295000	0.309696	
1000	0.292000	1.173696	1000	0.292000	0.292000	0.309679	
1000	0.300000	1.173696	1000	0.300000	0.300000	0.309669	
1000	0.278000	1.173696	1000	0.278000	0.278000	0.309637	
1000	0.307000	1.173696	1000	0.307000	0.307000	0.309635	
1000	0.319000	1.173696	1000	0.319000	0.319000	0.309644	
1000	0.303000	1.173696	1000	0.303000	0.303000	0.309638	
1000	0.307000	1.173696	1000	0.307000	0.307000	0.309635	
1000	0.325000	1.173696	1000	0.325000	0.325000	0.309650	
1000	0.296000	1.173696	1000	0.296000	0.296000	0.309637	
1000	0.330000	1.173696	1000	0.330000	0.330000	0.309657	
1000	0.318000	1.173696	1000	0.318000	0.318000	0.309665	
