Default schedule
Rate	100.00
Rate Tried	% Accepted	Rates - Dev	Rates - Tried	Rates - Accepted	Sample Ave Acceptance	Total Ave Acceptance	
1000	0.275000	1.392495	1000	0.275000	0.275000	0.181347	
1000	0.275000	1.392495	1000	0.275000	0.275000	0.189151	
1000	0.284000	1.392495	1000	0.284000	0.284000	0.196446	
1000	0.260000	1.392495	1000	0.260000	0.260000	0.200986	
1000	0.257000	1.392495	1000	0.257000	0.257000	0.204720	
1000	0.260000	1.392495	1000	0.260000	0.260000	0.208174	
1000	0.271000	1.392495	1000	0.271000	0.271000	0.211870	
1000	0.290000	1.392495	1000	0.290000	0.290000	0.216210	
1000	0.276000	1.392495	1000	0.276000	0.276000	0.219357	
1000	0.279000	1.392495	1000	0.279000	0.279000	0.222339	
1000	0.277000	1.392495	1000	0.277000	0.277000	0.224942	
1000	0.284000	1.392495	1000	0.284000	0.284000	0.227626	
1000	0.246000	1.392495	1000	0.246000	0.246000	0.228425	
1000	0.227000	1.392495	1000	0.227000	0.227000	0.228365	
1000	0.290000	1.392495	1000	0.290000	0.290000	0.230831	
1000	0.294000	1.392495	1000	0.294000	0.294000	0.233260	
1000	0.282000	1.392495	1000	0.282000	0.282000	0.235065	
1000	0.231000	1.392495	1000	0.231000	0.231000	0.234920	
1000	0.267000	1.392495	1000	0.267000	0.267000	0.236026	
1000	0.298000	1.392495	1000	0.298000	0.298000	0.238092	
1000	0.263000	1.392495	1000	0.263000	0.263000	0.238896	
1000	0.238000	1.392495	1000	0.238000	0.238000	0.238868	
1000	0.265000	1.392495	1000	0.265000	0.265000	0.239659	
1000	0.285000	1.392495	1000	0.285000	0.285000	0.240993	
1000	0.301000	1.392495	1000	0.301000	0.301000	0.242707	
1000	0.263000	1.392495	1000	0.263000	0.263000	0.243271	
1000	0.268000	1.392495	1000	0.268000	0.268000	0.243939	
1000	0.208000	1.392495	1000	0.208000	0.208000	0.242994	
1000	0.226000	1.392495	1000	0.226000	0.226000	0.242558	
1000	0.291000	1.392495	1000	0.291000	0.291000	0.243769	
1000	0.286000	1.392495	1000	0.286000	0.286000	0.244799	
1000	0.271000	1.392495	1000	0.271000	0.271000	0.245423	
1000	0.282000	1.392495	1000	0.282000	0.282000	0.246273	
1000	0.310000	1.392495	1000	0.310000	0.310000	0.247722	
1000	0.285000	1.392495	1000	0.285000	0.285000	0.248550	
1000	0.292000	1.392495	1000	0.292000	0.292000	0.249495	
1000	0.264000	1.392495	1000	0.264000	0.264000	0.249803	
1000	0.288000	1.392495	1000	0.288000	0.288000	0.250599	
1000	0.282000	1.392495	1000	0.282000	0.282000	0.251240	
1000	0.290000	1.392495	1000	0.290000	0.290000	0.252015	
1000	0.269000	1.392495	1000	0.269000	0.269000	0.252348	
1000	0.260000	1.392495	1000	0.260000	0.260000	0.252495	
1000	0.265000	1.392495	1000	0.265000	0.265000	0.252731	
1000	0.202000	1.392495	1000	0.202000	0.202000	0.251792	
1000	0.212000	1.392495	1000	0.212000	0.212000	0.251068	
1000	0.276000	1.392495	1000	0.276000	0.276000	0.251513	
1000	0.259000	1.392495	1000	0.259000	0.259000	0.251645	
1000	0.280000	1.392495	1000	0.280000	0.280000	0.252134	
1000	0.287000	1.392495	1000	0.287000	0.287000	0.252725	
1000	0.284000	1.392495	1000	0.284000	0.284000	0.253246	
1000	0.214000	1.392495	1000	0.214000	0.214000	0.252602	
1000	0.289000	1.392495	1000	0.289000	0.289000	0.253189	
1000	0.288000	1.392495	1000	0.288000	0.288000	0.253742	
1000	0.255000	1.392495	1000	0.255000	0.255000	0.253762	
1000	0.221000	1.392495	1000	0.221000	0.221000	0.253258	
1000	0.248000	1.392495	1000	0.248000	0.248000	0.253178	
1000	0.282000	1.392495	1000	0.282000	0.282000	0.253608	
1000	0.302000	1.392495	1000	0.302000	0.302000	0.254320	
1000	0.280000	1.392495	1000	0.280000	0.280000	0.254692	
1000	0.279000	1.392495	1000	0.279000	0.279000	0.255039	
1000	0.286000	1.392495	1000	0.286000	0.286000	0.255475	
1000	0.262000	1.392495	1000	0.262000	0.262000	0.255566	
1000	0.262000	1.392495	1000	0.262000	0.262000	0.255654	
1000	0.235000	1.392495	1000	0.235000	0.235000	0.255375	
1000	0.292000	1.392495	1000	0.292000	0.292000	0.255863	
1000	0.271000	1.392495	1000	0.271000	0.271000	0.256062	
1000	0.272000	1.392495	1000	0.272000	0.272000	0.256269	
1000	0.273000	1.392495	1000	0.273000	0.273000	0.256484	
1000	0.235000	1.392495	1000	0.235000	0.235000	0.256212	
1000	0.254000	1.392495	1000	0.254000	0.254000	0.256184	
1000	0.308000	1.392495	1000	0.308000	0.308000	0.256824	
1000	0.281000	1.392495	1000	0.281000	0.281000	0.257119	
1000	0.317000	1.392495	1000	0.317000	0.317000	0.257840	
1000	0.269000	1.392495	1000	0.269000	0.269000	0.257973	
1000	0.295000	1.392495	1000	0.295000	0.295000	0.258409	
1000	0.249000	1.392495	1000	0.249000	0.249000	0.258299	
1000	0.274000	1.392495	1000	0.274000	0.274000	0.258480	
1000	0.248000	1.392495	1000	0.248000	0.248000	0.258361	
1000	0.233000	1.392495	1000	0.233000	0.233000	0.258076	
1000	0.195000	1.392495	1000	0.195000	0.195000	0.257375	
1000	0.558000	0.718869	1000	0.558000	0.558000	0.260678	
1000	0.391000	1.055050	1000	0.391000	0.391000	0.262095	
1000	0.388000	1.055050	1000	0.388000	0.388000	0.263449	
1000	0.407000	1.055050	1000	0.407000	0.407000	0.264976	
1000	0.184000	1.833519	1000	0.184000	0.184000	0.264124	
1000	0.364000	1.111609	1000	0.364000	0.364000	0.265164	
1000	0.349000	1.111609	1000	0.349000	0.349000	0.266028	
1000	0.391000	1.111609	1000	0.391000	0.391000	0.267303	
1000	0.372000	1.111609	1000	0.372000	0.372000	0.268361	
1000	0.346000	1.111609	1000	0.346000	0.346000	0.269137	
1000	0.347000	1.111609	1000	0.347000	0.347000	0.269908	
1000	0.359000	1.111609	1000	0.359000	0.359000	0.270782	
1000	0.361000	1.111609	1000	0.361000	0.361000	0.271658	
1000	0.360000	1.111609	1000	0.360000	0.360000	0.272507	
1000	0.382000	1.111609	1000	0.382000	0.382000	0.273550	
1000	0.371000	1.111609	1000	0.371000	0.371000	0.274469	
1000	0.364000	1.111609	1000	0.364000	0.364000	0.275306	
1000	0.356000	1.111609	1000	0.356000	0.356000	0.276053	
1000	0.366000	1.111609	1000	0.366000	0.366000	0.276878	
1000	0.354000	1.111609	1000	0.354000	0.354000	0.277579	
1000	0.256000	1.111609	1000	0.256000	0.256000	0.277385	
1000	0.270000	1.111609	1000	0.270000	0.270000	0.277319	
1000	0.278000	1.111609	1000	0.278000	0.278000	0.277325	
1000	0.329000	1.111609	1000	0.329000	0.329000	0.277778	
1000	0.366000	1.111609	1000	0.366000	0.366000	0.278545	
1000	0.321000	1.111609	1000	0.321000	0.321000	0.278911	
1000	0.348000	1.111609	1000	0.348000	0.348000	0.279502	
1000	0.380000	1.111609	1000	0.380000	0.380000	0.280354	
1000	0.367000	1.111609	1000	0.367000	0.367000	0.281082	
1000	0.378000	1.111609	1000	0.378000	0.378000	0.281889	
1000	0.355000	1.111609	1000	0.355000	0.355000	0.282494	
1000	0.355000	1.111609	1000	0.355000	0.355000	0.283088	
1000	0.373000	1.111609	1000	0.373000	0.373000	0.283819	
1000	0.331000	1.111609	1000	0.331000	0.331000	0.284199	
1000	0.354000	1.111609	1000	0.354000	0.354000	0.284758	
1000	0.337000	1.111609	1000	0.337000	0.337000	0.285172	
1000	0.295000	1.111609	1000	0.295000	0.295000	0.285250	
1000	0.292000	1.111609	1000	0.292000	0.292000	0.285302	
1000	0.303000	1.111609	1000	0.303000	0.303000	0.285440	
1000	0.317000	1.111609	1000	0.317000	0.317000	0.285682	
1000	0.348000	1.111609	1000	0.348000	0.348000	0.286158	
1000	0.406000	1.111609	1000	0.406000	0.406000	0.287066	
1000	0.272000	1.388069	1000	0.272000	0.272000	0.286953	
1000	0.270000	1.388069	1000	0.270000	0.270000	0.286826	
1000	0.304000	1.388069	1000	0.304000	0.304000	0.286953	
1000	0.303000	1.388069	1000	0.303000	0.303000	0.287071	
1000	0.272000	1.388069	1000	0.272000	0.272000	0.286961	
1000	0.273000	1.388069	1000	0.273000	0.273000	0.286860	
1000	0.261000	1.388069	1000	0.261000	0.261000	0.286674	
1000	0.314000	1.388069	1000	0.314000	0.314000	0.286869	
1000	0.297000	1.388069	1000	0.297000	0.297000	0.286941	
1000	0.294000	1.388069	1000	0.294000	0.294000	0.286991	
1000	0.302000	1.388069	1000	0.302000	0.302000	0.287096	
1000	0.286000	1.388069	1000	0.286000	0.286000	0.287088	
1000	0.289000	1.388069	1000	0.289000	0.289000	0.287101	
1000	0.308000	1.388069	1000	0.308000	0.308000	0.287245	
1000	0.272000	1.388069	1000	0.272000	0.272000	0.287141	
1000	0.306000	1.388069	1000	0.306000	0.306000	0.287268	
1000	0.272000	1.388069	1000	0.272000	0.272000	0.287166	
1000	0.247000	1.388069	1000	0.247000	0.247000	0.286898	
1000	0.208000	1.388069	1000	0.208000	0.208000	0.286376	
1000	0.292000	1.388069	1000	0.292000	0.292000	0.286413	
1000	0.302000	1.388069	1000	0.302000	0.302000	0.286514	
1000	0.289000	1.388069	1000	0.289000	0.289000	0.286531	
1000	0.318000	1.388069	1000	0.318000	0.318000	0.286734	
1000	0.291000	1.388069	1000	0.291000	0.291000	0.286761	
1000	0.307000	1.388069	1000	0.307000	0.307000	0.286890	
1000	0.204000	1.388069	1000	0.204000	0.204000	0.286365	
1000	0.216000	1.388069	1000	0.216000	0.216000	0.285923	
1000	0.280000	1.388069	1000	0.280000	0.280000	0.285886	
1000	0.264000	1.388069	1000	0.264000	0.264000	0.285750	
1000	0.312000	1.388069	1000	0.312000	0.312000	0.285912	
1000	0.274000	1.388069	1000	0.274000	0.274000	0.285839	
1000	0.251000	1.388069	1000	0.251000	0.251000	0.285626	
1000	0.266000	1.388069	1000	0.266000	0.266000	0.285507	
1000	0.233000	1.388069	1000	0.233000	0.233000	0.285191	
1000	0.263000	1.388069	1000	0.263000	0.263000	0.285058	
1000	0.275000	1.388069	1000	0.275000	0.275000	0.284998	
1000	0.239000	1.388069	1000	0.239000	0.239000	0.284726	
1000	0.259000	1.388069	1000	0.259000	0.259000	0.284575	
1000	0.275000	1.388069	1000	0.275000	0.275000	0.284519	
1000	0.299000	1.388069	1000	0.299000	0.299000	0.284603	
1000	0.304000	1.388069	1000	0.304000	0.304000	0.284715	
1000	0.270000	1.388069	1000	0.270000	0.270000	0.284631	
1000	0.283000	1.388069	1000	0.283000	0.283000	0.284621	
1000	0.278000	1.388069	1000	0.278000	0.278000	0.284584	
1000	0.276000	1.388069	1000	0.276000	0.276000	0.284535	
1000	0.294000	1.388069	1000	0.294000	0.294000	0.284588	
1000	0.286000	1.388069	1000	0.286000	0.286000	0.284596	
1000	0.260000	1.388069	1000	0.260000	0.260000	0.284460	
1000	0.272000	1.388069	1000	0.272000	0.272000	0.284391	
1000	0.272000	1.388069	1000	0.272000	0.272000	0.284323	
1000	0.281000	1.388069	1000	0.281000	0.281000	0.284304	
1000	0.281000	1.388069	1000	0.281000	0.281000	0.284286	
1000	0.279000	1.388069	1000	0.279000	0.279000	0.284258	
1000	0.226000	1.388069	1000	0.226000	0.226000	0.283945	
1000	0.272000	1.388069	1000	0.272000	0.272000	0.283881	
1000	0.299000	1.388069	1000	0.299000	0.299000	0.283961	
1000	0.292000	1.388069	1000	0.292000	0.292000	0.284004	
1000	0.312000	1.388069	1000	0.312000	0.312000	0.284151	
1000	0.290000	1.388069	1000	0.290000	0.290000	0.284182	
1000	0.242000	1.388069	1000	0.242000	0.242000	0.283962	
1000	0.260000	1.388069	1000	0.260000	0.260000	0.283838	
1000	0.314000	1.388069	1000	0.314000	0.314000	0.283993	
1000	0.266000	1.388069	1000	0.266000	0.266000	0.283901	
1000	0.284000	1.388069	1000	0.284000	0.284000	0.283902	
1000	0.252000	1.388069	1000	0.252000	0.252000	0.283740	
1000	0.256000	1.388069	1000	0.256000	0.256000	0.283600	
1000	0.277000	1.388069	1000	0.277000	0.277000	0.283566	
1000	0.243000	1.388069	1000	0.243000	0.243000	0.283364	
1000	0.229000	1.388069	1000	0.229000	0.229000	0.283093	
1000	0.283000	1.388069	1000	0.283000	0.283000	0.283093	
1000	0.284000	1.388069	1000	0.284000	0.284000	0.283097	
1000	0.263000	1.388069	1000	0.263000	0.263000	0.282999	
1000	0.288000	1.388069	1000	0.288000	0.288000	0.283023	
1000	0.281000	1.388069	1000	0.281000	0.281000	0.283013	
1000	0.317000	1.388069	1000	0.317000	0.317000	0.283177	
1000	0.287000	1.388069	1000	0.287000	0.287000	0.283196	
1000	0.274000	1.388069	1000	0.274000	0.274000	0.283152	
1000	0.290000	1.388069	1000	0.290000	0.290000	0.283184	
1000	0.297000	1.388069	1000	0.297000	0.297000	0.283250	
1000	0.269000	1.388069	1000	0.269000	0.269000	0.283183	
1000	0.286000	1.388069	1000	0.286000	0.286000	0.283196	
1000	0.219000	1.388069	1000	0.219000	0.219000	0.282896	
1000	0.209000	1.388069	1000	0.209000	0.209000	0.282552	
1000	0.242000	1.388069	1000	0.242000	0.242000	0.282364	
1000	0.287000	1.388069	1000	0.287000	0.287000	0.282386	
1000	0.280000	1.388069	1000	0.280000	0.280000	0.282375	
1000	0.312000	1.388069	1000	0.312000	0.312000	0.282510	
1000	0.252000	1.388069	1000	0.252000	0.252000	0.282371	
1000	0.284000	1.388069	1000	0.284000	0.284000	0.282379	
1000	0.308000	1.388069	1000	0.308000	0.308000	0.282494	
1000	0.317000	1.388069	1000	0.317000	0.317000	0.282649	
1000	0.299000	1.388069	1000	0.299000	0.299000	0.282722	
1000	0.277000	1.388069	1000	0.277000	0.277000	0.282697	
1000	0.276000	1.388069	1000	0.276000	0.276000	0.282667	
1000	0.302000	1.388069	1000	0.302000	0.302000	0.282752	
1000	0.223000	1.388069	1000	0.223000	0.223000	0.282490	
1000	0.213000	1.388069	1000	0.213000	0.213000	0.282187	
1000	0.292000	1.388069	1000	0.292000	0.292000	0.282229	
1000	0.300000	1.388069	1000	0.300000	0.300000	0.282306	
1000	0.320000	1.388069	1000	0.320000	0.320000	0.282469	
1000	0.296000	1.388069	1000	0.296000	0.296000	0.282527	
1000	0.286000	1.388069	1000	0.286000	0.286000	0.282542	
1000	0.269000	1.388069	1000	0.269000	0.269000	0.282484	
1000	0.262000	1.388069	1000	0.262000	0.262000	0.282397	
1000	0.271000	1.388069	1000	0.271000	0.271000	0.282349	
1000	0.241000	1.388069	1000	0.241000	0.241000	0.282175	
1000	0.278000	1.388069	1000	0.278000	0.278000	0.282158	
1000	0.290000	1.388069	1000	0.290000	0.290000	0.282190	
1000	0.308000	1.388069	1000	0.308000	0.308000	0.282298	
1000	0.287000	1.388069	1000	0.287000	0.287000	0.282317	
1000	0.259000	1.388069	1000	0.259000	0.259000	0.282221	
1000	0.284000	1.388069	1000	0.284000	0.284000	0.282228	
1000	0.286000	1.388069	1000	0.286000	0.286000	0.282244	
1000	0.301000	1.388069	1000	0.301000	0.301000	0.282320	
1000	0.276000	1.388069	1000	0.276000	0.276000	0.282294	
1000	0.280000	1.388069	1000	0.280000	0.280000	0.282285	
1000	0.254000	1.388069	1000	0.254000	0.254000	0.282172	
1000	0.300000	1.388069	1000	0.300000	0.300000	0.282243	
1000	0.297000	1.388069	1000	0.297000	0.297000	0.282302	
1000	0.300000	1.388069	1000	0.300000	0.300000	0.282372	
1000	0.274000	1.388069	1000	0.274000	0.274000	0.282339	
1000	0.264000	1.388069	1000	0.264000	0.264000	0.282267	
1000	0.283000	1.388069	1000	0.283000	0.283000	0.282269	
1000	0.298000	1.388069	1000	0.298000	0.298000	0.282331	
1000	0.291000	1.388069	1000	0.291000	0.291000	0.282365	
1000	0.274000	1.388069	1000	0.274000	0.274000	0.282332	
1000	0.288000	1.388069	1000	0.288000	0.288000	0.282354	
1000	0.283000	1.388069	1000	0.283000	0.283000	0.282357	
1000	0.282000	1.388069	1000	0.282000	0.282000	0.282355	
1000	0.278000	1.388069	1000	0.278000	0.278000	0.282339	
1000	0.259000	1.388069	1000	0.259000	0.259000	0.282250	
1000	0.295000	1.388069	1000	0.295000	0.295000	0.282298	
1000	0.277000	1.388069	1000	0.277000	0.277000	0.282278	
1000	0.220000	1.388069	1000	0.220000	0.220000	0.282044	
1000	0.273000	1.388069	1000	0.273000	0.273000	0.282010	
1000	0.283000	1.388069	1000	0.283000	0.283000	0.282014	
1000	0.276000	1.388069	1000	0.276000	0.276000	0.281992	
1000	0.284000	1.388069	1000	0.284000	0.284000	0.281999	
1000	0.293000	1.388069	1000	0.293000	0.293000	0.282040	
1000	0.275000	1.388069	1000	0.275000	0.275000	0.282014	
1000	0.281000	1.388069	1000	0.281000	0.281000	0.282010	
1000	0.282000	1.388069	1000	0.282000	0.282000	0.282010	
1000	0.269000	1.388069	1000	0.269000	0.269000	0.281963	
1000	0.282000	1.388069	1000	0.282000	0.282000	0.281963	
1000	0.255000	1.388069	1000	0.255000	0.255000	0.281865	
1000	0.265000	1.388069	1000	0.265000	0.265000	0.281805	
1000	0.267000	1.388069	1000	0.267000	0.267000	0.281752	
1000	0.305000	1.388069	1000	0.305000	0.305000	0.281835	
1000	0.234000	1.388069	1000	0.234000	0.234000	0.281664	
1000	0.252000	1.388069	1000	0.252000	0.252000	0.281559	
1000	0.290000	1.388069	1000	0.290000	0.290000	0.281589	
1000	0.283000	1.388069	1000	0.283000	0.283000	0.281594	
1000	0.278000	1.388069	1000	0.278000	0.278000	0.281581	
1000	0.302000	1.388069	1000	0.302000	0.302000	0.281653	
1000	0.215000	1.388069	1000	0.215000	0.215000	0.281421	
1000	0.283000	1.388069	1000	0.283000	0.283000	0.281426	
1000	0.230000	1.388069	1000	0.230000	0.230000	0.281248	
1000	0.255000	1.388069	1000	0.255000	0.255000	0.281158	
1000	0.270000	1.388069	1000	0.270000	0.270000	0.281119	
1000	0.292000	1.388069	1000	0.292000	0.292000	0.281157	
1000	0.309000	1.388069	1000	0.309000	0.309000	0.281252	
1000	0.293000	1.388069	1000	0.293000	0.293000	0.281292	
1000	0.282000	1.388069	1000	0.282000	0.282000	0.281294	
1000	0.296000	1.388069	1000	0.296000	0.296000	0.281344	
1000	0.287000	1.388069	1000	0.287000	0.287000	0.281363	
1000	0.269000	1.388069	1000	0.269000	0.269000	0.281321	
1000	0.272000	1.388069	1000	0.272000	0.272000	0.281290	
1000	0.211000	1.388069	1000	0.211000	0.211000	0.281056	
1000	0.221000	1.388069	1000	0.221000	0.221000	0.280856	
1000	0.207000	1.388069	1000	0.207000	0.207000	0.280612	
1000	0.285000	1.388069	1000	0.285000	0.285000	0.280626	
1000	0.228000	1.388069	1000	0.228000	0.228000	0.280453	
1000	0.218000	1.388069	1000	0.218000	0.218000	0.280248	
1000	0.275000	1.388069	1000	0.275000	0.275000	0.280231	
1000	0.295000	1.388069	1000	0.295000	0.295000	0.280279	
1000	0.269000	1.388069	1000	0.269000	0.269000	0.280243	
1000	0.227000	1.388069	1000	0.227000	0.227000	0.280070	
1000	0.291000	1.388069	1000	0.291000	0.291000	0.280106	
1000	0.266000	1.388069	1000	0.266000	0.266000	0.280060	
1000	0.281000	1.388069	1000	0.281000	0.281000	0.280063	
1000	0.274000	1.388069	1000	0.274000	0.274000	0.280044	
1000	0.290000	1.388069	1000	0.290000	0.290000	0.280076	
1000	0.251000	1.388069	1000	0.251000	0.251000	0.279983	
1000	0.269000	1.388069	1000	0.269000	0.269000	0.279948	
1000	0.256000	1.388069	1000	0.256000	0.256000	0.279873	
1000	0.265000	1.388069	1000	0.265000	0.265000	0.279826	
1000	0.246000	1.388069	1000	0.246000	0.246000	0.279720	
1000	0.294000	1.388069	1000	0.294000	0.294000	0.279765	
1000	0.266000	1.388069	1000	0.266000	0.266000	0.279722	
1000	0.257000	1.388069	1000	0.257000	0.257000	0.279651	
1000	0.260000	1.388069	1000	0.260000	0.260000	0.279590	
1000	0.262000	1.388069	1000	0.262000	0.262000	0.279536	
1000	0.273000	1.388069	1000	0.273000	0.273000	0.279516	
1000	0.257000	1.388069	1000	0.257000	0.257000	0.279447	
1000	0.278000	1.388069	1000	0.278000	0.278000	0.279443	
1000	0.211000	1.388069	1000	0.211000	0.211000	0.279234	
1000	0.271000	1.388069	1000	0.271000	0.271000	0.279209	
1000	0.291000	1.388069	1000	0.291000	0.291000	0.279245	
1000	0.295000	1.388069	1000	0.295000	0.295000	0.279292	
1000	0.313000	1.388069	1000	0.313000	0.313000	0.279394	
1000	0.271000	1.388069	1000	0.271000	0.271000	0.279369	
1000	0.253000	1.388069	1000	0.253000	0.253000	0.279290	
1000	0.311000	1.388069	1000	0.311000	0.311000	0.279384	
1000	0.217000	1.388069	1000	0.217000	0.217000	0.279199	
1000	0.217000	1.388069	1000	0.217000	0.217000	0.279014	
1000	0.238000	1.388069	1000	0.238000	0.238000	0.278893	
1000	0.290000	1.388069	1000	0.290000	0.290000	0.278925	
1000	0.268000	1.388069	1000	0.268000	0.268000	0.278893	
1000	0.259000	1.388069	1000	0.259000	0.259000	0.278835	
1000	0.256000	1.388069	1000	0.256000	0.256000	0.278768	
1000	0.245000	1.388069	1000	0.245000	0.245000	0.278670	
1000	0.255000	1.388069	1000	0.255000	0.255000	0.278601	
1000	0.250000	1.388069	1000	0.250000	0.250000	0.278518	
1000	0.310000	1.388069	1000	0.310000	0.310000	0.278609	
1000	0.263000	1.388069	1000	0.263000	0.263000	0.278564	
1000	0.301000	1.388069	1000	0.301000	0.301000	0.278629	
1000	0.269000	1.388069	1000	0.269000	0.269000	0.278601	
1000	0.289000	1.388069	1000	0.289000	0.289000	0.278631	
1000	0.284000	1.388069	1000	0.284000	0.284000	0.278646	
1000	0.293000	1.388069	1000	0.293000	0.293000	0.278687	
1000	0.272000	1.388069	1000	0.272000	0.272000	0.278668	
1000	0.299000	1.388069	1000	0.299000	0.299000	0.278725	
1000	0.303000	1.388069	1000	0.303000	0.303000	0.278794	
1000	0.282000	1.388069	1000	0.282000	0.282000	0.278803	
1000	0.321000	1.388069	1000	0.321000	0.321000	0.278921	
1000	0.288000	1.388069	1000	0.288000	0.288000	0.278946	
1000	0.274000	1.388069	1000	0.274000	0.274000	0.278932	
1000	0.259000	1.388069	1000	0.259000	0.259000	0.278877	
1000	0.238000	1.388069	1000	0.238000	0.238000	0.278764	
1000	0.228000	1.388069	1000	0.228000	0.228000	0.278624	
1000	0.213000	1.388069	1000	0.213000	0.213000	0.278443	
1000	0.294000	1.388069	1000	0.294000	0.294000	0.278485	
1000	0.297000	1.388069	1000	0.297000	0.297000	0.278536	
1000	0.280000	1.388069	1000	0.280000	0.280000	0.278540	
1000	0.282000	1.388069	1000	0.282000	0.282000	0.278550	
1000	0.270000	1.388069	1000	0.270000	0.270000	0.278526	
1000	0.273000	1.388069	1000	0.273000	0.273000	0.278511	
1000	0.266000	1.388069	1000	0.266000	0.266000	0.278478	
1000	0.276000	1.388069	1000	0.276000	0.276000	0.278471	
1000	0.271000	1.388069	1000	0.271000	0.271000	0.278451	
1000	0.284000	1.388069	1000	0.284000	0.284000	0.278466	
1000	0.267000	1.388069	1000	0.267000	0.267000	0.278435	
1000	0.289000	1.388069	1000	0.289000	0.289000	0.278463	
1000	0.277000	1.388069	1000	0.277000	0.277000	0.278459	
1000	0.272000	1.388069	1000	0.272000	0.272000	0.278442	
1000	0.265000	1.388069	1000	0.265000	0.265000	0.278407	
1000	0.264000	1.388069	1000	0.264000	0.264000	0.278369	
1000	0.309000	1.388069	1000	0.309000	0.309000	0.278449	
1000	0.312000	1.388069	1000	0.312000	0.312000	0.278537	
1000	0.307000	1.388069	1000	0.307000	0.307000	0.278612	
1000	0.267000	1.388069	1000	0.267000	0.267000	0.278582	
1000	0.278000	1.388069	1000	0.278000	0.278000	0.278580	
1000	0.270000	1.388069	1000	0.270000	0.270000	0.278558	
1000	0.253000	1.388069	1000	0.253000	0.253000	0.278492	
1000	0.294000	1.388069	1000	0.294000	0.294000	0.278532	
1000	0.295000	1.388069	1000	0.295000	0.295000	0.278574	
1000	0.285000	1.388069	1000	0.285000	0.285000	0.278591	
1000	0.257000	1.388069	1000	0.257000	0.257000	0.278535	
1000	0.293000	1.388069	1000	0.293000	0.293000	0.278572	
1000	0.263000	1.388069	1000	0.263000	0.263000	0.278532	
1000	0.253000	1.388069	1000	0.253000	0.253000	0.278467	
1000	0.231000	1.388069	1000	0.231000	0.231000	0.278347	
1000	0.270000	1.388069	1000	0.270000	0.270000	0.278326	
1000	0.279000	1.388069	1000	0.279000	0.279000	0.278328	
1000	0.290000	1.388069	1000	0.290000	0.290000	0.278357	
1000	0.295000	1.388069	1000	0.295000	0.295000	0.278399	
1000	0.257000	1.388069	1000	0.257000	0.257000	0.278345	
1000	0.212000	1.388069	1000	0.212000	0.212000	0.278179	
1000	0.294000	1.388069	1000	0.294000	0.294000	0.278219	
1000	0.250000	1.388069	1000	0.250000	0.250000	0.278149	
1000	0.286000	1.388069	1000	0.286000	0.286000	0.278168	
1000	0.270000	1.388069	1000	0.270000	0.270000	0.278148	
1000	0.319000	1.388069	1000	0.319000	0.319000	0.278249	
1000	0.245000	1.388069	1000	0.245000	0.245000	0.278167	
1000	0.310000	1.388069	1000	0.310000	0.310000	0.278245	
1000	0.281000	1.388069	1000	0.281000	0.281000	0.278252	
1000	0.271000	1.388069	1000	0.271000	0.271000	0.278234	
1000	0.273000	1.388069	1000	0.273000	0.273000	0.278221	
1000	0.276000	1.388069	1000	0.276000	0.276000	0.278216	
1000	0.296000	1.388069	1000	0.296000	0.296000	0.278259	
1000	0.278000	1.388069	1000	0.278000	0.278000	0.278258	
1000	0.282000	1.388069	1000	0.282000	0.282000	0.278267	
1000	0.320000	1.388069	1000	0.320000	0.320000	0.278368	
1000	0.241000	1.388069	1000	0.241000	0.241000	0.278278	
1000	0.283000	1.388069	1000	0.283000	0.283000	0.278290	
1000	0.265000	1.388069	1000	0.265000	0.265000	0.278258	
1000	0.265000	1.388069	1000	0.265000	0.265000	0.278226	
1000	0.264000	1.388069	1000	0.264000	0.264000	0.278192	
1000	0.268000	1.388069	1000	0.268000	0.268000	0.278168	
1000	0.294000	1.388069	1000	0.294000	0.294000	0.278206	
1000	0.277000	1.388069	1000	0.277000	0.277000	0.278203	
1000	0.297000	1.388069	1000	0.297000	0.297000	0.278247	
1000	0.275000	1.388069	1000	0.275000	0.275000	0.278239	
1000	0.229000	1.388069	1000	0.229000	0.229000	0.278124	
1000	0.280000	1.388069	1000	0.280000	0.280000	0.278128	
1000	0.284000	1.388069	1000	0.284000	0.284000	0.278142	
1000	0.251000	1.388069	1000	0.251000	0.251000	0.278079	
1000	0.297000	1.388069	1000	0.297000	0.297000	0.278123	
1000	0.271000	1.388069	1000	0.271000	0.271000	0.278106	
1000	0.233000	1.388069	1000	0.233000	0.233000	0.278002	
1000	0.267000	1.388069	1000	0.267000	0.267000	0.277976	
1000	0.294000	1.388069	1000	0.294000	0.294000	0.278013	
1000	0.298000	1.388069	1000	0.298000	0.298000	0.278059	
1000	0.213000	1.388069	1000	0.213000	0.213000	0.277910	
1000	0.247000	1.388069	1000	0.247000	0.247000	0.277839	
1000	0.281000	1.388069	1000	0.281000	0.281000	0.277846	
1000	0.272000	1.388069	1000	0.272000	0.272000	0.277833	
1000	0.311000	1.388069	1000	0.311000	0.311000	0.277908	
1000	0.298000	1.388069	1000	0.298000	0.298000	0.277954	
1000	0.301000	1.388069	1000	0.301000	0.301000	0.278006	
1000	0.296000	1.388069	1000	0.296000	0.296000	0.278047	
1000	0.289000	1.388069	1000	0.289000	0.289000	0.278071	
1000	0.307000	1.388069	1000	0.307000	0.307000	0.278136	
1000	0.297000	1.388069	1000	0.297000	0.297000	0.278179	
1000	0.246000	1.388069	1000	0.246000	0.246000	0.278107	
1000	0.266000	1.388069	1000	0.266000	0.266000	0.278080	
1000	0.253000	1.388069	1000	0.253000	0.253000	0.278024	
1000	0.289000	1.388069	1000	0.289000	0.289000	0.278048	
1000	0.267000	1.388069	1000	0.267000	0.267000	0.278024	
1000	0.289000	1.388069	1000	0.289000	0.289000	0.278048	
1000	0.292000	1.388069	1000	0.292000	0.292000	0.278079	
1000	0.299000	1.388069	1000	0.299000	0.299000	0.278125	
1000	0.292000	1.388069	1000	0.292000	0.292000	0.278155	
1000	0.316000	1.388069	1000	0.316000	0.316000	0.278238	
1000	0.281000	1.388069	1000	0.281000	0.281000	0.278244	
1000	0.283000	1.388069	1000	0.283000	0.283000	0.278255	
1000	0.283000	1.388069	1000	0.283000	0.283000	0.278265	
1000	0.252000	1.388069	1000	0.252000	0.252000	0.278208	
1000	0.267000	1.388069	1000	0.267000	0.267000	0.278184	
1000	0.270000	1.388069	1000	0.270000	0.270000	0.278166	
1000	0.277000	1.388069	1000	0.277000	0.277000	0.278164	
1000	0.265000	1.388069	1000	0.265000	0.265000	0.278135	
1000	0.305000	1.388069	1000	0.305000	0.305000	0.278193	
1000	0.290000	1.388069	1000	0.290000	0.290000	0.278218	
1000	0.303000	1.388069	1000	0.303000	0.303000	0.278271	
1000	0.284000	1.388069	1000	0.284000	0.284000	0.278284	
1000	0.286000	1.388069	1000	0.286000	0.286000	0.278300	
1000	0.256000	1.388069	1000	0.256000	0.256000	0.278253	
1000	0.252000	1.388069	1000	0.252000	0.252000	0.278197	
1000	0.297000	1.388069	1000	0.297000	0.297000	0.278237	
1000	0.250000	1.388069	1000	0.250000	0.250000	0.278177	
1000	0.283000	1.388069	1000	0.283000	0.283000	0.278187	
1000	0.295000	1.388069	1000	0.295000	0.295000	0.278223	
1000	0.255000	1.388069	1000	0.255000	0.255000	0.278174	
1000	0.276000	1.388069	1000	0.276000	0.276000	0.278169	
1000	0.269000	1.388069	1000	0.269000	0.269000	0.278150	
1000	0.264000	1.388069	1000	0.264000	0.264000	0.278121	
1000	0.265000	1.388069	1000	0.265000	0.265000	0.278093	
1000	0.293000	1.388069	1000	0.293000	0.293000	0.278124	
1000	0.292000	1.388069	1000	0.292000	0.292000	0.278153	
1000	0.302000	1.388069	1000	0.302000	0.302000	0.278202	
1000	0.252000	1.388069	1000	0.252000	0.252000	0.278148	
1000	0.282000	1.388069	1000	0.282000	0.282000	0.278156	
1000	0.295000	1.388069	1000	0.295000	0.295000	0.278191	
1000	0.273000	1.388069	1000	0.273000	0.273000	0.278180	
1000	0.237000	1.388069	1000	0.237000	0.237000	0.278096	
1000	0.257000	1.388069	1000	0.257000	0.257000	0.278053	
1000	0.267000	1.388069	1000	0.267000	0.267000	0.278030	
1000	0.286000	1.388069	1000	0.286000	0.286000	0.278046	
1000	0.234000	1.388069	1000	0.234000	0.234000	0.277957	
1000	0.235000	1.388069	1000	0.235000	0.235000	0.277870	
1000	0.258000	1.388069	1000	0.258000	0.258000	0.277829	
1000	0.303000	1.388069	1000	0.303000	0.303000	0.277880	
1000	0.242000	1.388069	1000	0.242000	0.242000	0.277808	
1000	0.206000	1.388069	1000	0.206000	0.206000	0.277663	
1000	0.282000	1.388069	1000	0.282000	0.282000	0.277672	
1000	0.226000	1.388069	1000	0.226000	0.226000	0.277569	
1000	0.218000	1.388069	1000	0.218000	0.218000	0.277449	
1000	0.274000	1.388069	1000	0.274000	0.274000	0.277443	
1000	0.211000	1.388069	1000	0.211000	0.211000	0.277310	
1000	0.278000	1.388069	1000	0.278000	0.278000	0.277312	
1000	0.258000	1.388069	1000	0.258000	0.258000	0.277273	
1000	0.226000	1.388069	1000	0.226000	0.226000	0.277172	
1000	0.195000	1.388069	1000	0.195000	0.195000	0.277009	
1000	0.420000	0.900108	1000	0.420000	0.420000	0.277291	
1000	0.467000	0.951681	1000	0.467000	0.467000	0.277665	
1000	0.355000	1.064198	1000	0.355000	0.355000	0.277817	
1000	0.386000	1.064198	1000	0.386000	0.386000	0.278029	
1000	0.396000	1.064198	1000	0.396000	0.396000	0.278260	
1000	0.411000	1.064198	1000	0.411000	0.411000	0.278519	
1000	0.326000	1.208520	1000	0.326000	0.326000	0.278612	
1000	0.310000	1.208520	1000	0.310000	0.310000	0.278673	
1000	0.267000	1.208520	1000	0.267000	0.267000	0.278650	
1000	0.359000	1.208520	1000	0.359000	0.359000	0.278806	
1000	0.352000	1.208520	1000	0.352000	0.352000	0.278947	
1000	0.325000	1.208520	1000	0.325000	0.325000	0.279036	
1000	0.383000	1.208520	1000	0.383000	0.383000	0.279236	
1000	0.354000	1.208520	1000	0.354000	0.354000	0.279380	
1000	0.350000	1.208520	1000	0.350000	0.350000	0.279516	
1000	0.302000	1.208520	1000	0.302000	0.302000	0.279559	
1000	0.302000	1.208520	1000	0.302000	0.302000	0.279602	
1000	0.249000	1.208520	1000	0.249000	0.249000	0.279543	
1000	0.290000	1.208520	1000	0.290000	0.290000	0.279563	
1000	0.268000	1.208520	1000	0.268000	0.268000	0.279541	
1000	0.345000	1.208520	1000	0.345000	0.345000	0.279666	
1000	0.329000	1.208520	1000	0.329000	0.329000	0.279759	
1000	0.360000	1.208520	1000	0.360000	0.360000	0.279911	
1000	0.337000	1.208520	1000	0.337000	0.337000	0.280018	
1000	0.340000	1.208520	1000	0.340000	0.340000	0.280131	
1000	0.325000	1.208520	1000	0.325000	0.325000	0.280216	
1000	0.356000	1.208520	1000	0.356000	0.356000	0.280358	
1000	0.359000	1.208520	1000	0.359000	0.359000	0.280505	
1000	0.324000	1.208520	1000	0.324000	0.324000	0.280586	
1000	0.327000	1.208520	1000	0.327000	0.327000	0.280673	
1000	0.333000	1.208520	1000	0.333000	0.333000	0.280770	
1000	0.284000	1.208520	1000	0.284000	0.284000	0.280776	
1000	0.254000	1.208520	1000	0.254000	0.254000	0.280727	
1000	0.259000	1.208520	1000	0.259000	0.259000	0.280687	
1000	0.311000	1.208520	1000	0.311000	0.311000	0.280743	
1000	0.347000	1.208520	1000	0.347000	0.347000	0.280865	
1000	0.321000	1.208520	1000	0.321000	0.321000	0.280939	
1000	0.338000	1.208520	1000	0.338000	0.338000	0.281044	
1000	0.302000	1.208520	1000	0.302000	0.302000	0.281082	
1000	0.340000	1.208520	1000	0.340000	0.340000	0.281190	
1000	0.323000	1.208520	1000	0.323000	0.323000	0.281266	
1000	0.326000	1.208520	1000	0.326000	0.326000	0.281348	
1000	0.321000	1.208520	1000	0.321000	0.321000	0.281420	
1000	0.322000	1.208520	1000	0.322000	0.322000	0.281494	
1000	0.347000	1.208520	1000	0.347000	0.347000	0.281613	
1000	0.357000	1.208520	1000	0.357000	0.357000	0.281749	
1000	0.382000	1.208520	1000	0.382000	0.382000	0.281931	
1000	0.349000	1.208520	1000	0.349000	0.349000	0.282052	
1000	0.316000	1.208520	1000	0.316000	0.316000	0.282113	
1000	0.318000	1.208520	1000	0.318000	0.318000	0.282178	
1000	0.326000	1.208520	1000	0.326000	0.326000	0.282256	
1000	0.310000	1.208520	1000	0.310000	0.310000	0.282306	
1000	0.298000	1.208520	1000	0.298000	0.298000	0.282334	
1000	0.329000	1.208520	1000	0.329000	0.329000	0.282417	
1000	0.348000	1.208520	1000	0.348000	0.348000	0.282534	
1000	0.340000	1.208520	1000	0.340000	0.340000	0.282637	
1000	0.310000	1.208520	1000	0.310000	0.310000	0.282685	
1000	0.325000	1.208520	1000	0.325000	0.325000	0.282760	
1000	0.303000	1.208520	1000	0.303000	0.303000	0.282796	
1000	0.335000	1.208520	1000	0.335000	0.335000	0.282888	
1000	0.343000	1.208520	1000	0.343000	0.343000	0.282994	
1000	0.321000	1.208520	1000	0.321000	0.321000	0.283061	
1000	0.341000	1.208520	1000	0.341000	0.341000	0.283163	
1000	0.340000	1.208520	1000	0.340000	0.340000	0.283263	
1000	0.315000	1.208520	1000	0.315000	0.315000	0.283318	
1000	0.260000	1.208520	1000	0.260000	0.260000	0.283277	
1000	0.248000	1.208520	1000	0.248000	0.248000	0.283216	
1000	0.313000	1.208520	1000	0.313000	0.313000	0.283268	
1000	0.289000	1.208520	1000	0.289000	0.289000	0.283278	
1000	0.362000	1.208520	1000	0.362000	0.362000	0.283414	
1000	0.362000	1.208520	1000	0.362000	0.362000	0.283551	
1000	0.337000	1.208520	1000	0.337000	0.337000	0.283643	
1000	0.362000	1.208520	1000	0.362000	0.362000	0.283778	
1000	0.347000	1.208520	1000	0.347000	0.347000	0.283887	
1000	0.329000	1.208520	1000	0.329000	0.329000	0.283965	
1000	0.261000	1.208520	1000	0.261000	0.261000	0.283926	
1000	0.242000	1.208520	1000	0.242000	0.242000	0.283854	
1000	0.301000	1.208520	1000	0.301000	0.301000	0.283883	
1000	0.359000	1.208520	1000	0.359000	0.359000	0.284011	
1000	0.338000	1.208520	1000	0.338000	0.338000	0.284104	
1000	0.328000	1.208520	1000	0.328000	0.328000	0.284178	
1000	0.356000	1.208520	1000	0.356000	0.356000	0.284301	
1000	0.339000	1.208520	1000	0.339000	0.339000	0.284393	
1000	0.303000	1.208520	1000	0.303000	0.303000	0.284425	
1000	0.253000	1.208520	1000	0.253000	0.253000	0.284372	
1000	0.255000	1.208520	1000	0.255000	0.255000	0.284322	
1000	0.317000	1.208520	1000	0.317000	0.317000	0.284377	
1000	0.339000	1.208520	1000	0.339000	0.339000	0.284469	
1000	0.340000	1.208520	1000	0.340000	0.340000	0.284563	
1000	0.327000	1.208520	1000	0.327000	0.327000	0.284634	
1000	0.346000	1.208520	1000	0.346000	0.346000	0.284737	
1000	0.320000	1.208520	1000	0.320000	0.320000	0.284796	
1000	0.319000	1.208520	1000	0.319000	0.319000	0.284853	
1000	0.307000	1.208520	1000	0.307000	0.307000	0.284890	
1000	0.349000	1.208520	1000	0.349000	0.349000	0.284996	
1000	0.334000	1.208520	1000	0.334000	0.334000	0.285078	
1000	0.338000	1.208520	1000	0.338000	0.338000	0.285165	
1000	0.307000	1.208520	1000	0.307000	0.307000	0.285202	
1000	0.367000	1.208520	1000	0.367000	0.367000	0.285337	
1000	0.347000	1.208520	1000	0.347000	0.347000	0.285438	
1000	0.325000	1.208520	1000	0.325000	0.325000	0.285504	
1000	0.325000	1.208520	1000	0.325000	0.325000	0.285569	
1000	0.339000	1.208520	1000	0.339000	0.339000	0.285656	
1000	0.269000	1.208520	1000	0.269000	0.269000	0.285629	
1000	0.335000	1.208520	1000	0.335000	0.335000	0.285710	
1000	0.326000	1.208520	1000	0.326000	0.326000	0.285776	
1000	0.322000	1.208520	1000	0.322000	0.322000	0.285835	
1000	0.328000	1.208520	1000	0.328000	0.328000	0.285903	
1000	0.346000	1.208520	1000	0.346000	0.346000	0.286001	
1000	0.341000	1.208520	1000	0.341000	0.341000	0.286090	
1000	0.373000	1.208520	1000	0.373000	0.373000	0.286231	
1000	0.311000	1.208520	1000	0.311000	0.311000	0.286271	
1000	0.326000	1.208520	1000	0.326000	0.326000	0.286336	
1000	0.313000	1.208520	1000	0.313000	0.313000	0.286379	
1000	0.245000	1.208520	1000	0.245000	0.245000	0.286312	
1000	0.301000	1.208520	1000	0.301000	0.301000	0.286336	
1000	0.319000	1.208520	1000	0.319000	0.319000	0.286388	
1000	0.311000	1.208520	1000	0.311000	0.311000	0.286427	
1000	0.257000	1.208520	1000	0.257000	0.257000	0.286380	
1000	0.271000	1.208520	1000	0.271000	0.271000	0.286356	
1000	0.258000	1.208520	1000	0.258000	0.258000	0.286311	
1000	0.344000	1.208520	1000	0.344000	0.344000	0.286402	
1000	0.340000	1.208520	1000	0.340000	0.340000	0.286488	
1000	0.346000	1.208520	1000	0.346000	0.346000	0.286582	
1000	0.344000	1.208520	1000	0.344000	0.344000	0.286673	
1000	0.326000	1.208520	1000	0.326000	0.326000	0.286735	
1000	0.354000	1.208520	1000	0.354000	0.354000	0.286842	
1000	0.314000	1.208520	1000	0.314000	0.314000	0.286884	
1000	0.296000	1.208520	1000	0.296000	0.296000	0.286899	
1000	0.325000	1.208520	1000	0.325000	0.325000	0.286959	
1000	0.319000	1.208520	1000	0.319000	0.319000	0.287009	
1000	0.368000	1.208520	1000	0.368000	0.368000	0.287136	
1000	0.357000	1.208520	1000	0.357000	0.357000	0.287245	
1000	0.333000	1.208520	1000	0.333000	0.333000	0.287317	
1000	0.358000	1.208520	1000	0.358000	0.358000	0.287427	
1000	0.339000	1.208520	1000	0.339000	0.339000	0.287507	
1000	0.326000	1.208520	1000	0.326000	0.326000	0.287567	
1000	0.351000	1.208520	1000	0.351000	0.351000	0.287666	
1000	0.358000	1.208520	1000	0.358000	0.358000	0.287775	
1000	0.304000	1.208520	1000	0.304000	0.304000	0.287800	
1000	0.300000	1.208520	1000	0.300000	0.300000	0.287819	
1000	0.328000	1.208520	1000	0.328000	0.328000	0.287881	
1000	0.360000	1.208520	1000	0.360000	0.360000	0.287992	
1000	0.350000	1.208520	1000	0.350000	0.350000	0.288087	
1000	0.346000	1.208520	1000	0.346000	0.346000	0.288176	
1000	0.346000	1.208520	1000	0.346000	0.346000	0.288265	
1000	0.313000	1.208520	1000	0.313000	0.313000	0.288303	
1000	0.333000	1.208520	1000	0.333000	0.333000	0.288371	
1000	0.299000	1.208520	1000	0.299000	0.299000	0.288387	
1000	0.338000	1.208520	1000	0.338000	0.338000	0.288463	
1000	0.343000	1.208520	1000	0.343000	0.343000	0.288546	
1000	0.341000	1.208520	1000	0.341000	0.341000	0.288626	
1000	0.329000	1.208520	1000	0.329000	0.329000	0.288687	
1000	0.315000	1.208520	1000	0.315000	0.315000	0.288727	
1000	0.357000	1.208520	1000	0.357000	0.357000	0.288830	
1000	0.312000	1.208520	1000	0.312000	0.312000	0.288865	
1000	0.326000	1.208520	1000	0.326000	0.326000	0.288921	
1000	0.368000	1.208520	1000	0.368000	0.368000	0.289040	
1000	0.319000	1.208520	1000	0.319000	0.319000	0.289085	
1000	0.342000	1.208520	1000	0.342000	0.342000	0.289165	
1000	0.322000	1.208520	1000	0.322000	0.322000	0.289214	
1000	0.337000	1.208520	1000	0.337000	0.337000	0.289285	
1000	0.345000	1.208520	1000	0.345000	0.345000	0.289369	
1000	0.318000	1.208520	1000	0.318000	0.318000	0.289412	
1000	0.327000	1.208520	1000	0.327000	0.327000	0.289468	
1000	0.355000	1.208520	1000	0.355000	0.355000	0.289565	
1000	0.331000	1.208520	1000	0.331000	0.331000	0.289627	
1000	0.262000	1.208520	1000	0.262000	0.262000	0.289586	
1000	0.278000	1.208520	1000	0.278000	0.278000	0.289568	
1000	0.268000	1.208520	1000	0.268000	0.268000	0.289537	
1000	0.266000	1.208520	1000	0.266000	0.266000	0.289502	
1000	0.308000	1.208520	1000	0.308000	0.308000	0.289529	
1000	0.294000	1.208520	1000	0.294000	0.294000	0.289536	
1000	0.310000	1.208520	1000	0.310000	0.310000	0.289566	
1000	0.303000	1.208520	1000	0.303000	0.303000	0.289585	
1000	0.362000	1.208520	1000	0.362000	0.362000	0.289692	
1000	0.301000	1.208520	1000	0.301000	0.301000	0.289708	
1000	0.346000	1.208520	1000	0.346000	0.346000	0.289791	
1000	0.352000	1.208520	1000	0.352000	0.352000	0.289881	
1000	0.342000	1.208520	1000	0.342000	0.342000	0.289957	
1000	0.291000	1.208520	1000	0.291000	0.291000	0.289959	
1000	0.278000	1.208520	1000	0.278000	0.278000	0.289941	
1000	0.357000	1.208520	1000	0.357000	0.357000	0.290039	
1000	0.330000	1.208520	1000	0.330000	0.330000	0.290097	
1000	0.335000	1.208520	1000	0.335000	0.335000	0.290162	
1000	0.345000	1.208520	1000	0.345000	0.345000	0.290241	
1000	0.343000	1.208520	1000	0.343000	0.343000	0.290317	
1000	0.338000	1.208520	1000	0.338000	0.338000	0.290386	
1000	0.345000	1.208520	1000	0.345000	0.345000	0.290464	
1000	0.363000	1.208520	1000	0.363000	0.363000	0.290569	
1000	0.351000	1.208520	1000	0.351000	0.351000	0.290655	
1000	0.359000	1.208520	1000	0.359000	0.359000	0.290753	
1000	0.337000	1.208520	1000	0.337000	0.337000	0.290819	
1000	0.337000	1.208520	1000	0.337000	0.337000	0.290885	
1000	0.290000	1.208520	1000	0.290000	0.290000	0.290884	
1000	0.341000	1.208520	1000	0.341000	0.341000	0.290955	
1000	0.316000	1.208520	1000	0.316000	0.316000	0.290991	
1000	0.335000	1.208520	1000	0.335000	0.335000	0.291054	
1000	0.294000	1.208520	1000	0.294000	0.294000	0.291058	
1000	0.327000	1.208520	1000	0.327000	0.327000	0.291109	
1000	0.350000	1.208520	1000	0.350000	0.350000	0.291192	
1000	0.319000	1.208520	1000	0.319000	0.319000	0.291231	
1000	0.363000	1.208520	1000	0.363000	0.363000	0.291332	
1000	0.309000	1.208520	1000	0.309000	0.309000	0.291357	
1000	0.359000	1.208520	1000	0.359000	0.359000	0.291452	
1000	0.363000	1.208520	1000	0.363000	0.363000	0.291553	
1000	0.282000	1.208520	1000	0.282000	0.282000	0.291540	
1000	0.393000	1.208520	1000	0.393000	0.393000	0.291682	
1000	0.356000	1.208520	1000	0.356000	0.356000	0.291772	
1000	0.346000	1.208520	1000	0.346000	0.346000	0.291847	
1000	0.362000	1.208520	1000	0.362000	0.362000	0.291945	
1000	0.361000	1.208520	1000	0.361000	0.361000	0.292041	
1000	0.313000	1.208520	1000	0.313000	0.313000	0.292071	
1000	0.313000	1.208520	1000	0.313000	0.313000	0.292100	
1000	0.371000	1.208520	1000	0.371000	0.371000	0.292209	
1000	0.251000	1.208520	1000	0.251000	0.251000	0.292152	
1000	0.277000	1.208520	1000	0.277000	0.277000	0.292131	
1000	0.348000	1.208520	1000	0.348000	0.348000	0.292208	
1000	0.334000	1.208520	1000	0.334000	0.334000	0.292266	
1000	0.355000	1.208520	1000	0.355000	0.355000	0.292352	
1000	0.354000	1.208520	1000	0.354000	0.354000	0.292437	
1000	0.325000	1.208520	1000	0.325000	0.325000	0.292482	
1000	0.383000	1.208520	1000	0.383000	0.383000	0.292606	
1000	0.318000	1.208520	1000	0.318000	0.318000	0.292641	
1000	0.275000	1.208520	1000	0.275000	0.275000	0.292617	
1000	0.252000	1.208520	1000	0.252000	0.252000	0.292561	
1000	0.270000	1.208520	1000	0.270000	0.270000	0.292530	
1000	0.275000	1.208520	1000	0.275000	0.275000	0.292506	
1000	0.340000	1.208520	1000	0.340000	0.340000	0.292571	
1000	0.347000	1.208520	1000	0.347000	0.347000	0.292645	
1000	0.346000	1.208520	1000	0.346000	0.346000	0.292717	
1000	0.335000	1.208520	1000	0.335000	0.335000	0.292775	
1000	0.353000	1.208520	1000	0.353000	0.353000	0.292856	
1000	0.355000	1.208520	1000	0.355000	0.355000	0.292940	
1000	0.345000	1.208520	1000	0.345000	0.345000	0.293010	
1000	0.339000	1.208520	1000	0.339000	0.339000	0.293072	
1000	0.336000	1.208520	1000	0.336000	0.336000	0.293130	
1000	0.290000	1.208520	1000	0.290000	0.290000	0.293126	
1000	0.247000	1.208520	1000	0.247000	0.247000	0.293064	
1000	0.254000	1.208520	1000	0.254000	0.254000	0.293012	
1000	0.329000	1.208520	1000	0.329000	0.329000	0.293060	
1000	0.337000	1.208520	1000	0.337000	0.337000	0.293119	
1000	0.340000	1.208520	1000	0.340000	0.340000	0.293181	
1000	0.385000	1.208520	1000	0.385000	0.385000	0.293304	
1000	0.327000	1.208520	1000	0.327000	0.327000	0.293348	
1000	0.331000	1.208520	1000	0.331000	0.331000	0.293399	
1000	0.326000	1.208520	1000	0.326000	0.326000	0.293442	
1000	0.332000	1.208520	1000	0.332000	0.332000	0.293493	
1000	0.322000	1.208520	1000	0.322000	0.322000	0.293531	
1000	0.335000	1.208520	1000	0.335000	0.335000	0.293586	
1000	0.331000	1.208520	1000	0.331000	0.331000	0.293635	
1000	0.345000	1.208520	1000	0.345000	0.345000	0.293703	
1000	0.349000	1.208520	1000	0.349000	0.349000	0.293776	
1000	0.346000	1.208520	1000	0.346000	0.346000	0.293844	
1000	0.352000	1.208520	1000	0.352000	0.352000	0.293921	
1000	0.363000	1.208520	1000	0.363000	0.363000	0.294011	
1000	0.333000	1.208520	1000	0.333000	0.333000	0.294063	
1000	0.337000	1.208520	1000	0.337000	0.337000	0.294119	
1000	0.367000	1.208520	1000	0.367000	0.367000	0.294214	
1000	0.314000	1.208520	1000	0.314000	0.314000	0.294240	
1000	0.314000	1.208520	1000	0.314000	0.314000	0.294266	
1000	0.319000	1.208520	1000	0.319000	0.319000	0.294298	
1000	0.322000	1.208520	1000	0.322000	0.322000	0.294334	
1000	0.336000	1.208520	1000	0.336000	0.336000	0.294388	
1000	0.307000	1.208520	1000	0.307000	0.307000	0.294404	
1000	0.325000	1.208520	1000	0.325000	0.325000	0.294444	
1000	0.308000	1.208520	1000	0.308000	0.308000	0.294461	
1000	0.318000	1.208520	1000	0.318000	0.318000	0.294492	
1000	0.325000	1.208520	1000	0.325000	0.325000	0.294531	
1000	0.354000	1.208520	1000	0.354000	0.354000	0.294608	
1000	0.301000	1.208520	1000	0.301000	0.301000	0.294616	
1000	0.335000	1.208520	1000	0.335000	0.335000	0.294668	
1000	0.284000	1.208520	1000	0.284000	0.284000	0.294654	
1000	0.253000	1.208520	1000	0.253000	0.253000	0.294601	
1000	0.332000	1.208520	1000	0.332000	0.332000	0.294649	
1000	0.324000	1.208520	1000	0.324000	0.324000	0.294686	
1000	0.309000	1.208520	1000	0.309000	0.309000	0.294705	
1000	0.242000	1.208520	1000	0.242000	0.242000	0.294637	
1000	0.304000	1.208520	1000	0.304000	0.304000	0.294649	
1000	0.277000	1.208520	1000	0.277000	0.277000	0.294627	
1000	0.299000	1.208520	1000	0.299000	0.299000	0.294632	
1000	0.312000	1.208520	1000	0.312000	0.312000	0.294654	
1000	0.347000	1.208520	1000	0.347000	0.347000	0.294721	
1000	0.343000	1.208520	1000	0.343000	0.343000	0.294782	
1000	0.259000	1.208520	1000	0.259000	0.259000	0.294737	
1000	0.328000	1.208520	1000	0.328000	0.328000	0.294779	
1000	0.350000	1.208520	1000	0.350000	0.350000	0.294848	
1000	0.340000	1.208520	1000	0.340000	0.340000	0.294905	
1000	0.303000	1.208520	1000	0.303000	0.303000	0.294915	
1000	0.352000	1.208520	1000	0.352000	0.352000	0.294987	
1000	0.324000	1.208520	1000	0.324000	0.324000	0.295023	
1000	0.332000	1.208520	1000	0.332000	0.332000	0.295070	
1000	0.327000	1.208520	1000	0.327000	0.327000	0.295110	
1000	0.327000	1.208520	1000	0.327000	0.327000	0.295150	
1000	0.313000	1.208520	1000	0.313000	0.313000	0.295172	
1000	0.265000	1.208520	1000	0.265000	0.265000	0.295134	
1000	0.300000	1.208520	1000	0.300000	0.300000	0.295140	
1000	0.354000	1.208520	1000	0.354000	0.354000	0.295214	
1000	0.323000	1.208520	1000	0.323000	0.323000	0.295248	
1000	0.334000	1.208520	1000	0.334000	0.334000	0.295296	
1000	0.346000	1.208520	1000	0.346000	0.346000	0.295359	
1000	0.328000	1.208520	1000	0.328000	0.328000	0.295399	
1000	0.294000	1.208520	1000	0.294000	0.294000	0.295398	
1000	0.273000	1.208520	1000	0.273000	0.273000	0.295370	
1000	0.321000	1.208520	1000	0.321000	0.321000	0.295402	
1000	0.353000	1.208520	1000	0.353000	0.353000	0.295473	
1000	0.330000	1.208520	1000	0.330000	0.330000	0.295515	
1000	0.322000	1.208520	1000	0.322000	0.322000	0.295548	
1000	0.289000	1.208520	1000	0.289000	0.289000	0.295540	
1000	0.283000	1.208520	1000	0.283000	0.283000	0.295524	
1000	0.318000	1.208520	1000	0.318000	0.318000	0.295552	
1000	0.318000	1.208520	1000	0.318000	0.318000	0.295579	
1000	0.303000	1.208520	1000	0.303000	0.303000	0.295588	
1000	0.316000	1.208520	1000	0.316000	0.316000	0.295613	
1000	0.361000	1.208520	1000	0.361000	0.361000	0.295693	
1000	0.312000	1.208520	1000	0.312000	0.312000	0.295713	
1000	0.277000	1.208520	1000	0.277000	0.277000	0.295690	
1000	0.262000	1.208520	1000	0.262000	0.262000	0.295649	
1000	0.274000	1.208520	1000	0.274000	0.274000	0.295623	
1000	0.251000	1.208520	1000	0.251000	0.251000	0.295569	
1000	0.266000	1.208520	1000	0.266000	0.266000	0.295533	
1000	0.303000	1.208520	1000	0.303000	0.303000	0.295542	
1000	0.350000	1.208520	1000	0.350000	0.350000	0.295608	
1000	0.326000	1.208520	1000	0.326000	0.326000	0.295644	
1000	0.294000	1.208520	1000	0.294000	0.294000	0.295642	
1000	0.322000	1.208520	1000	0.322000	0.322000	0.295674	
1000	0.337000	1.208520	1000	0.337000	0.337000	0.295724	
1000	0.302000	1.208520	1000	0.302000	0.302000	0.295731	
1000	0.271000	1.208520	1000	0.271000	0.271000	0.295701	
1000	0.252000	1.208520	1000	0.252000	0.252000	0.295649	
1000	0.302000	1.208520	1000	0.302000	0.302000	0.295657	
1000	0.342000	1.208520	1000	0.342000	0.342000	0.295712	
1000	0.327000	1.208520	1000	0.327000	0.327000	0.295749	
1000	0.343000	1.208520	1000	0.343000	0.343000	0.295806	
1000	0.312000	1.208520	1000	0.312000	0.312000	0.295825	
1000	0.306000	1.208520	1000	0.306000	0.306000	0.295837	
1000	0.346000	1.208520	1000	0.346000	0.346000	0.295896	
1000	0.328000	1.208520	1000	0.328000	0.328000	0.295934	
1000	0.343000	1.208520	1000	0.343000	0.343000	0.295990	
1000	0.317000	1.208520	1000	0.317000	0.317000	0.296015	
1000	0.369000	1.208520	1000	0.369000	0.369000	0.296101	
1000	0.341000	1.208520	1000	0.341000	0.341000	0.296154	
1000	0.379000	1.208520	1000	0.379000	0.379000	0.296252	
1000	0.342000	1.208520	1000	0.342000	0.342000	0.296306	
1000	0.362000	1.208520	1000	0.362000	0.362000	0.296383	
1000	0.337000	1.208520	1000	0.337000	0.337000	0.296430	
1000	0.343000	1.208520	1000	0.343000	0.343000	0.296485	
1000	0.327000	1.208520	1000	0.327000	0.327000	0.296521	
1000	0.300000	1.208520	1000	0.300000	0.300000	0.296525	
1000	0.339000	1.208520	1000	0.339000	0.339000	0.296574	
1000	0.322000	1.208520	1000	0.322000	0.322000	0.296604	
1000	0.381000	1.208520	1000	0.381000	0.381000	0.296702	
1000	0.338000	1.208520	1000	0.338000	0.338000	0.296751	
1000	0.304000	1.208520	1000	0.304000	0.304000	0.296759	
1000	0.317000	1.208520	1000	0.317000	0.317000	0.296782	
1000	0.326000	1.208520	1000	0.326000	0.326000	0.296816	
1000	0.341000	1.208520	1000	0.341000	0.341000	0.296868	
1000	0.278000	1.208520	1000	0.278000	0.278000	0.296846	
1000	0.316000	1.208520	1000	0.316000	0.316000	0.296868	
1000	0.326000	1.208520	1000	0.326000	0.326000	0.296902	
1000	0.336000	1.208520	1000	0.336000	0.336000	0.296947	
1000	0.358000	1.208520	1000	0.358000	0.358000	0.297017	
1000	0.324000	1.208520	1000	0.324000	0.324000	0.297048	
1000	0.289000	1.208520	1000	0.289000	0.289000	0.297039	
1000	0.295000	1.208520	1000	0.295000	0.295000	0.297036	
1000	0.299000	1.208520	1000	0.299000	0.299000	0.297039	
1000	0.329000	1.208520	1000	0.329000	0.329000	0.297075	
1000	0.311000	1.208520	1000	0.311000	0.311000	0.297091	
1000	0.267000	1.208520	1000	0.267000	0.267000	0.297057	
1000	0.338000	1.208520	1000	0.338000	0.338000	0.297104	
1000	0.346000	1.208520	1000	0.346000	0.346000	0.297159	
1000	0.309000	1.208520	1000	0.309000	0.309000	0.297173	
1000	0.345000	1.208520	1000	0.345000	0.345000	0.297227	
1000	0.339000	1.208520	1000	0.339000	0.339000	0.297275	
1000	0.301000	1.208520	1000	0.301000	0.301000	0.297279	
1000	0.300000	1.208520	1000	0.300000	0.300000	0.297282	
1000	0.328000	1.208520	1000	0.328000	0.328000	0.297317	
1000	0.312000	1.208520	1000	0.312000	0.312000	0.297333	
1000	0.311000	1.208520	1000	0.311000	0.311000	0.297349	
1000	0.368000	1.208520	1000	0.368000	0.368000	0.297429	
1000	0.347000	1.208520	1000	0.347000	0.347000	0.297484	
1000	0.313000	1.208520	1000	0.313000	0.313000	0.297502	
1000	0.350000	1.208520	1000	0.350000	0.350000	0.297561	
1000	0.312000	1.208520	1000	0.312000	0.312000	0.297577	
1000	0.320000	1.208520	1000	0.320000	0.320000	0.297602	
1000	0.373000	1.208520	1000	0.373000	0.373000	0.297687	
1000	0.356000	1.208520	1000	0.356000	0.356000	0.297752	
1000	0.265000	1.208520	1000	0.265000	0.265000	0.297716	
1000	0.332000	1.208520	1000	0.332000	0.332000	0.297754	
1000	0.307000	1.208520	1000	0.307000	0.307000	0.297764	
1000	0.341000	1.208520	1000	0.341000	0.341000	0.297812	
1000	0.319000	1.208520	1000	0.319000	0.319000	0.297836	
1000	0.322000	1.208520	1000	0.322000	0.322000	0.297863	
1000	0.358000	1.208520	1000	0.358000	0.358000	0.297930	
1000	0.363000	1.208520	1000	0.363000	0.363000	0.298002	
1000	0.369000	1.208520	1000	0.369000	0.369000	0.298081	
1000	0.332000	1.208520	1000	0.332000	0.332000	0.298118	
1000	0.336000	1.208520	1000	0.336000	0.336000	0.298160	
1000	0.308000	1.208520	1000	0.308000	0.308000	0.298171	
1000	0.270000	1.208520	1000	0.270000	0.270000	0.298140	
1000	0.271000	1.208520	1000	0.271000	0.271000	0.298110	
1000	0.325000	1.208520	1000	0.325000	0.325000	0.298140	
1000	0.324000	1.208520	1000	0.324000	0.324000	0.298168	
1000	0.322000	1.208520	1000	0.322000	0.322000	0.298194	
1000	0.323000	1.208520	1000	0.323000	0.323000	0.298221	
1000	0.346000	1.208520	1000	0.346000	0.346000	0.298274	
1000	0.368000	1.208520	1000	0.368000	0.368000	0.298350	
1000	0.346000	1.208520	1000	0.346000	0.346000	0.298402	
1000	0.337000	1.208520	1000	0.337000	0.337000	0.298444	
1000	0.298000	1.208520	1000	0.298000	0.298000	0.298444	
1000	0.237000	1.208520	1000	0.237000	0.237000	0.298377	
1000	0.259000	1.208520	1000	0.259000	0.259000	0.298334	
1000	0.314000	1.208520	1000	0.314000	0.314000	0.298351	
1000	0.340000	1.208520	1000	0.340000	0.340000	0.298396	
1000	0.310000	1.208520	1000	0.310000	0.310000	0.298409	
1000	0.335000	1.208520	1000	0.335000	0.335000	0.298449	
1000	0.298000	1.208520	1000	0.298000	0.298000	0.298448	
1000	0.262000	1.208520	1000	0.262000	0.262000	0.298409	
1000	0.308000	1.208520	1000	0.308000	0.308000	0.298419	
1000	0.302000	1.208520	1000	0.302000	0.302000	0.298423	
1000	0.309000	1.208520	1000	0.309000	0.309000	0.298434	
1000	0.329000	1.208520	1000	0.329000	0.329000	0.298467	
1000	0.355000	1.208520	1000	0.355000	0.355000	0.298528	
1000	0.352000	1.208520	1000	0.352000	0.352000	0.298586	
1000	0.352000	1.208520	1000	0.352000	0.352000	0.298643	
1000	0.338000	1.208520	1000	0.338000	0.338000	0.298685	
1000	0.289000	1.208520	1000	0.289000	0.289000	0.298675	
1000	0.301000	1.208520	1000	0.301000	0.301000	0.298677	
1000	0.320000	1.208520	1000	0.320000	0.320000	0.298700	
1000	0.300000	1.208520	1000	0.300000	0.300000	0.298702	
1000	0.315000	1.208520	1000	0.315000	0.315000	0.298719	
1000	0.376000	1.208520	1000	0.376000	0.376000	0.298801	
1000	0.356000	1.208520	1000	0.356000	0.356000	0.298862	
1000	0.336000	1.208520	1000	0.336000	0.336000	0.298902	
1000	0.324000	1.208520	1000	0.324000	0.324000	0.298928	
1000	0.327000	1.208520	1000	0.327000	0.327000	0.298958	
1000	0.363000	1.208520	1000	0.363000	0.363000	0.299026	
1000	0.330000	1.208520	1000	0.330000	0.330000	0.299059	
1000	0.311000	1.208520	1000	0.311000	0.311000	0.299072	
1000	0.306000	1.208520	1000	0.306000	0.306000	0.299079	
1000	0.337000	1.208520	1000	0.337000	0.337000	0.299119	
1000	0.298000	1.208520	1000	0.298000	0.298000	0.299118	
1000	0.342000	1.208520	1000	0.342000	0.342000	0.299163	
1000	0.348000	1.208520	1000	0.348000	0.348000	0.299214	
1000	0.329000	1.208520	1000	0.329000	0.329000	0.299246	
1000	0.299000	1.208520	1000	0.299000	0.299000	0.299245	
1000	0.325000	1.208520	1000	0.325000	0.325000	0.299273	
1000	0.331000	1.208520	1000	0.331000	0.331000	0.299306	
1000	0.344000	1.208520	1000	0.344000	0.344000	0.299353	
1000	0.326000	1.208520	1000	0.326000	0.326000	0.299380	
1000	0.283000	1.208520	1000	0.283000	0.283000	0.299363	
1000	0.323000	1.208520	1000	0.323000	0.323000	0.299388	
1000	0.348000	1.208520	1000	0.348000	0.348000	0.299439	
1000	0.343000	1.208520	1000	0.343000	0.343000	0.299484	
1000	0.346000	1.208520	1000	0.346000	0.346000	0.299532	
1000	0.309000	1.208520	1000	0.309000	0.309000	0.299542	
1000	0.315000	1.208520	1000	0.315000	0.315000	0.299558	
1000	0.372000	1.208520	1000	0.372000	0.372000	0.299634	
1000	0.361000	1.208520	1000	0.361000	0.361000	0.299697	
1000	0.242000	1.208520	1000	0.242000	0.242000	0.299637	
1000	0.267000	1.208520	1000	0.267000	0.267000	0.299604	
1000	0.278000	1.208520	1000	0.278000	0.278000	0.299581	
1000	0.266000	1.208520	1000	0.266000	0.266000	0.299547	
1000	0.271000	1.208520	1000	0.271000	0.271000	0.299517	
1000	0.341000	1.208520	1000	0.341000	0.341000	0.299560	
1000	0.323000	1.208520	1000	0.323000	0.323000	0.299584	
1000	0.328000	1.208520	1000	0.328000	0.328000	0.299613	
1000	0.285000	1.208520	1000	0.285000	0.285000	0.299598	
1000	0.340000	1.208520	1000	0.340000	0.340000	0.299640	
1000	0.340000	1.208520	1000	0.340000	0.340000	0.299681	
1000	0.325000	1.208520	1000	0.325000	0.325000	0.299707	
1000	0.334000	1.208520	1000	0.334000	0.334000	0.299742	
1000	0.328000	1.208520	1000	0.328000	0.328000	0.299771	
1000	0.334000	1.208520	1000	0.334000	0.334000	0.299806	
1000	0.352000	1.208520	1000	0.352000	0.352000	0.299859	
1000	0.317000	1.208520	1000	0.317000	0.317000	0.299876	
1000	0.322000	1.208520	1000	0.322000	0.322000	0.299899	
1000	0.344000	1.208520	1000	0.344000	0.344000	0.299944	
1000	0.311000	1.208520	1000	0.311000	0.311000	0.299955	
1000	0.276000	1.208520	1000	0.276000	0.276000	0.299931	
1000	0.307000	1.208520	1000	0.307000	0.307000	0.299938	
1000	0.349000	1.208520	1000	0.349000	0.349000	0.299988	
1000	0.330000	1.208520	1000	0.330000	0.330000	0.300018	
1000	0.317000	1.208520	1000	0.317000	0.317000	0.300035	
1000	0.329000	1.208520	1000	0.329000	0.329000	0.300064	
1000	0.339000	1.208520	1000	0.339000	0.339000	0.300104	
1000	0.350000	1.208520	1000	0.350000	0.350000	0.300154	
1000	0.306000	1.208520	1000	0.306000	0.306000	0.300160	
1000	0.353000	1.208520	1000	0.353000	0.353000	0.300213	
1000	0.328000	1.208520	1000	0.328000	0.328000	0.300241	
1000	0.342000	1.208520	1000	0.342000	0.342000	0.300283	
1000	0.378000	1.208520	1000	0.378000	0.378000	0.300360	
1000	0.339000	1.208520	1000	0.339000	0.339000	0.300399	
1000	0.355000	1.208520	1000	0.355000	0.355000	0.300454	
1000	0.300000	1.208520	1000	0.300000	0.300000	0.300453	
1000	0.359000	1.208520	1000	0.359000	0.359000	0.300512	
1000	0.303000	1.208520	1000	0.303000	0.303000	0.300514	
1000	0.321000	1.208520	1000	0.321000	0.321000	0.300535	
1000	0.309000	1.208520	1000	0.309000	0.309000	0.300543	
1000	0.340000	1.208520	1000	0.340000	0.340000	0.300582	
1000	0.327000	1.208520	1000	0.327000	0.327000	0.300608	
1000	0.320000	1.208520	1000	0.320000	0.320000	0.300628	
1000	0.332000	1.208520	1000	0.332000	0.332000	0.300659	
1000	0.323000	1.208520	1000	0.323000	0.323000	0.300681	
