Default schedule
Rate	100.00
Rate Tried	% Accepted	Rates - Dev	Rates - Tried	Rates - Accepted	Sample Ave Acceptance	Total Ave Acceptance	
1000	0.246000	1.285828	1000	0.246000	0.246000	0.202163	
1000	0.263000	1.285828	1000	0.263000	0.263000	0.207233	
1000	0.277000	1.285828	1000	0.277000	0.277000	0.212599	
1000	0.279000	1.285828	1000	0.279000	0.279000	0.217342	
1000	0.271000	1.285828	1000	0.271000	0.271000	0.220919	
1000	0.298000	1.285828	1000	0.298000	0.298000	0.225736	
1000	0.260000	1.285828	1000	0.260000	0.260000	0.227751	
1000	0.297000	1.285828	1000	0.297000	0.297000	0.231598	
1000	0.228000	1.285828	1000	0.228000	0.228000	0.231409	
1000	0.254000	1.285828	1000	0.254000	0.254000	0.232538	
1000	0.290000	1.285828	1000	0.290000	0.290000	0.235275	
1000	0.255000	1.285828	1000	0.255000	0.255000	0.236171	
1000	0.282000	1.285828	1000	0.282000	0.282000	0.238164	
1000	0.291000	1.285828	1000	0.291000	0.291000	0.240365	
1000	0.279000	1.285828	1000	0.279000	0.279000	0.241910	
1000	0.266000	1.285828	1000	0.266000	0.266000	0.242837	
1000	0.281000	1.285828	1000	0.281000	0.281000	0.244250	
1000	0.274000	1.285828	1000	0.274000	0.274000	0.245313	
1000	0.243000	1.285828	1000	0.243000	0.243000	0.245233	
1000	0.297000	1.285828	1000	0.297000	0.297000	0.246958	
1000	0.271000	1.285828	1000	0.271000	0.271000	0.247734	
1000	0.281000	1.285828	1000	0.281000	0.281000	0.248773	
1000	0.265000	1.285828	1000	0.265000	0.265000	0.249265	
1000	0.311000	1.285828	1000	0.311000	0.311000	0.251081	
1000	0.281000	1.285828	1000	0.281000	0.281000	0.251936	
1000	0.258000	1.285828	1000	0.258000	0.258000	0.252104	
1000	0.279000	1.285828	1000	0.279000	0.279000	0.252831	
1000	0.268000	1.285828	1000	0.268000	0.268000	0.253230	
1000	0.258000	1.285828	1000	0.258000	0.258000	0.253352	
1000	0.276000	1.285828	1000	0.276000	0.276000	0.253919	
1000	0.268000	1.285828	1000	0.268000	0.268000	0.254262	
1000	0.263000	1.285828	1000	0.263000	0.263000	0.254470	
1000	0.283000	1.285828	1000	0.283000	0.283000	0.255134	
1000	0.296000	1.285828	1000	0.296000	0.296000	0.256062	
1000	0.301000	1.285828	1000	0.301000	0.301000	0.257061	
1000	0.276000	1.285828	1000	0.276000	0.276000	0.257473	
1000	0.283000	1.285828	1000	0.283000	0.283000	0.258016	
1000	0.303000	1.285828	1000	0.303000	0.303000	0.258953	
1000	0.295000	1.285828	1000	0.295000	0.295000	0.259689	
1000	0.288000	1.285828	1000	0.288000	0.288000	0.260255	
1000	0.268000	1.285828	1000	0.268000	0.268000	0.260407	
1000	0.292000	1.285828	1000	0.292000	0.292000	0.261014	
1000	0.256000	1.285828	1000	0.256000	0.256000	0.260920	
1000	0.266000	1.285828	1000	0.266000	0.266000	0.261014	
1000	0.270000	1.285828	1000	0.270000	0.270000	0.261177	
1000	0.277000	1.285828	1000	0.277000	0.277000	0.261460	
1000	0.286000	1.285828	1000	0.286000	0.286000	0.261890	
1000	0.300000	1.285828	1000	0.300000	0.300000	0.262547	
1000	0.262000	1.285828	1000	0.262000	0.262000	0.262538	
1000	0.258000	1.285828	1000	0.258000	0.258000	0.262462	
1000	0.291000	1.285828	1000	0.291000	0.291000	0.262930	
1000	0.270000	1.285828	1000	0.270000	0.270000	0.263044	
1000	0.275000	1.285828	1000	0.275000	0.275000	0.263234	
1000	0.269000	1.285828	1000	0.269000	0.269000	0.263324	
1000	0.264000	1.285828	1000	0.264000	0.264000	0.263334	
1000	0.299000	1.285828	1000	0.299000	0.299000	0.263875	
1000	0.260000	1.285828	1000	0.260000	0.260000	0.263817	
1000	0.277000	1.285828	1000	0.277000	0.277000	0.264011	
1000	0.271000	1.285828	1000	0.271000	0.271000	0.264112	
1000	0.291000	1.285828	1000	0.291000	0.291000	0.264496	
1000	0.293000	1.285828	1000	0.293000	0.293000	0.264898	
1000	0.280000	1.285828	1000	0.280000	0.280000	0.265107	
1000	0.283000	1.285828	1000	0.283000	0.283000	0.265353	
1000	0.279000	1.285828	1000	0.279000	0.279000	0.265537	
1000	0.283000	1.285828	1000	0.283000	0.283000	0.265770	
1000	0.273000	1.285828	1000	0.273000	0.273000	0.265865	
1000	0.249000	1.285828	1000	0.249000	0.249000	0.265646	
1000	0.270000	1.285828	1000	0.270000	0.270000	0.265702	
1000	0.273000	1.285828	1000	0.273000	0.273000	0.265794	
1000	0.273000	1.285828	1000	0.273000	0.273000	0.265884	
1000	0.231000	1.285828	1000	0.231000	0.231000	0.265454	
1000	0.262000	1.285828	1000	0.262000	0.262000	0.265411	
1000	0.261000	1.285828	1000	0.261000	0.261000	0.265358	
1000	0.291000	1.285828	1000	0.291000	0.291000	0.265664	
1000	0.259000	1.285828	1000	0.259000	0.259000	0.265585	
1000	0.273000	1.285828	1000	0.273000	0.273000	0.265671	
1000	0.288000	1.285828	1000	0.288000	0.288000	0.265928	
1000	0.278000	1.285828	1000	0.278000	0.278000	0.266065	
1000	0.275000	1.285828	1000	0.275000	0.275000	0.266166	
1000	0.267000	1.285828	1000	0.267000	0.267000	0.266175	
1000	0.308000	1.285828	1000	0.308000	0.308000	0.266634	
1000	0.277000	1.285828	1000	0.277000	0.277000	0.266747	
1000	0.275000	1.285828	1000	0.275000	0.275000	0.266836	
1000	0.262000	1.285828	1000	0.262000	0.262000	0.266784	
1000	0.275000	1.285828	1000	0.275000	0.275000	0.266871	
1000	0.274000	1.285828	1000	0.274000	0.274000	0.266945	
1000	0.299000	1.285828	1000	0.299000	0.299000	0.267276	
1000	0.266000	1.285828	1000	0.266000	0.266000	0.267263	
1000	0.265000	1.285828	1000	0.265000	0.265000	0.267240	
1000	0.258000	1.285828	1000	0.258000	0.258000	0.267147	
1000	0.270000	1.285828	1000	0.270000	0.270000	0.267176	
1000	0.283000	1.285828	1000	0.283000	0.283000	0.267331	
1000	0.287000	1.285828	1000	0.287000	0.287000	0.267522	
1000	0.276000	1.285828	1000	0.276000	0.276000	0.267603	
1000	0.272000	1.285828	1000	0.272000	0.272000	0.267645	
1000	0.278000	1.285828	1000	0.278000	0.278000	0.267743	
1000	0.295000	1.285828	1000	0.295000	0.295000	0.267997	
1000	0.297000	1.285828	1000	0.297000	0.297000	0.268266	
1000	0.274000	1.285828	1000	0.274000	0.274000	0.268319	
1000	0.253000	1.285828	1000	0.253000	0.253000	0.268179	
1000	0.282000	1.285828	1000	0.282000	0.282000	0.268304	
1000	0.280000	1.285828	1000	0.280000	0.280000	0.268408	
1000	0.258000	1.285828	1000	0.258000	0.258000	0.268316	
1000	0.256000	1.285828	1000	0.256000	0.256000	0.268208	
1000	0.277000	1.285828	1000	0.277000	0.277000	0.268285	
1000	0.270000	1.285828	1000	0.270000	0.270000	0.268299	
1000	0.260000	1.285828	1000	0.260000	0.260000	0.268228	
1000	0.276000	1.285828	1000	0.276000	0.276000	0.268294	
1000	0.258000	1.285828	1000	0.258000	0.258000	0.268208	
1000	0.283000	1.285828	1000	0.283000	0.283000	0.268331	
1000	0.286000	1.285828	1000	0.286000	0.286000	0.268477	
1000	0.299000	1.285828	1000	0.299000	0.299000	0.268727	
1000	0.275000	1.285828	1000	0.275000	0.275000	0.268778	
1000	0.252000	1.285828	1000	0.252000	0.252000	0.268643	
1000	0.296000	1.285828	1000	0.296000	0.296000	0.268862	
1000	0.300000	1.285828	1000	0.300000	0.300000	0.269109	
1000	0.261000	1.285828	1000	0.261000	0.261000	0.269045	
1000	0.278000	1.285828	1000	0.278000	0.278000	0.269115	
1000	0.302000	1.285828	1000	0.302000	0.302000	0.269370	
1000	0.257000	1.285828	1000	0.257000	0.257000	0.269275	
1000	0.269000	1.285828	1000	0.269000	0.269000	0.269273	
1000	0.251000	1.285828	1000	0.251000	0.251000	0.269134	
1000	0.312000	1.285828	1000	0.312000	0.312000	0.269457	
1000	0.274000	1.285828	1000	0.274000	0.274000	0.269491	
1000	0.308000	1.285828	1000	0.308000	0.308000	0.269776	
1000	0.268000	1.285828	1000	0.268000	0.268000	0.269763	
1000	0.253000	1.285828	1000	0.253000	0.253000	0.269640	
1000	0.283000	1.285828	1000	0.283000	0.283000	0.269737	
1000	0.289000	1.285828	1000	0.289000	0.289000	0.269876	
1000	0.267000	1.285828	1000	0.267000	0.267000	0.269855	
1000	0.259000	1.285828	1000	0.259000	0.259000	0.269778	
1000	0.304000	1.285828	1000	0.304000	0.304000	0.270019	
1000	0.250000	1.285828	1000	0.250000	0.250000	0.269879	
1000	0.279000	1.285828	1000	0.279000	0.279000	0.269943	
1000	0.272000	1.285828	1000	0.272000	0.272000	0.269957	
1000	0.267000	1.285828	1000	0.267000	0.267000	0.269937	
1000	0.286000	1.285828	1000	0.286000	0.286000	0.270046	
1000	0.256000	1.285828	1000	0.256000	0.256000	0.269951	
1000	0.269000	1.285828	1000	0.269000	0.269000	0.269944	
1000	0.238000	1.285828	1000	0.238000	0.238000	0.269732	
1000	0.257000	1.285828	1000	0.257000	0.257000	0.269647	
1000	0.278000	1.285828	1000	0.278000	0.278000	0.269702	
1000	0.305000	1.285828	1000	0.305000	0.305000	0.269933	
1000	0.303000	1.285828	1000	0.303000	0.303000	0.270148	
1000	0.303000	1.285828	1000	0.303000	0.303000	0.270360	
1000	0.267000	1.285828	1000	0.267000	0.267000	0.270338	
1000	0.240000	1.285828	1000	0.240000	0.240000	0.270145	
1000	0.261000	1.285828	1000	0.261000	0.261000	0.270087	
1000	0.278000	1.285828	1000	0.278000	0.278000	0.270137	
1000	0.284000	1.285828	1000	0.284000	0.284000	0.270223	
1000	0.288000	1.285828	1000	0.288000	0.288000	0.270334	
1000	0.293000	1.285828	1000	0.293000	0.293000	0.270474	
1000	0.282000	1.285828	1000	0.282000	0.282000	0.270544	
1000	0.288000	1.285828	1000	0.288000	0.288000	0.270651	
1000	0.254000	1.285828	1000	0.254000	0.254000	0.270550	
1000	0.261000	1.285828	1000	0.261000	0.261000	0.270492	
1000	0.267000	1.285828	1000	0.267000	0.267000	0.270471	
1000	0.262000	1.285828	1000	0.262000	0.262000	0.270421	
1000	0.270000	1.285828	1000	0.270000	0.270000	0.270419	
1000	0.260000	1.285828	1000	0.260000	0.260000	0.270357	
1000	0.271000	1.285828	1000	0.271000	0.271000	0.270361	
1000	0.280000	1.285828	1000	0.280000	0.280000	0.270417	
1000	0.282000	1.285828	1000	0.282000	0.282000	0.270484	
1000	0.306000	1.285828	1000	0.306000	0.306000	0.270688	
1000	0.264000	1.285828	1000	0.264000	0.264000	0.270650	
1000	0.285000	1.285828	1000	0.285000	0.285000	0.270731	
1000	0.278000	1.285828	1000	0.278000	0.278000	0.270772	
1000	0.288000	1.285828	1000	0.288000	0.288000	0.270869	
1000	0.227000	1.285828	1000	0.227000	0.227000	0.270624	
1000	0.269000	1.285828	1000	0.269000	0.269000	0.270615	
1000	0.270000	1.285828	1000	0.270000	0.270000	0.270612	
1000	0.282000	1.285828	1000	0.282000	0.282000	0.270674	
1000	0.286000	1.285828	1000	0.286000	0.286000	0.270758	
1000	0.252000	1.285828	1000	0.252000	0.252000	0.270656	
1000	0.277000	1.285828	1000	0.277000	0.277000	0.270690	
1000	0.296000	1.285828	1000	0.296000	0.296000	0.270827	
1000	0.265000	1.285828	1000	0.265000	0.265000	0.270795	
1000	0.274000	1.285828	1000	0.274000	0.274000	0.270812	
1000	0.289000	1.285828	1000	0.289000	0.289000	0.270909	
1000	0.282000	1.285828	1000	0.282000	0.282000	0.270967	
1000	0.312000	1.285828	1000	0.312000	0.312000	0.271182	
1000	0.280000	1.285828	1000	0.280000	0.280000	0.271228	
1000	0.272000	1.285828	1000	0.272000	0.272000	0.271232	
1000	0.276000	1.285828	1000	0.276000	0.276000	0.271256	
1000	0.294000	1.285828	1000	0.294000	0.294000	0.271373	
1000	0.277000	1.285828	1000	0.277000	0.277000	0.271402	
1000	0.262000	1.285828	1000	0.262000	0.262000	0.271354	
1000	0.271000	1.285828	1000	0.271000	0.271000	0.271352	
1000	0.293000	1.285828	1000	0.293000	0.293000	0.271461	
1000	0.254000	1.285828	1000	0.254000	0.254000	0.271374	
1000	0.290000	1.285828	1000	0.290000	0.290000	0.271466	
1000	0.324000	1.285828	1000	0.324000	0.324000	0.271726	
1000	0.269000	1.285828	1000	0.269000	0.269000	0.271713	
1000	0.257000	1.285828	1000	0.257000	0.257000	0.271641	
1000	0.280000	1.285828	1000	0.280000	0.280000	0.271682	
1000	0.255000	1.285828	1000	0.255000	0.255000	0.271601	
1000	0.275000	1.285828	1000	0.275000	0.275000	0.271617	
1000	0.297000	1.285828	1000	0.297000	0.297000	0.271739	
1000	0.214000	1.285828	1000	0.214000	0.214000	0.271463	
1000	0.280000	1.285828	1000	0.280000	0.280000	0.271503	
1000	0.247000	1.285828	1000	0.247000	0.247000	0.271387	
1000	0.293000	1.285828	1000	0.293000	0.293000	0.271489	
1000	0.295000	1.285828	1000	0.295000	0.295000	0.271600	
1000	0.279000	1.285828	1000	0.279000	0.279000	0.271634	
1000	0.279000	1.285828	1000	0.279000	0.279000	0.271669	
1000	0.278000	1.285828	1000	0.278000	0.278000	0.271698	
1000	0.266000	1.285828	1000	0.266000	0.266000	0.271672	
1000	0.254000	1.285828	1000	0.254000	0.254000	0.271590	
1000	0.307000	1.285828	1000	0.307000	0.307000	0.271752	
1000	0.279000	1.285828	1000	0.279000	0.279000	0.271785	
1000	0.272000	1.285828	1000	0.272000	0.272000	0.271786	
1000	0.306000	1.285828	1000	0.306000	0.306000	0.271940	
1000	0.261000	1.285828	1000	0.261000	0.261000	0.271891	
1000	0.262000	1.285828	1000	0.262000	0.262000	0.271847	
1000	0.262000	1.285828	1000	0.262000	0.262000	0.271803	
1000	0.284000	1.285828	1000	0.284000	0.284000	0.271857	
1000	0.277000	1.285828	1000	0.277000	0.277000	0.271880	
1000	0.259000	1.285828	1000	0.259000	0.259000	0.271823	
1000	0.278000	1.285828	1000	0.278000	0.278000	0.271850	
1000	0.248000	1.285828	1000	0.248000	0.248000	0.271747	
1000	0.283000	1.285828	1000	0.283000	0.283000	0.271795	
1000	0.275000	1.285828	1000	0.275000	0.275000	0.271809	
1000	0.266000	1.285828	1000	0.266000	0.266000	0.271784	
1000	0.288000	1.285828	1000	0.288000	0.288000	0.271854	
1000	0.284000	1.285828	1000	0.284000	0.284000	0.271905	
1000	0.267000	1.285828	1000	0.267000	0.267000	0.271884	
1000	0.275000	1.285828	1000	0.275000	0.275000	0.271898	
1000	0.270000	1.285828	1000	0.270000	0.270000	0.271890	
1000	0.291000	1.285828	1000	0.291000	0.291000	0.271970	
1000	0.259000	1.285828	1000	0.259000	0.259000	0.271916	
1000	0.280000	1.285828	1000	0.280000	0.280000	0.271949	
1000	0.266000	1.285828	1000	0.266000	0.266000	0.271924	
1000	0.302000	1.285828	1000	0.302000	0.302000	0.272048	
1000	0.276000	1.285828	1000	0.276000	0.276000	0.272064	
1000	0.284000	1.285828	1000	0.284000	0.284000	0.272113	
1000	0.255000	1.285828	1000	0.255000	0.255000	0.272044	
1000	0.274000	1.285828	1000	0.274000	0.274000	0.272052	
1000	0.244000	1.285828	1000	0.244000	0.244000	0.271938	
1000	0.245000	1.285828	1000	0.245000	0.245000	0.271830	
1000	0.273000	1.285828	1000	0.273000	0.273000	0.271835	
1000	0.311000	1.285828	1000	0.311000	0.311000	0.271991	
1000	0.291000	1.285828	1000	0.291000	0.291000	0.272066	
1000	0.275000	1.285828	1000	0.275000	0.275000	0.272078	
1000	0.277000	1.285828	1000	0.277000	0.277000	0.272097	
1000	0.281000	1.285828	1000	0.281000	0.281000	0.272132	
1000	0.269000	1.285828	1000	0.269000	0.269000	0.272120	
1000	0.277000	1.285828	1000	0.277000	0.277000	0.272139	
1000	0.300000	1.285828	1000	0.300000	0.300000	0.272247	
1000	0.245000	1.285828	1000	0.245000	0.245000	0.272142	
1000	0.266000	1.285828	1000	0.266000	0.266000	0.272118	
1000	0.272000	1.285828	1000	0.272000	0.272000	0.272118	
1000	0.297000	1.285828	1000	0.297000	0.297000	0.272213	
1000	0.274000	1.285828	1000	0.274000	0.274000	0.272219	
1000	0.284000	1.285828	1000	0.284000	0.284000	0.272264	
1000	0.296000	1.285828	1000	0.296000	0.296000	0.272354	
1000	0.264000	1.285828	1000	0.264000	0.264000	0.272322	
1000	0.280000	1.285828	1000	0.280000	0.280000	0.272351	
1000	0.294000	1.285828	1000	0.294000	0.294000	0.272432	
1000	0.256000	1.285828	1000	0.256000	0.256000	0.272371	
1000	0.300000	1.285828	1000	0.300000	0.300000	0.272473	
1000	0.292000	1.285828	1000	0.292000	0.292000	0.272545	
1000	0.269000	1.285828	1000	0.269000	0.269000	0.272532	
1000	0.298000	1.285828	1000	0.298000	0.298000	0.272625	
1000	0.280000	1.285828	1000	0.280000	0.280000	0.272652	
1000	0.246000	1.285828	1000	0.246000	0.246000	0.272555	
1000	0.243000	1.285828	1000	0.243000	0.243000	0.272448	
1000	0.271000	1.285828	1000	0.271000	0.271000	0.272443	
1000	0.251000	1.285828	1000	0.251000	0.251000	0.272366	
1000	0.318000	1.285828	1000	0.318000	0.318000	0.272529	
1000	0.251000	1.285828	1000	0.251000	0.251000	0.272453	
1000	0.289000	1.285828	1000	0.289000	0.289000	0.272511	
1000	0.297000	1.285828	1000	0.297000	0.297000	0.272598	
1000	0.277000	1.285828	1000	0.277000	0.277000	0.272614	
1000	0.271000	1.285828	1000	0.271000	0.271000	0.272608	
1000	0.264000	1.285828	1000	0.264000	0.264000	0.272578	
1000	0.271000	1.285828	1000	0.271000	0.271000	0.272572	
1000	0.245000	1.285828	1000	0.245000	0.245000	0.272476	
1000	0.268000	1.285828	1000	0.268000	0.268000	0.272461	
1000	0.249000	1.285828	1000	0.249000	0.249000	0.272380	
1000	0.259000	1.285828	1000	0.259000	0.259000	0.272334	
1000	0.277000	1.285828	1000	0.277000	0.277000	0.272350	
1000	0.276000	1.285828	1000	0.276000	0.276000	0.272362	
1000	0.294000	1.285828	1000	0.294000	0.294000	0.272436	
1000	0.279000	1.285828	1000	0.279000	0.279000	0.272458	
1000	0.297000	1.285828	1000	0.297000	0.297000	0.272541	
1000	0.262000	1.285828	1000	0.262000	0.262000	0.272506	
1000	0.266000	1.285828	1000	0.266000	0.266000	0.272484	
1000	0.285000	1.285828	1000	0.285000	0.285000	0.272526	
1000	0.308000	1.285828	1000	0.308000	0.308000	0.272645	
1000	0.268000	1.285828	1000	0.268000	0.268000	0.272629	
1000	0.258000	1.285828	1000	0.258000	0.258000	0.272580	
1000	0.294000	1.285828	1000	0.294000	0.294000	0.272651	
1000	0.263000	1.285828	1000	0.263000	0.263000	0.272620	
1000	0.275000	1.285828	1000	0.275000	0.275000	0.272627	
1000	0.288000	1.285828	1000	0.288000	0.288000	0.272678	
1000	0.287000	1.285828	1000	0.287000	0.287000	0.272725	
1000	0.274000	1.285828	1000	0.274000	0.274000	0.272729	
1000	0.271000	1.285828	1000	0.271000	0.271000	0.272723	
1000	0.288000	1.285828	1000	0.288000	0.288000	0.272773	
1000	0.258000	1.285828	1000	0.258000	0.258000	0.272725	
1000	0.267000	1.285828	1000	0.267000	0.267000	0.272707	
1000	0.282000	1.285828	1000	0.282000	0.282000	0.272736	
1000	0.281000	1.285828	1000	0.281000	0.281000	0.272763	
1000	0.236000	1.285828	1000	0.236000	0.236000	0.272646	
1000	0.304000	1.285828	1000	0.304000	0.304000	0.272745	
1000	0.282000	1.285828	1000	0.282000	0.282000	0.272774	
1000	0.265000	1.285828	1000	0.265000	0.265000	0.272750	
1000	0.284000	1.285828	1000	0.284000	0.284000	0.272785	
1000	0.267000	1.285828	1000	0.267000	0.267000	0.272767	
1000	0.271000	1.285828	1000	0.271000	0.271000	0.272762	
1000	0.283000	1.285828	1000	0.283000	0.283000	0.272794	
1000	0.263000	1.285828	1000	0.263000	0.263000	0.272763	
1000	0.275000	1.285828	1000	0.275000	0.275000	0.272770	
1000	0.271000	1.285828	1000	0.271000	0.271000	0.272765	
1000	0.247000	1.285828	1000	0.247000	0.247000	0.272685	
1000	0.274000	1.285828	1000	0.274000	0.274000	0.272689	
1000	0.271000	1.285828	1000	0.271000	0.271000	0.272684	
1000	0.266000	1.285828	1000	0.266000	0.266000	0.272664	
1000	0.272000	1.285828	1000	0.272000	0.272000	0.272662	
1000	0.274000	1.285828	1000	0.274000	0.274000	0.272666	
1000	0.294000	1.285828	1000	0.294000	0.294000	0.272730	
1000	0.305000	1.285828	1000	0.305000	0.305000	0.272827	
1000	0.275000	1.285828	1000	0.275000	0.275000	0.272834	
1000	0.291000	1.285828	1000	0.291000	0.291000	0.272888	
1000	0.272000	1.285828	1000	0.272000	0.272000	0.272886	
1000	0.265000	1.285828	1000	0.265000	0.265000	0.272862	
1000	0.265000	1.285828	1000	0.265000	0.265000	0.272839	
1000	0.258000	1.285828	1000	0.258000	0.258000	0.272795	
1000	0.306000	1.285828	1000	0.306000	0.306000	0.272893	
1000	0.286000	1.285828	1000	0.286000	0.286000	0.272932	
1000	0.256000	1.285828	1000	0.256000	0.256000	0.272882	
1000	0.274000	1.285828	1000	0.274000	0.274000	0.272885	
1000	0.262000	1.285828	1000	0.262000	0.262000	0.272853	
1000	0.267000	1.285828	1000	0.267000	0.267000	0.272836	
1000	0.261000	1.285828	1000	0.261000	0.261000	0.272802	
1000	0.288000	1.285828	1000	0.288000	0.288000	0.272846	
1000	0.277000	1.285828	1000	0.277000	0.277000	0.272858	
1000	0.251000	1.285828	1000	0.251000	0.251000	0.272795	
1000	0.275000	1.285828	1000	0.275000	0.275000	0.272802	
1000	0.237000	1.285828	1000	0.237000	0.237000	0.272699	
1000	0.271000	1.285828	1000	0.271000	0.271000	0.272694	
1000	0.276000	1.285828	1000	0.276000	0.276000	0.272704	
1000	0.264000	1.285828	1000	0.264000	0.264000	0.272679	
1000	0.263000	1.285828	1000	0.263000	0.263000	0.272652	
1000	0.263000	1.285828	1000	0.263000	0.263000	0.272625	
1000	0.279000	1.285828	1000	0.279000	0.279000	0.272642	
1000	0.284000	1.285828	1000	0.284000	0.284000	0.272674	
1000	0.253000	1.285828	1000	0.253000	0.253000	0.272619	
1000	0.301000	1.285828	1000	0.301000	0.301000	0.272698	
1000	0.267000	1.285828	1000	0.267000	0.267000	0.272683	
1000	0.262000	1.285828	1000	0.262000	0.262000	0.272653	
1000	0.274000	1.285828	1000	0.274000	0.274000	0.272657	
1000	0.281000	1.285828	1000	0.281000	0.281000	0.272680	
1000	0.247000	1.285828	1000	0.247000	0.247000	0.272609	
1000	0.278000	1.285828	1000	0.278000	0.278000	0.272624	
1000	0.261000	1.285828	1000	0.261000	0.261000	0.272592	
1000	0.249000	1.285828	1000	0.249000	0.249000	0.272528	
1000	0.289000	1.285828	1000	0.289000	0.289000	0.272573	
1000	0.295000	1.285828	1000	0.295000	0.295000	0.272633	
1000	0.261000	1.285828	1000	0.261000	0.261000	0.272602	
1000	0.277000	1.285828	1000	0.277000	0.277000	0.272614	
1000	0.278000	1.285828	1000	0.278000	0.278000	0.272628	
1000	0.256000	1.285828	1000	0.256000	0.256000	0.272584	
1000	0.299000	1.285828	1000	0.299000	0.299000	0.272654	
1000	0.296000	1.285828	1000	0.296000	0.296000	0.272717	
1000	0.280000	1.285828	1000	0.280000	0.280000	0.272736	
1000	0.270000	1.285828	1000	0.270000	0.270000	0.272729	
1000	0.273000	1.285828	1000	0.273000	0.273000	0.272729	
1000	0.271000	1.285828	1000	0.271000	0.271000	0.272725	
1000	0.267000	1.285828	1000	0.267000	0.267000	0.272710	
1000	0.278000	1.285828	1000	0.278000	0.278000	0.272724	
1000	0.277000	1.285828	1000	0.277000	0.277000	0.272735	
1000	0.278000	1.285828	1000	0.278000	0.278000	0.272749	
1000	0.249000	1.285828	1000	0.249000	0.249000	0.272687	
1000	0.292000	1.285828	1000	0.292000	0.292000	0.272737	
1000	0.270000	1.285828	1000	0.270000	0.270000	0.272730	
1000	0.283000	1.285828	1000	0.283000	0.283000	0.272756	
1000	0.288000	1.285828	1000	0.288000	0.288000	0.272796	
1000	0.282000	1.285828	1000	0.282000	0.282000	0.272819	
1000	0.284000	1.285828	1000	0.284000	0.284000	0.272848	
1000	0.302000	1.285828	1000	0.302000	0.302000	0.272923	
1000	0.257000	1.285828	1000	0.257000	0.257000	0.272882	
1000	0.260000	1.285828	1000	0.260000	0.260000	0.272849	
1000	0.299000	1.285828	1000	0.299000	0.299000	0.272916	
1000	0.285000	1.285828	1000	0.285000	0.285000	0.272946	
1000	0.271000	1.285828	1000	0.271000	0.271000	0.272941	
1000	0.251000	1.285828	1000	0.251000	0.251000	0.272886	
1000	0.286000	1.285828	1000	0.286000	0.286000	0.272919	
1000	0.297000	1.285828	1000	0.297000	0.297000	0.272979	
1000	0.259000	1.285828	1000	0.259000	0.259000	0.272944	
1000	0.275000	1.285828	1000	0.275000	0.275000	0.272949	
1000	0.265000	1.285828	1000	0.265000	0.265000	0.272930	
1000	0.306000	1.285828	1000	0.306000	0.306000	0.273012	
1000	0.301000	1.285828	1000	0.301000	0.301000	0.273081	
1000	0.271000	1.285828	1000	0.271000	0.271000	0.273076	
1000	0.238000	1.285828	1000	0.238000	0.238000	0.272989	
1000	0.245000	1.285828	1000	0.245000	0.245000	0.272921	
1000	0.287000	1.285828	1000	0.287000	0.287000	0.272955	
1000	0.263000	1.285828	1000	0.263000	0.263000	0.272931	
1000	0.272000	1.285828	1000	0.272000	0.272000	0.272929	
1000	0.280000	1.285828	1000	0.280000	0.280000	0.272946	
1000	0.291000	1.285828	1000	0.291000	0.291000	0.272990	
1000	0.264000	1.285828	1000	0.264000	0.264000	0.272968	
1000	0.281000	1.285828	1000	0.281000	0.281000	0.272987	
1000	0.244000	1.285828	1000	0.244000	0.244000	0.272917	
1000	0.300000	1.285828	1000	0.300000	0.300000	0.272983	
1000	0.249000	1.285828	1000	0.249000	0.249000	0.272925	
1000	0.254000	1.285828	1000	0.254000	0.254000	0.272880	
1000	0.282000	1.285828	1000	0.282000	0.282000	0.272901	
1000	0.297000	1.285828	1000	0.297000	0.297000	0.272959	
1000	0.269000	1.285828	1000	0.269000	0.269000	0.272949	
1000	0.288000	1.285828	1000	0.288000	0.288000	0.272985	
1000	0.285000	1.285828	1000	0.285000	0.285000	0.273014	
1000	0.279000	1.285828	1000	0.279000	0.279000	0.273028	
1000	0.293000	1.285828	1000	0.293000	0.293000	0.273075	
1000	0.279000	1.285828	1000	0.279000	0.279000	0.273089	
1000	0.292000	1.285828	1000	0.292000	0.292000	0.273133	
1000	0.254000	1.285828	1000	0.254000	0.254000	0.273088	
1000	0.306000	1.285828	1000	0.306000	0.306000	0.273165	
1000	0.277000	1.285828	1000	0.277000	0.277000	0.273174	
1000	0.244000	1.285828	1000	0.244000	0.244000	0.273106	
1000	0.289000	1.285828	1000	0.289000	0.289000	0.273143	
1000	0.277000	1.285828	1000	0.277000	0.277000	0.273152	
1000	0.279000	1.285828	1000	0.279000	0.279000	0.273165	
1000	0.275000	1.285828	1000	0.275000	0.275000	0.273169	
1000	0.279000	1.285828	1000	0.279000	0.279000	0.273183	
1000	0.248000	1.285828	1000	0.248000	0.248000	0.273125	
1000	0.298000	1.285828	1000	0.298000	0.298000	0.273182	
1000	0.274000	1.285828	1000	0.274000	0.274000	0.273184	
1000	0.264000	1.285828	1000	0.264000	0.264000	0.273163	
1000	0.254000	1.285828	1000	0.254000	0.254000	0.273120	
1000	0.292000	1.285828	1000	0.292000	0.292000	0.273162	
1000	0.263000	1.285828	1000	0.263000	0.263000	0.273139	
1000	0.281000	1.285828	1000	0.281000	0.281000	0.273157	
1000	0.243000	1.285828	1000	0.243000	0.243000	0.273089	
1000	0.273000	1.285828	1000	0.273000	0.273000	0.273089	
1000	0.279000	1.285828	1000	0.279000	0.279000	0.273102	
1000	0.268000	1.285828	1000	0.268000	0.268000	0.273091	
1000	0.284000	1.285828	1000	0.284000	0.284000	0.273115	
1000	0.281000	1.285828	1000	0.281000	0.281000	0.273133	
1000	0.272000	1.285828	1000	0.272000	0.272000	0.273130	
1000	0.276000	1.285828	1000	0.276000	0.276000	0.273137	
1000	0.262000	1.285828	1000	0.262000	0.262000	0.273112	
1000	0.271000	1.285828	1000	0.271000	0.271000	0.273107	
1000	0.273000	1.285828	1000	0.273000	0.273000	0.273107	
1000	0.273000	1.285828	1000	0.273000	0.273000	0.273107	
1000	0.274000	1.285828	1000	0.274000	0.274000	0.273109	
1000	0.252000	1.285828	1000	0.252000	0.252000	0.273063	
1000	0.260000	1.285828	1000	0.260000	0.260000	0.273034	
1000	0.280000	1.285828	1000	0.280000	0.280000	0.273049	
1000	0.262000	1.285828	1000	0.262000	0.262000	0.273025	
1000	0.249000	1.285828	1000	0.249000	0.249000	0.272973	
1000	0.291000	1.285828	1000	0.291000	0.291000	0.273012	
1000	0.227000	1.285828	1000	0.227000	0.227000	0.272913	
1000	0.260000	1.285828	1000	0.260000	0.260000	0.272885	
1000	0.276000	1.285828	1000	0.276000	0.276000	0.272892	
1000	0.316000	1.285828	1000	0.316000	0.316000	0.272984	
1000	0.276000	1.285828	1000	0.276000	0.276000	0.272991	
1000	0.251000	1.285828	1000	0.251000	0.251000	0.272944	
1000	0.287000	1.285828	1000	0.287000	0.287000	0.272974	
1000	0.277000	1.285828	1000	0.277000	0.277000	0.272982	
1000	0.253000	1.285828	1000	0.253000	0.253000	0.272940	
1000	0.290000	1.285828	1000	0.290000	0.290000	0.272976	
1000	0.278000	1.285828	1000	0.278000	0.278000	0.272987	
1000	0.302000	1.285828	1000	0.302000	0.302000	0.273048	
1000	0.261000	1.285828	1000	0.261000	0.261000	0.273023	
1000	0.280000	1.285828	1000	0.280000	0.280000	0.273037	
1000	0.287000	1.285828	1000	0.287000	0.287000	0.273066	
1000	0.257000	1.285828	1000	0.257000	0.257000	0.273033	
1000	0.268000	1.285828	1000	0.268000	0.268000	0.273022	
1000	0.300000	1.285828	1000	0.300000	0.300000	0.273078	
1000	0.276000	1.285828	1000	0.276000	0.276000	0.273084	
1000	0.258000	1.285828	1000	0.258000	0.258000	0.273053	
1000	0.290000	1.285828	1000	0.290000	0.290000	0.273088	
1000	0.276000	1.285828	1000	0.276000	0.276000	0.273094	
1000	0.283000	1.285828	1000	0.283000	0.283000	0.273115	
1000	0.289000	1.285828	1000	0.289000	0.289000	0.273147	
1000	0.258000	1.285828	1000	0.258000	0.258000	0.273116	
1000	0.282000	1.285828	1000	0.282000	0.282000	0.273134	
1000	0.262000	1.285828	1000	0.262000	0.262000	0.273112	
1000	0.262000	1.285828	1000	0.262000	0.262000	0.273089	
1000	0.263000	1.285828	1000	0.263000	0.263000	0.273069	
1000	0.312000	1.285828	1000	0.312000	0.312000	0.273148	
1000	0.260000	1.285828	1000	0.260000	0.260000	0.273121	
1000	0.249000	1.285828	1000	0.249000	0.249000	0.273072	
1000	0.286000	1.285828	1000	0.286000	0.286000	0.273098	
1000	0.286000	1.285828	1000	0.286000	0.286000	0.273124	
1000	0.277000	1.285828	1000	0.277000	0.277000	0.273132	
1000	0.232000	1.285828	1000	0.232000	0.232000	0.273050	
1000	0.271000	1.285828	1000	0.271000	0.271000	0.273045	
1000	0.277000	1.285828	1000	0.277000	0.277000	0.273053	
1000	0.283000	1.285828	1000	0.283000	0.283000	0.273073	
1000	0.291000	1.285828	1000	0.291000	0.291000	0.273109	
1000	0.259000	1.285828	1000	0.259000	0.259000	0.273081	
1000	0.263000	1.285828	1000	0.263000	0.263000	0.273061	
1000	0.275000	1.285828	1000	0.275000	0.275000	0.273065	
1000	0.261000	1.285828	1000	0.261000	0.261000	0.273041	
1000	0.257000	1.285828	1000	0.257000	0.257000	0.273009	
1000	0.294000	1.285828	1000	0.294000	0.294000	0.273051	
1000	0.257000	1.285828	1000	0.257000	0.257000	0.273019	
1000	0.259000	1.285828	1000	0.259000	0.259000	0.272992	
1000	0.256000	1.285828	1000	0.256000	0.256000	0.272958	
1000	0.259000	1.285828	1000	0.259000	0.259000	0.272931	
1000	0.307000	1.285828	1000	0.307000	0.307000	0.272998	
1000	0.283000	1.285828	1000	0.283000	0.283000	0.273017	
1000	0.301000	1.285828	1000	0.301000	0.301000	0.273071	
1000	0.289000	1.285828	1000	0.289000	0.289000	0.273102	
1000	0.264000	1.285828	1000	0.264000	0.264000	0.273084	
1000	0.276000	1.285828	1000	0.276000	0.276000	0.273090	
1000	0.279000	1.285828	1000	0.279000	0.279000	0.273101	
1000	0.255000	1.285828	1000	0.255000	0.255000	0.273067	
1000	0.276000	1.285828	1000	0.276000	0.276000	0.273072	
1000	0.272000	1.285828	1000	0.272000	0.272000	0.273070	
1000	0.285000	1.285828	1000	0.285000	0.285000	0.273093	
1000	0.276000	1.285828	1000	0.276000	0.276000	0.273099	
1000	0.261000	1.285828	1000	0.261000	0.261000	0.273076	
1000	0.268000	1.285828	1000	0.268000	0.268000	0.273066	
1000	0.230000	1.285828	1000	0.230000	0.230000	0.272984	
1000	0.269000	1.285828	1000	0.269000	0.269000	0.272977	
1000	0.298000	1.285828	1000	0.298000	0.298000	0.273024	
1000	0.286000	1.285828	1000	0.286000	0.286000	0.273048	
1000	0.277000	1.285828	1000	0.277000	0.277000	0.273056	
1000	0.254000	1.285828	1000	0.254000	0.254000	0.273020	
1000	0.297000	1.285828	1000	0.297000	0.297000	0.273065	
1000	0.260000	1.285828	1000	0.260000	0.260000	0.273041	
1000	0.279000	1.285828	1000	0.279000	0.279000	0.273052	
1000	0.273000	1.285828	1000	0.273000	0.273000	0.273052	
1000	0.266000	1.285828	1000	0.266000	0.266000	0.273039	
1000	0.257000	1.285828	1000	0.257000	0.257000	0.273009	
1000	0.278000	1.285828	1000	0.278000	0.278000	0.273018	
1000	0.261000	1.285828	1000	0.261000	0.261000	0.272996	
1000	0.277000	1.285828	1000	0.277000	0.277000	0.273003	
1000	0.280000	1.285828	1000	0.280000	0.280000	0.273016	
1000	0.264000	1.285828	1000	0.264000	0.264000	0.272999	
1000	0.262000	1.285828	1000	0.262000	0.262000	0.272979	
1000	0.239000	1.285828	1000	0.239000	0.239000	0.272917	
1000	0.287000	1.285828	1000	0.287000	0.287000	0.272943	
1000	0.266000	1.285828	1000	0.266000	0.266000	0.272930	
1000	0.278000	1.285828	1000	0.278000	0.278000	0.272939	
1000	0.266000	1.285828	1000	0.266000	0.266000	0.272927	
1000	0.241000	1.285828	1000	0.241000	0.241000	0.272869	
1000	0.283000	1.285828	1000	0.283000	0.283000	0.272887	
1000	0.268000	1.285828	1000	0.268000	0.268000	0.272878	
1000	0.257000	1.285828	1000	0.257000	0.257000	0.272850	
1000	0.251000	1.285828	1000	0.251000	0.251000	0.272810	
1000	0.271000	1.285828	1000	0.271000	0.271000	0.272807	
1000	0.298000	1.285828	1000	0.298000	0.298000	0.272852	
1000	0.264000	1.285828	1000	0.264000	0.264000	0.272836	
1000	0.267000	1.285828	1000	0.267000	0.267000	0.272826	
1000	0.267000	1.285828	1000	0.267000	0.267000	0.272816	
1000	0.274000	1.285828	1000	0.274000	0.274000	0.272818	
1000	0.289000	1.285828	1000	0.289000	0.289000	0.272846	
1000	0.265000	1.285828	1000	0.265000	0.265000	0.272833	
1000	0.279000	1.285828	1000	0.279000	0.279000	0.272843	
1000	0.257000	1.285828	1000	0.257000	0.257000	0.272815	
1000	0.294000	1.285828	1000	0.294000	0.294000	0.272853	
1000	0.268000	1.285828	1000	0.268000	0.268000	0.272844	
1000	0.277000	1.285828	1000	0.277000	0.277000	0.272852	
1000	0.281000	1.285828	1000	0.281000	0.281000	0.272866	
1000	0.267000	1.285828	1000	0.267000	0.267000	0.272856	
1000	0.280000	1.285828	1000	0.280000	0.280000	0.272868	
1000	0.283000	1.285828	1000	0.283000	0.283000	0.272886	
1000	0.269000	1.285828	1000	0.269000	0.269000	0.272879	
1000	0.300000	1.285828	1000	0.300000	0.300000	0.272926	
1000	0.266000	1.285828	1000	0.266000	0.266000	0.272914	
1000	0.250000	1.285828	1000	0.250000	0.250000	0.272875	
1000	0.251000	1.285828	1000	0.251000	0.251000	0.272837	
1000	0.298000	1.285828	1000	0.298000	0.298000	0.272880	
1000	0.288000	1.285828	1000	0.288000	0.288000	0.272906	
1000	0.293000	1.285828	1000	0.293000	0.293000	0.272941	
1000	0.299000	1.285828	1000	0.299000	0.299000	0.272986	
1000	0.255000	1.285828	1000	0.255000	0.255000	0.272955	
1000	0.285000	1.285828	1000	0.285000	0.285000	0.272976	
1000	0.279000	1.285828	1000	0.279000	0.279000	0.272986	
1000	0.252000	1.285828	1000	0.252000	0.252000	0.272950	
1000	0.269000	1.285828	1000	0.269000	0.269000	0.272943	
1000	0.293000	1.285828	1000	0.293000	0.293000	0.272977	
1000	0.289000	1.285828	1000	0.289000	0.289000	0.273005	
1000	0.319000	1.285828	1000	0.319000	0.319000	0.273083	
1000	0.277000	1.285828	1000	0.277000	0.277000	0.273089	
1000	0.267000	1.285828	1000	0.267000	0.267000	0.273079	
1000	0.290000	1.285828	1000	0.290000	0.290000	0.273108	
1000	0.280000	1.285828	1000	0.280000	0.280000	0.273119	
1000	0.269000	1.285828	1000	0.269000	0.269000	0.273112	
1000	0.304000	1.285828	1000	0.304000	0.304000	0.273164	
1000	0.275000	1.285828	1000	0.275000	0.275000	0.273167	
1000	0.295000	1.285828	1000	0.295000	0.295000	0.273204	
1000	0.260000	1.285828	1000	0.260000	0.260000	0.273182	
1000	0.280000	1.285828	1000	0.280000	0.280000	0.273193	
1000	0.293000	1.285828	1000	0.293000	0.293000	0.273226	
1000	0.268000	1.285828	1000	0.268000	0.268000	0.273218	
1000	0.270000	1.285828	1000	0.270000	0.270000	0.273212	
1000	0.263000	1.285828	1000	0.263000	0.263000	0.273195	
1000	0.269000	1.285828	1000	0.269000	0.269000	0.273188	
1000	0.263000	1.285828	1000	0.263000	0.263000	0.273171	
1000	0.274000	1.285828	1000	0.274000	0.274000	0.273173	
1000	0.258000	1.285828	1000	0.258000	0.258000	0.273148	
1000	0.283000	1.285828	1000	0.283000	0.283000	0.273164	
1000	0.284000	1.285828	1000	0.284000	0.284000	0.273182	
1000	0.276000	1.285828	1000	0.276000	0.276000	0.273186	
1000	0.278000	1.285828	1000	0.278000	0.278000	0.273194	
1000	0.273000	1.285828	1000	0.273000	0.273000	0.273194	
1000	0.305000	1.285828	1000	0.305000	0.305000	0.273246	
1000	0.285000	1.285828	1000	0.285000	0.285000	0.273265	
1000	0.283000	1.285828	1000	0.283000	0.283000	0.273281	
1000	0.275000	1.285828	1000	0.275000	0.275000	0.273284	
1000	0.290000	1.285828	1000	0.290000	0.290000	0.273311	
1000	0.293000	1.285828	1000	0.293000	0.293000	0.273343	
1000	0.293000	1.285828	1000	0.293000	0.293000	0.273374	
1000	0.312000	1.285828	1000	0.312000	0.312000	0.273437	
1000	0.270000	1.285828	1000	0.270000	0.270000	0.273431	
1000	0.265000	1.285828	1000	0.265000	0.265000	0.273418	
1000	0.270000	1.285828	1000	0.270000	0.270000	0.273412	
1000	0.256000	1.285828	1000	0.256000	0.256000	0.273384	
1000	0.275000	1.285828	1000	0.275000	0.275000	0.273387	
1000	0.263000	1.285828	1000	0.263000	0.263000	0.273370	
1000	0.290000	1.285828	1000	0.290000	0.290000	0.273397	
1000	0.276000	1.285828	1000	0.276000	0.276000	0.273401	
1000	0.302000	1.285828	1000	0.302000	0.302000	0.273446	
1000	0.267000	1.285828	1000	0.267000	0.267000	0.273436	
1000	0.239000	1.285828	1000	0.239000	0.239000	0.273382	
1000	0.279000	1.285828	1000	0.279000	0.279000	0.273390	
1000	0.256000	1.285828	1000	0.256000	0.256000	0.273363	
1000	0.253000	1.285828	1000	0.253000	0.253000	0.273331	
1000	0.288000	1.285828	1000	0.288000	0.288000	0.273354	
1000	0.268000	1.285828	1000	0.268000	0.268000	0.273345	
1000	0.263000	1.285828	1000	0.263000	0.263000	0.273329	
1000	0.263000	1.285828	1000	0.263000	0.263000	0.273313	
1000	0.290000	1.285828	1000	0.290000	0.290000	0.273339	
1000	0.294000	1.285828	1000	0.294000	0.294000	0.273371	
1000	0.263000	1.285828	1000	0.263000	0.263000	0.273355	
1000	0.243000	1.285828	1000	0.243000	0.243000	0.273308	
1000	0.283000	1.285828	1000	0.283000	0.283000	0.273323	
1000	0.271000	1.285828	1000	0.271000	0.271000	0.273319	
1000	0.287000	1.285828	1000	0.287000	0.287000	0.273341	
1000	0.268000	1.285828	1000	0.268000	0.268000	0.273332	
1000	0.275000	1.285828	1000	0.275000	0.275000	0.273335	
1000	0.278000	1.285828	1000	0.278000	0.278000	0.273342	
1000	0.265000	1.285828	1000	0.265000	0.265000	0.273329	
1000	0.272000	1.285828	1000	0.272000	0.272000	0.273327	
1000	0.275000	1.285828	1000	0.275000	0.275000	0.273330	
1000	0.269000	1.285828	1000	0.269000	0.269000	0.273323	
1000	0.275000	1.285828	1000	0.275000	0.275000	0.273326	
1000	0.305000	1.285828	1000	0.305000	0.305000	0.273374	
1000	0.263000	1.285828	1000	0.263000	0.263000	0.273358	
1000	0.311000	1.285828	1000	0.311000	0.311000	0.273416	
1000	0.241000	1.285828	1000	0.241000	0.241000	0.273366	
1000	0.279000	1.285828	1000	0.279000	0.279000	0.273375	
1000	0.272000	1.285828	1000	0.272000	0.272000	0.273373	
1000	0.278000	1.285828	1000	0.278000	0.278000	0.273380	
1000	0.259000	1.285828	1000	0.259000	0.259000	0.273358	
1000	0.251000	1.285828	1000	0.251000	0.251000	0.273324	
1000	0.283000	1.285828	1000	0.283000	0.283000	0.273339	
1000	0.278000	1.285828	1000	0.278000	0.278000	0.273346	
1000	0.272000	1.285828	1000	0.272000	0.272000	0.273344	
1000	0.298000	1.285828	1000	0.298000	0.298000	0.273381	
1000	0.279000	1.285828	1000	0.279000	0.279000	0.273389	
1000	0.271000	1.285828	1000	0.271000	0.271000	0.273386	
1000	0.281000	1.285828	1000	0.281000	0.281000	0.273397	
1000	0.278000	1.285828	1000	0.278000	0.278000	0.273404	
1000	0.296000	1.285828	1000	0.296000	0.296000	0.273438	
1000	0.290000	1.285828	1000	0.290000	0.290000	0.273462	
1000	0.266000	1.285828	1000	0.266000	0.266000	0.273451	
1000	0.257000	1.285828	1000	0.257000	0.257000	0.273427	
1000	0.240000	1.285828	1000	0.240000	0.240000	0.273377	
1000	0.290000	1.285828	1000	0.290000	0.290000	0.273402	
1000	0.272000	1.285828	1000	0.272000	0.272000	0.273400	
1000	0.256000	1.285828	1000	0.256000	0.256000	0.273374	
1000	0.286000	1.285828	1000	0.286000	0.286000	0.273393	
1000	0.303000	1.285828	1000	0.303000	0.303000	0.273436	
1000	0.288000	1.285828	1000	0.288000	0.288000	0.273458	
1000	0.287000	1.285828	1000	0.287000	0.287000	0.273478	
1000	0.295000	1.285828	1000	0.295000	0.295000	0.273509	
1000	0.258000	1.285828	1000	0.258000	0.258000	0.273486	
1000	0.301000	1.285828	1000	0.301000	0.301000	0.273527	
1000	0.270000	1.285828	1000	0.270000	0.270000	0.273521	
1000	0.247000	1.285828	1000	0.247000	0.247000	0.273483	
1000	0.279000	1.285828	1000	0.279000	0.279000	0.273491	
1000	0.245000	1.285828	1000	0.245000	0.245000	0.273450	
1000	0.281000	1.285828	1000	0.281000	0.281000	0.273460	
1000	0.249000	1.285828	1000	0.249000	0.249000	0.273425	
1000	0.299000	1.285828	1000	0.299000	0.299000	0.273462	
1000	0.262000	1.285828	1000	0.262000	0.262000	0.273445	
1000	0.268000	1.285828	1000	0.268000	0.268000	0.273438	
1000	0.261000	1.285828	1000	0.261000	0.261000	0.273420	
1000	0.256000	1.285828	1000	0.256000	0.256000	0.273395	
1000	0.231000	1.285828	1000	0.231000	0.231000	0.273334	
1000	0.271000	1.285828	1000	0.271000	0.271000	0.273331	
1000	0.309000	1.285828	1000	0.309000	0.309000	0.273382	
1000	0.287000	1.285828	1000	0.287000	0.287000	0.273401	
1000	0.241000	1.285828	1000	0.241000	0.241000	0.273355	
1000	0.293000	1.285828	1000	0.293000	0.293000	0.273383	
1000	0.285000	1.285828	1000	0.285000	0.285000	0.273399	
1000	0.299000	1.285828	1000	0.299000	0.299000	0.273436	
1000	0.283000	1.285828	1000	0.283000	0.283000	0.273449	
1000	0.302000	1.285828	1000	0.302000	0.302000	0.273490	
1000	0.262000	1.285828	1000	0.262000	0.262000	0.273473	
1000	0.256000	1.285828	1000	0.256000	0.256000	0.273449	
1000	0.277000	1.285828	1000	0.277000	0.277000	0.273454	
1000	0.290000	1.285828	1000	0.290000	0.290000	0.273477	
1000	0.264000	1.285828	1000	0.264000	0.264000	0.273464	
1000	0.274000	1.285828	1000	0.274000	0.274000	0.273465	
1000	0.310000	1.285828	1000	0.310000	0.310000	0.273516	
1000	0.281000	1.285828	1000	0.281000	0.281000	0.273526	
1000	0.306000	1.285828	1000	0.306000	0.306000	0.273572	
1000	0.286000	1.285828	1000	0.286000	0.286000	0.273589	
1000	0.304000	1.285828	1000	0.304000	0.304000	0.273631	
1000	0.268000	1.285828	1000	0.268000	0.268000	0.273624	
1000	0.295000	1.285828	1000	0.295000	0.295000	0.273653	
1000	0.266000	1.285828	1000	0.266000	0.266000	0.273643	
1000	0.252000	1.285828	1000	0.252000	0.252000	0.273613	
1000	0.272000	1.285828	1000	0.272000	0.272000	0.273610	
1000	0.300000	1.285828	1000	0.300000	0.300000	0.273647	
1000	0.284000	1.285828	1000	0.284000	0.284000	0.273661	
1000	0.278000	1.285828	1000	0.278000	0.278000	0.273667	
1000	0.285000	1.285828	1000	0.285000	0.285000	0.273683	
1000	0.288000	1.285828	1000	0.288000	0.288000	0.273703	
1000	0.291000	1.285828	1000	0.291000	0.291000	0.273726	
1000	0.246000	1.285828	1000	0.246000	0.246000	0.273688	
1000	0.267000	1.285828	1000	0.267000	0.267000	0.273679	
1000	0.285000	1.285828	1000	0.285000	0.285000	0.273695	
1000	0.305000	1.285828	1000	0.305000	0.305000	0.273737	
1000	0.267000	1.285828	1000	0.267000	0.267000	0.273728	
1000	0.288000	1.285828	1000	0.288000	0.288000	0.273748	
1000	0.277000	1.285828	1000	0.277000	0.277000	0.273752	
1000	0.264000	1.285828	1000	0.264000	0.264000	0.273739	
1000	0.291000	1.285828	1000	0.291000	0.291000	0.273762	
1000	0.274000	1.285828	1000	0.274000	0.274000	0.273763	
1000	0.291000	1.285828	1000	0.291000	0.291000	0.273786	
1000	0.281000	1.285828	1000	0.281000	0.281000	0.273796	
1000	0.273000	1.285828	1000	0.273000	0.273000	0.273795	
1000	0.255000	1.285828	1000	0.255000	0.255000	0.273769	
1000	0.287000	1.285828	1000	0.287000	0.287000	0.273787	
1000	0.277000	1.285828	1000	0.277000	0.277000	0.273791	
1000	0.264000	1.285828	1000	0.264000	0.264000	0.273778	
1000	0.247000	1.285828	1000	0.247000	0.247000	0.273742	
1000	0.239000	1.285828	1000	0.239000	0.239000	0.273696	
1000	0.287000	1.285828	1000	0.287000	0.287000	0.273714	
1000	0.273000	1.285828	1000	0.273000	0.273000	0.273713	
1000	0.273000	1.285828	1000	0.273000	0.273000	0.273712	
1000	0.265000	1.285828	1000	0.265000	0.265000	0.273700	
1000	0.268000	1.285828	1000	0.268000	0.268000	0.273692	
1000	0.282000	1.285828	1000	0.282000	0.282000	0.273703	
1000	0.250000	1.285828	1000	0.250000	0.250000	0.273672	
1000	0.252000	1.285828	1000	0.252000	0.252000	0.273643	
1000	0.291000	1.285828	1000	0.291000	0.291000	0.273666	
1000	0.246000	1.285828	1000	0.246000	0.246000	0.273630	
1000	0.238000	1.285828	1000	0.238000	0.238000	0.273583	
1000	0.266000	1.285828	1000	0.266000	0.266000	0.273573	
1000	0.288000	1.285828	1000	0.288000	0.288000	0.273592	
1000	0.290000	1.285828	1000	0.290000	0.290000	0.273613	
1000	0.287000	1.285828	1000	0.287000	0.287000	0.273631	
1000	0.278000	1.285828	1000	0.278000	0.278000	0.273637	
1000	0.273000	1.285828	1000	0.273000	0.273000	0.273636	
1000	0.271000	1.285828	1000	0.271000	0.271000	0.273632	
1000	0.263000	1.285828	1000	0.263000	0.263000	0.273618	
1000	0.276000	1.285828	1000	0.276000	0.276000	0.273622	
1000	0.257000	1.285828	1000	0.257000	0.257000	0.273600	
1000	0.285000	1.285828	1000	0.285000	0.285000	0.273615	
1000	0.284000	1.285828	1000	0.284000	0.284000	0.273628	
1000	0.286000	1.285828	1000	0.286000	0.286000	0.273644	
1000	0.271000	1.285828	1000	0.271000	0.271000	0.273641	
1000	0.272000	1.285828	1000	0.272000	0.272000	0.273639	
1000	0.273000	1.285828	1000	0.273000	0.273000	0.273638	
1000	0.238000	1.285828	1000	0.238000	0.238000	0.273592	
1000	0.301000	1.285828	1000	0.301000	0.301000	0.273627	
1000	0.282000	1.285828	1000	0.282000	0.282000	0.273638	
1000	0.296000	1.285828	1000	0.296000	0.296000	0.273667	
1000	0.292000	1.285828	1000	0.292000	0.292000	0.273690	
1000	0.302000	1.285828	1000	0.302000	0.302000	0.273727	
1000	0.289000	1.285828	1000	0.289000	0.289000	0.273746	
1000	0.272000	1.285828	1000	0.272000	0.272000	0.273744	
1000	0.288000	1.285828	1000	0.288000	0.288000	0.273762	
1000	0.272000	1.285828	1000	0.272000	0.272000	0.273760	
1000	0.271000	1.285828	1000	0.271000	0.271000	0.273756	
1000	0.276000	1.285828	1000	0.276000	0.276000	0.273759	
1000	0.274000	1.285828	1000	0.274000	0.274000	0.273759	
1000	0.282000	1.285828	1000	0.282000	0.282000	0.273770	
1000	0.266000	1.285828	1000	0.266000	0.266000	0.273760	
1000	0.273000	1.285828	1000	0.273000	0.273000	0.273759	
1000	0.261000	1.285828	1000	0.261000	0.261000	0.273743	
1000	0.284000	1.285828	1000	0.284000	0.284000	0.273756	
1000	0.266000	1.285828	1000	0.266000	0.266000	0.273746	
1000	0.269000	1.285828	1000	0.269000	0.269000	0.273740	
1000	0.261000	1.285828	1000	0.261000	0.261000	0.273724	
1000	0.257000	1.285828	1000	0.257000	0.257000	0.273703	
1000	0.253000	1.285828	1000	0.253000	0.253000	0.273677	
1000	0.275000	1.285828	1000	0.275000	0.275000	0.273679	
1000	0.303000	1.285828	1000	0.303000	0.303000	0.273716	
1000	0.285000	1.285828	1000	0.285000	0.285000	0.273730	
1000	0.273000	1.285828	1000	0.273000	0.273000	0.273729	
1000	0.286000	1.285828	1000	0.286000	0.286000	0.273744	
1000	0.253000	1.285828	1000	0.253000	0.253000	0.273718	
1000	0.290000	1.285828	1000	0.290000	0.290000	0.273738	
1000	0.237000	1.285828	1000	0.237000	0.237000	0.273693	
1000	0.259000	1.285828	1000	0.259000	0.259000	0.273675	
1000	0.260000	1.285828	1000	0.260000	0.260000	0.273658	
1000	0.290000	1.285828	1000	0.290000	0.290000	0.273678	
1000	0.256000	1.285828	1000	0.256000	0.256000	0.273656	
1000	0.235000	1.285828	1000	0.235000	0.235000	0.273608	
1000	0.284000	1.285828	1000	0.284000	0.284000	0.273621	
1000	0.291000	1.285828	1000	0.291000	0.291000	0.273643	
1000	0.251000	1.285828	1000	0.251000	0.251000	0.273615	
1000	0.257000	1.285828	1000	0.257000	0.257000	0.273594	
1000	0.254000	1.285828	1000	0.254000	0.254000	0.273570	
1000	0.291000	1.285828	1000	0.291000	0.291000	0.273592	
1000	0.258000	1.285828	1000	0.258000	0.258000	0.273572	
1000	0.254000	1.285828	1000	0.254000	0.254000	0.273549	
1000	0.282000	1.285828	1000	0.282000	0.282000	0.273559	
1000	0.263000	1.285828	1000	0.263000	0.263000	0.273546	
1000	0.262000	1.285828	1000	0.262000	0.262000	0.273532	
1000	0.256000	1.285828	1000	0.256000	0.256000	0.273511	
1000	0.250000	1.285828	1000	0.250000	0.250000	0.273482	
1000	0.268000	1.285828	1000	0.268000	0.268000	0.273475	
1000	0.287000	1.285828	1000	0.287000	0.287000	0.273492	
1000	0.293000	1.285828	1000	0.293000	0.293000	0.273515	
1000	0.265000	1.285828	1000	0.265000	0.265000	0.273505	
1000	0.275000	1.285828	1000	0.275000	0.275000	0.273507	
1000	0.241000	1.285828	1000	0.241000	0.241000	0.273468	
1000	0.269000	1.285828	1000	0.269000	0.269000	0.273462	
1000	0.279000	1.285828	1000	0.279000	0.279000	0.273469	
1000	0.286000	1.285828	1000	0.286000	0.286000	0.273484	
1000	0.285000	1.285828	1000	0.285000	0.285000	0.273498	
1000	0.257000	1.285828	1000	0.257000	0.257000	0.273478	
1000	0.280000	1.285828	1000	0.280000	0.280000	0.273486	
1000	0.254000	1.285828	1000	0.254000	0.254000	0.273463	
1000	0.287000	1.285828	1000	0.287000	0.287000	0.273479	
1000	0.279000	1.285828	1000	0.279000	0.279000	0.273485	
1000	0.292000	1.285828	1000	0.292000	0.292000	0.273507	
1000	0.282000	1.285828	1000	0.282000	0.282000	0.273518	
1000	0.264000	1.285828	1000	0.264000	0.264000	0.273506	
1000	0.279000	1.285828	1000	0.279000	0.279000	0.273513	
1000	0.248000	1.285828	1000	0.248000	0.248000	0.273482	
1000	0.252000	1.285828	1000	0.252000	0.252000	0.273457	
1000	0.298000	1.285828	1000	0.298000	0.298000	0.273486	
1000	0.264000	1.285828	1000	0.264000	0.264000	0.273475	
1000	0.269000	1.285828	1000	0.269000	0.269000	0.273470	
1000	0.275000	1.285828	1000	0.275000	0.275000	0.273471	
1000	0.260000	1.285828	1000	0.260000	0.260000	0.273456	
1000	0.267000	1.285828	1000	0.267000	0.267000	0.273448	
1000	0.291000	1.285828	1000	0.291000	0.291000	0.273469	
1000	0.275000	1.285828	1000	0.275000	0.275000	0.273470	
1000	0.296000	1.285828	1000	0.296000	0.296000	0.273497	
1000	0.254000	1.285828	1000	0.254000	0.254000	0.273474	
1000	0.285000	1.285828	1000	0.285000	0.285000	0.273487	
1000	0.272000	1.285828	1000	0.272000	0.272000	0.273486	
1000	0.256000	1.285828	1000	0.256000	0.256000	0.273465	
1000	0.273000	1.285828	1000	0.273000	0.273000	0.273465	
1000	0.271000	1.285828	1000	0.271000	0.271000	0.273462	
1000	0.276000	1.285828	1000	0.276000	0.276000	0.273465	
1000	0.279000	1.285828	1000	0.279000	0.279000	0.273471	
1000	0.296000	1.285828	1000	0.296000	0.296000	0.273497	
1000	0.271000	1.285828	1000	0.271000	0.271000	0.273494	
1000	0.296000	1.285828	1000	0.296000	0.296000	0.273521	
1000	0.253000	1.285828	1000	0.253000	0.253000	0.273497	
1000	0.280000	1.285828	1000	0.280000	0.280000	0.273504	
1000	0.277000	1.285828	1000	0.277000	0.277000	0.273508	
1000	0.249000	1.285828	1000	0.249000	0.249000	0.273480	
1000	0.245000	1.285828	1000	0.245000	0.245000	0.273447	
1000	0.278000	1.285828	1000	0.278000	0.278000	0.273453	
1000	0.301000	1.285828	1000	0.301000	0.301000	0.273484	
1000	0.241000	1.285828	1000	0.241000	0.241000	0.273447	
1000	0.273000	1.285828	1000	0.273000	0.273000	0.273446	
1000	0.295000	1.285828	1000	0.295000	0.295000	0.273471	
1000	0.303000	1.285828	1000	0.303000	0.303000	0.273505	
1000	0.272000	1.285828	1000	0.272000	0.272000	0.273503	
1000	0.260000	1.285828	1000	0.260000	0.260000	0.273488	
1000	0.266000	1.285828	1000	0.266000	0.266000	0.273479	
1000	0.279000	1.285828	1000	0.279000	0.279000	0.273485	
1000	0.284000	1.285828	1000	0.284000	0.284000	0.273497	
1000	0.269000	1.285828	1000	0.269000	0.269000	0.273492	
1000	0.283000	1.285828	1000	0.283000	0.283000	0.273503	
1000	0.260000	1.285828	1000	0.260000	0.260000	0.273488	
1000	0.300000	1.285828	1000	0.300000	0.300000	0.273518	
1000	0.287000	1.285828	1000	0.287000	0.287000	0.273533	
1000	0.265000	1.285828	1000	0.265000	0.265000	0.273523	
1000	0.288000	1.285828	1000	0.288000	0.288000	0.273540	
1000	0.254000	1.285828	1000	0.254000	0.254000	0.273518	
1000	0.262000	1.285828	1000	0.262000	0.262000	0.273505	
1000	0.285000	1.285828	1000	0.285000	0.285000	0.273518	
1000	0.298000	1.285828	1000	0.298000	0.298000	0.273545	
1000	0.277000	1.285828	1000	0.277000	0.277000	0.273549	
1000	0.282000	1.285828	1000	0.282000	0.282000	0.273558	
1000	0.247000	1.285828	1000	0.247000	0.247000	0.273529	
1000	0.269000	1.285828	1000	0.269000	0.269000	0.273524	
1000	0.272000	1.285828	1000	0.272000	0.272000	0.273522	
1000	0.281000	1.285828	1000	0.281000	0.281000	0.273530	
1000	0.290000	1.285828	1000	0.290000	0.290000	0.273549	
1000	0.262000	1.285828	1000	0.262000	0.262000	0.273536	
1000	0.286000	1.285828	1000	0.286000	0.286000	0.273550	
1000	0.266000	1.285828	1000	0.266000	0.266000	0.273541	
1000	0.267000	1.285828	1000	0.267000	0.267000	0.273534	
1000	0.256000	1.285828	1000	0.256000	0.256000	0.273515	
1000	0.264000	1.285828	1000	0.264000	0.264000	0.273504	
1000	0.241000	1.285828	1000	0.241000	0.241000	0.273468	
1000	0.269000	1.285828	1000	0.269000	0.269000	0.273463	
1000	0.274000	1.285828	1000	0.274000	0.274000	0.273464	
1000	0.296000	1.285828	1000	0.296000	0.296000	0.273489	
1000	0.279000	1.285828	1000	0.279000	0.279000	0.273495	
1000	0.248000	1.285828	1000	0.248000	0.248000	0.273467	
1000	0.263000	1.285828	1000	0.263000	0.263000	0.273455	
1000	0.272000	1.285828	1000	0.272000	0.272000	0.273454	
1000	0.265000	1.285828	1000	0.265000	0.265000	0.273444	
1000	0.258000	1.285828	1000	0.258000	0.258000	0.273427	
1000	0.295000	1.285828	1000	0.295000	0.295000	0.273451	
1000	0.254000	1.285828	1000	0.254000	0.254000	0.273430	
1000	0.257000	1.285828	1000	0.257000	0.257000	0.273412	
1000	0.283000	1.285828	1000	0.283000	0.283000	0.273422	
1000	0.302000	1.285828	1000	0.302000	0.302000	0.273453	
1000	0.276000	1.285828	1000	0.276000	0.276000	0.273456	
1000	0.264000	1.285828	1000	0.264000	0.264000	0.273446	
1000	0.250000	1.285828	1000	0.250000	0.250000	0.273421	
1000	0.275000	1.285828	1000	0.275000	0.275000	0.273422	
1000	0.302000	1.285828	1000	0.302000	0.302000	0.273453	
1000	0.280000	1.285828	1000	0.280000	0.280000	0.273460	
1000	0.276000	1.285828	1000	0.276000	0.276000	0.273463	
1000	0.287000	1.285828	1000	0.287000	0.287000	0.273478	
1000	0.301000	1.285828	1000	0.301000	0.301000	0.273507	
1000	0.271000	1.285828	1000	0.271000	0.271000	0.273505	
1000	0.277000	1.285828	1000	0.277000	0.277000	0.273508	
1000	0.268000	1.285828	1000	0.268000	0.268000	0.273502	
1000	0.268000	1.285828	1000	0.268000	0.268000	0.273496	
1000	0.256000	1.285828	1000	0.256000	0.256000	0.273478	
1000	0.270000	1.285828	1000	0.270000	0.270000	0.273474	
1000	0.245000	1.285828	1000	0.245000	0.245000	0.273444	
1000	0.251000	1.285828	1000	0.251000	0.251000	0.273420	
1000	0.324000	1.285828	1000	0.324000	0.324000	0.273474	
1000	0.280000	1.285828	1000	0.280000	0.280000	0.273481	
1000	0.305000	1.285828	1000	0.305000	0.305000	0.273514	
1000	0.261000	1.285828	1000	0.261000	0.261000	0.273501	
1000	0.280000	1.285828	1000	0.280000	0.280000	0.273508	
1000	0.299000	1.285828	1000	0.299000	0.299000	0.273535	
1000	0.289000	1.285828	1000	0.289000	0.289000	0.273551	
1000	0.287000	1.285828	1000	0.287000	0.287000	0.273565	
1000	0.269000	1.285828	1000	0.269000	0.269000	0.273561	
1000	0.258000	1.285828	1000	0.258000	0.258000	0.273544	
1000	0.254000	1.285828	1000	0.254000	0.254000	0.273523	
1000	0.272000	1.285828	1000	0.272000	0.272000	0.273522	
1000	0.295000	1.285828	1000	0.295000	0.295000	0.273544	
1000	0.307000	1.285828	1000	0.307000	0.307000	0.273580	
1000	0.294000	1.285828	1000	0.294000	0.294000	0.273601	
1000	0.255000	1.285828	1000	0.255000	0.255000	0.273582	
1000	0.258000	1.285828	1000	0.258000	0.258000	0.273565	
1000	0.288000	1.285828	1000	0.288000	0.288000	0.273580	
1000	0.268000	1.285828	1000	0.268000	0.268000	0.273575	
1000	0.289000	1.285828	1000	0.289000	0.289000	0.273591	
1000	0.237000	1.285828	1000	0.237000	0.237000	0.273552	
1000	0.281000	1.285828	1000	0.281000	0.281000	0.273560	
1000	0.266000	1.285828	1000	0.266000	0.266000	0.273552	
1000	0.255000	1.285828	1000	0.255000	0.255000	0.273533	
1000	0.281000	1.285828	1000	0.281000	0.281000	0.273541	
1000	0.270000	1.285828	1000	0.270000	0.270000	0.273537	
1000	0.297000	1.285828	1000	0.297000	0.297000	0.273562	
1000	0.267000	1.285828	1000	0.267000	0.267000	0.273555	
1000	0.282000	1.285828	1000	0.282000	0.282000	0.273563	
1000	0.291000	1.285828	1000	0.291000	0.291000	0.273581	
1000	0.276000	1.285828	1000	0.276000	0.276000	0.273584	
1000	0.300000	1.285828	1000	0.300000	0.300000	0.273611	
1000	0.286000	1.285828	1000	0.286000	0.286000	0.273624	
1000	0.283000	1.285828	1000	0.283000	0.283000	0.273634	
1000	0.285000	1.285828	1000	0.285000	0.285000	0.273645	
1000	0.269000	1.285828	1000	0.269000	0.269000	0.273641	
1000	0.270000	1.285828	1000	0.270000	0.270000	0.273637	
1000	0.272000	1.285828	1000	0.272000	0.272000	0.273635	
1000	0.275000	1.285828	1000	0.275000	0.275000	0.273637	
1000	0.293000	1.285828	1000	0.293000	0.293000	0.273656	
1000	0.253000	1.285828	1000	0.253000	0.253000	0.273635	
1000	0.294000	1.285828	1000	0.294000	0.294000	0.273656	
1000	0.271000	1.285828	1000	0.271000	0.271000	0.273653	
1000	0.275000	1.285828	1000	0.275000	0.275000	0.273655	
1000	0.293000	1.285828	1000	0.293000	0.293000	0.273675	
1000	0.273000	1.285828	1000	0.273000	0.273000	0.273674	
1000	0.270000	1.285828	1000	0.270000	0.270000	0.273670	
1000	0.269000	1.285828	1000	0.269000	0.269000	0.273665	
1000	0.280000	1.285828	1000	0.280000	0.280000	0.273672	
1000	0.247000	1.285828	1000	0.247000	0.247000	0.273645	
1000	0.284000	1.285828	1000	0.284000	0.284000	0.273655	
1000	0.287000	1.285828	1000	0.287000	0.287000	0.273669	
1000	0.283000	1.285828	1000	0.283000	0.283000	0.273678	
1000	0.278000	1.285828	1000	0.278000	0.278000	0.273683	
1000	0.305000	1.285828	1000	0.305000	0.305000	0.273714	
1000	0.285000	1.285828	1000	0.285000	0.285000	0.273726	
1000	0.260000	1.285828	1000	0.260000	0.260000	0.273712	
1000	0.275000	1.285828	1000	0.275000	0.275000	0.273713	
1000	0.302000	1.285828	1000	0.302000	0.302000	0.273741	
1000	0.251000	1.285828	1000	0.251000	0.251000	0.273719	
1000	0.272000	1.285828	1000	0.272000	0.272000	0.273717	
1000	0.260000	1.285828	1000	0.260000	0.260000	0.273703	
1000	0.286000	1.285828	1000	0.286000	0.286000	0.273715	
1000	0.272000	1.285828	1000	0.272000	0.272000	0.273714	
1000	0.269000	1.285828	1000	0.269000	0.269000	0.273709	
1000	0.260000	1.285828	1000	0.260000	0.260000	0.273695	
1000	0.285000	1.285828	1000	0.285000	0.285000	0.273707	
1000	0.294000	1.285828	1000	0.294000	0.294000	0.273727	
1000	0.275000	1.285828	1000	0.275000	0.275000	0.273728	
1000	0.269000	1.285828	1000	0.269000	0.269000	0.273723	
1000	0.283000	1.285828	1000	0.283000	0.283000	0.273733	
1000	0.262000	1.285828	1000	0.262000	0.262000	0.273721	
1000	0.260000	1.285828	1000	0.260000	0.260000	0.273707	
1000	0.268000	1.285828	1000	0.268000	0.268000	0.273702	
